#@seed 1780
#@graphSize 15
#@graphDepth 2
#@sdComp 1
#@sdComm 10.0
#@CCR 10
#@nbproc 3
#@minmk 13.0486

prio;cost;placement;desc;BIM;ins;bsa;makespan;time
2;0;0;2;1;1;1;1.0;3.59
2;0;0;2;1;1;0;1.0;5.82
2;0;1;2;0;1;0;0.9926;1.53
2;0;1;2;0;1;1;0.9926;1.98
2;0;1;2;1;1;0;0.9669;2.43
2;0;1;2;1;1;1;0.9669;2.72
2;0;0;2;0;0;0;0.9565;2.57
2;0;0;2;0;1;0;0.9565;3.93
2;0;0;2;0;0;1;0.9565;4.22
2;0;0;2;0;1;1;0.9565;4.61
2;0;1;2;1;0;0;0.9321;2.34
2;0;1;2;1;0;1;0.9321;2.88
2;0;0;2;1;0;1;0.9321;5.22
2;0;0;2;1;0;0;0.9321;7.23
3;3;2;2;0;0;0;0.8978;0.86
3;2;2;2;0;1;0;0.8978;0.88
3;3;2;2;0;1;0;0.8978;0.88
3;2;2;2;1;1;0;0.8978;0.89
3;1;2;2;0;0;0;0.8978;0.9
3;3;2;2;1;1;0;0.8978;0.91
3;0;0;2;0;1;0;0.8978;0.95
3;2;0;2;0;1;0;0.8978;0.95
3;2;2;2;0;0;0;0.8978;0.97
3;2;2;2;1;0;0;0.8978;0.97
3;1;2;2;0;1;0;0.8978;1.0
3;3;1;2;0;1;0;0.8978;1.02
3;2;2;2;0;0;1;0.8978;1.06
3;2;2;2;0;1;1;0.8978;1.07
3;3;2;2;1;1;1;0.8978;1.08
3;1;0;2;0;1;1;0.8978;1.1
3;2;2;2;1;0;1;0.8978;1.1
3;2;0;2;0;1;1;0.8978;1.11
3;1;2;2;0;0;1;0.8978;1.2
3;2;2;2;1;1;1;0.8978;1.2
3;1;2;2;1;1;1;0.8978;1.21
3;3;1;2;0;1;1;0.8978;1.22
3;3;2;2;0;0;1;0.8978;1.23
3;1;2;2;1;0;0;0.8978;1.24
3;4;1;2;0;1;0;0.8978;1.25
3;1;2;2;1;1;0;0.8978;1.32
3;1;2;2;0;1;1;0.8978;1.35
3;3;0;2;0;1;1;0.8978;1.37
3;1;0;2;0;1;0;0.8978;1.41
3;0;0;2;0;1;1;0.8978;1.43
3;3;1;2;0;0;1;0.8978;1.61
3;5;2;2;1;0;0;0.8978;1.65
3;4;2;2;0;0;0;0.8978;1.68
3;4;2;2;1;0;0;0.8978;1.68
3;5;2;2;0;0;0;0.8978;1.68
3;4;0;2;0;1;0;0.8978;1.69
3;5;2;2;0;1;0;0.8978;1.7
3;3;0;2;0;1;0;0.8978;1.71
3;4;2;2;0;1;0;0.8978;1.71
3;4;2;2;1;1;0;0.8978;1.73
3;2;1;2;0;0;0;0.8978;1.74
3;5;2;2;1;1;0;0.8978;1.74
3;1;2;2;1;0;1;0.8978;1.79
3;5;0;2;0;1;0;0.8978;1.82
3;0;2;2;0;0;0;0.8978;1.84
3;0;1;2;0;1;0;0.8978;1.94
3;4;1;2;0;0;0;0.8978;1.94
3;0;1;2;0;0;0;0.8978;1.96
3;0;2;2;1;1;0;0.8978;2.0
3;4;2;2;1;1;1;0.8978;2.01
3;3;1;2;0;0;0;0.8978;2.03
3;5;2;2;1;0;1;0.8978;2.04
3;0;2;2;1;0;0;0.8978;2.05
3;4;2;2;0;0;1;0.8978;2.05
3;4;0;2;0;1;1;0.8978;2.06
3;5;2;2;0;1;1;0.8978;2.06
3;4;2;2;0;1;1;0.8978;2.07
3;5;2;2;0;0;1;0.8978;2.07
3;5;2;2;1;1;1;0.8978;2.07
3;0;0;2;1;1;0;0.8978;2.08
3;2;0;2;1;1;0;0.8978;2.08
3;5;1;2;0;1;0;0.8978;2.08
3;0;2;2;0;1;0;0.8978;2.08
3;4;2;2;1;0;1;0.8978;2.09
3;5;0;2;0;1;1;0.8978;2.1
3;5;1;2;0;0;0;0.8978;2.1
3;1;0;2;1;1;0;0.8978;2.2
3;0;2;2;1;1;1;0.8978;2.23
3;0;1;2;0;0;1;0.8978;2.3
3;3;2;2;0;1;1;0.8978;2.32
3;2;0;2;1;1;1;0.8978;2.35
3;4;1;2;0;1;1;0.8978;2.35
3;4;1;2;0;0;1;0.8978;2.36
3;1;1;2;0;0;0;0.8978;2.38
3;0;2;2;0;0;1;0.8978;2.44
3;3;2;2;1;0;0;0.8978;2.47
3;0;1;2;0;1;1;0.8978;2.48
3;5;1;2;0;0;1;0.8978;2.5
3;5;1;2;0;1;1;0.8978;2.5
3;1;1;2;0;1;0;0.8978;2.55
3;2;1;2;0;0;1;0.8978;2.64
3;0;5;2;0;1;0;0.8978;2.7
3;0;2;2;0;1;1;0.8978;2.71
3;1;5;2;0;1;0;0.8978;2.71
3;2;5;2;0;1;0;0.8978;2.78
3;1;0;2;1;1;1;0.8978;2.81
3;0;2;2;1;0;1;0.8978;2.81
3;2;4;2;1;1;1;0.8978;2.86
3;0;5;2;0;1;1;0.8978;2.9
3;2;1;2;1;0;1;0.8978;2.95
3;1;1;2;0;0;1;0.8978;2.97
3;3;0;2;1;1;1;0.8978;2.98
3;1;1;2;0;1;1;0.8978;3.0
3;3;2;2;1;0;1;0.8978;3.0
3;0;4;2;1;1;1;0.8978;3.12
3;1;5;2;0;1;1;0.8978;3.18
3;3;1;2;1;0;0;0.8978;3.21
3;3;1;2;1;1;1;0.8978;3.41
3;2;1;2;0;1;0;0.8978;3.44
3;2;4;2;1;1;0;0.8978;3.46
3;5;4;2;1;1;1;0.8978;3.46
3;2;5;2;0;1;1;0.8978;3.58
3;3;1;2;1;0;1;0.8978;3.59
3;2;1;2;1;1;1;0.8978;3.66
3;2;1;2;1;0;0;0.8978;3.75
3;4;1;2;1;0;0;0.8978;4.0
3;5;0;2;1;1;0;0.8978;4.02
3;4;0;2;1;1;0;0.8978;4.09
3;2;1;2;0;1;1;0.8978;4.1
3;5;1;2;1;1;0;0.8978;4.21
3;3;1;2;1;1;0;0.8978;4.25
3;5;1;2;1;0;0;0.8978;4.28
3;2;1;2;1;1;0;0.8978;4.34
3;5;0;2;1;1;1;0.8978;4.38
3;0;1;2;1;0;0;0.8978;4.41
3;0;4;2;1;1;0;0.8978;4.5
3;4;0;2;1;1;1;0.8978;4.53
3;5;4;2;1;1;0;0.8978;4.59
3;5;1;2;1;1;1;0.8978;4.61
3;4;1;2;1;0;1;0.8978;4.65
3;0;0;2;1;1;1;0.8978;4.66
3;1;4;2;1;1;0;0.8978;4.66
3;3;0;2;1;1;0;0.8978;4.73
3;4;4;2;1;1;0;0.8978;4.76
3;4;1;2;1;1;0;0.8978;4.87
3;0;1;2;1;1;0;0.8978;4.89
3;1;1;2;1;0;1;0.8978;4.9
3;5;1;2;1;0;1;0.8978;4.93
3;0;1;2;1;0;1;0.8978;4.94
3;3;4;2;1;1;0;0.8978;4.94
3;1;4;2;1;1;1;0.8978;4.96
3;4;1;2;1;1;1;0.8978;5.02
3;4;4;2;1;1;1;0.8978;5.05
3;3;5;2;0;1;0;0.8978;5.07
3;4;5;2;0;1;0;0.8978;5.1
3;5;5;2;0;1;0;0.8978;5.2
3;1;1;2;1;1;1;0.8978;5.21
3;3;4;2;1;1;1;0.8978;5.28
3;4;5;2;0;1;1;0.8978;5.32
3;5;5;2;0;1;1;0.8978;5.5
3;3;5;2;0;1;1;0.8978;5.78
3;1;1;2;1;0;0;0.8978;5.88
3;1;1;2;1;1;0;0.8978;6.38
3;0;1;2;1;1;1;0.8978;7.01
2;0;1;2;0;0;0;0.8958;2.45
2;0;1;2;0;0;1;0.8958;2.94
2;3;4;1;0;1;0;0.8528;2.03
2;3;4;1;0;1;1;0.8528;2.58
2;4;4;1;0;1;0;0.8528;3.89
2;4;4;1;0;1;1;0.8528;7.45
3;0;0;2;0;0;0;0.846;0.86
3;2;0;2;0;0;0;0.846;0.88
3;3;0;2;0;0;0;0.846;0.88
3;5;0;2;0;0;0;0.846;1.01
3;0;0;2;0;0;1;0.846;1.06
3;1;0;2;0;0;1;0.846;1.07
3;2;0;2;0;0;1;0.846;1.15
3;1;0;2;0;0;0;0.846;1.23
3;5;0;2;0;0;1;0.846;1.58
3;4;0;2;0;0;0;0.846;1.65
3;3;0;2;0;0;1;0.846;1.86
3;1;0;2;1;0;0;0.846;2.01
3;3;0;2;1;0;0;0.846;2.06
3;4;0;2;0;0;1;0.846;2.1
3;2;0;2;1;0;1;0.846;2.28
3;0;0;2;1;0;1;0.846;2.33
3;3;0;2;1;0;1;0.846;2.43
3;2;4;2;1;0;0;0.846;2.45
3;2;0;2;1;0;0;0.846;2.47
3;2;4;2;1;0;1;0.846;2.58
3;5;5;2;0;0;0;0.846;2.64
3;1;0;2;1;0;1;0.846;2.66
3;0;5;2;0;0;0;0.846;2.75
3;4;4;2;1;0;0;0.846;2.8
3;2;5;2;0;0;1;0.846;2.88
3;2;5;2;0;0;0;0.846;2.89
3;0;0;2;1;0;0;0.846;3.59
3;3;4;2;1;0;0;0.846;3.6
3;0;5;2;0;0;1;0.846;3.66
3;3;4;2;1;0;1;0.846;3.73
3;4;0;2;1;0;0;0.846;3.84
3;5;0;2;1;0;0;0.846;3.87
3;1;4;2;1;0;0;0.846;3.95
3;4;4;2;1;0;1;0.846;4.21
3;4;0;2;1;0;1;0.846;4.23
3;5;0;2;1;0;1;0.846;4.42
3;5;5;2;0;0;1;0.846;4.42
3;0;4;2;1;0;0;0.846;4.45
3;5;4;2;1;0;0;0.846;4.64
3;0;4;2;1;0;1;0.846;4.73
3;5;4;2;1;0;1;0.846;4.78
3;3;5;2;0;0;0;0.846;4.9
3;1;5;2;0;0;0;0.846;4.96
3;4;5;2;0;0;0;0.846;4.97
3;1;4;2;1;0;1;0.846;5.23
3;4;5;2;0;0;1;0.846;5.29
3;3;5;2;0;0;1;0.846;5.32
3;1;5;2;0;0;1;0.846;5.65
5;4;2;2;0;1;0;0.7993;0.97
5;4;2;2;1;1;0;0.7993;0.98
5;1;2;2;0;1;0;0.7993;0.99
5;3;2;2;0;1;0;0.7993;1.02
5;0;2;2;1;1;0;0.7993;1.03
5;3;2;2;0;1;1;0.7993;1.22
5;0;2;2;1;1;1;0.7993;1.23
5;1;2;2;1;1;1;0.7993;1.23
5;4;2;2;0;1;1;0.7993;1.23
5;1;2;2;0;1;1;0.7993;1.26
5;3;2;2;1;1;1;0.7993;1.51
5;1;2;2;1;1;0;0.7993;1.54
5;3;2;2;1;1;0;0.7993;1.88
5;4;2;2;1;1;1;0.7993;2.15
5;0;2;2;0;1;0;0.7993;2.67
5;0;2;2;0;1;1;0.7993;3.33
0;0;4;0;1;0;0;0.7321;1.63
0;3;4;0;1;1;0;0.7321;1.73
5;4;4;0;1;0;0;0.7321;1.77
5;3;4;0;1;0;0;0.7321;1.89
0;1;4;0;1;0;1;0.7321;1.92
5;3;4;0;1;0;1;0.7321;1.96
0;0;5;0;0;0;0;0.7321;1.97
5;0;4;0;1;1;1;0.7321;2.0
5;4;5;0;0;0;0;0.7321;2.11
5;0;4;0;1;1;0;0.7321;2.12
0;4;5;0;0;1;1;0.7321;2.22
0;3;4;0;1;1;1;0.7321;2.44
0;4;4;0;1;0;0;0.7321;2.45
0;3;4;0;1;0;1;0.7321;2.48
5;3;4;0;1;1;0;0.7321;2.48
0;4;5;0;0;1;0;0.7321;2.78
5;1;5;0;0;0;0;0.7321;2.86
5;4;4;0;1;1;1;0.7321;2.93
0;1;5;0;0;0;0;0.7321;3.09
5;4;5;0;0;1;0;0.7321;3.11
0;4;4;0;1;0;1;0.7321;3.18
5;4;5;0;0;1;1;0.7321;3.22
0;3;4;0;1;0;0;0.7321;3.25
0;1;4;0;1;0;0;0.7321;3.29
0;0;4;0;1;1;0;0.7321;3.3
5;0;4;0;1;0;0;0.7321;3.36
0;4;4;0;1;1;0;0.7321;3.38
0;0;4;0;1;1;1;0.7321;3.46
5;1;4;0;1;1;1;0.7321;3.56
5;3;4;0;1;1;1;0.7321;3.58
0;1;4;0;1;1;0;0.7321;3.59
0;0;4;0;1;0;1;0.7321;3.62
0;1;4;0;1;1;1;0.7321;3.65
0;4;5;0;0;0;0;0.7321;3.72
5;0;4;0;1;0;1;0.7321;3.72
0;4;4;0;1;1;1;0.7321;3.74
0;3;5;0;0;0;0;0.7321;3.75
0;1;5;0;0;1;0;0.7321;3.87
0;0;5;0;0;1;0;0.7321;3.89
5;0;5;0;0;0;0;0.7321;3.89
5;4;4;0;1;0;1;0.7321;3.93
5;3;5;0;0;0;0;0.7321;3.93
0;1;5;0;0;1;1;0.7321;3.95
5;0;5;0;0;1;0;0.7321;4.07
0;0;5;0;0;0;1;0.7321;4.08
5;1;5;0;0;0;1;0.7321;4.08
5;3;5;0;0;1;0;0.7321;4.09
0;4;5;0;0;0;1;0.7321;4.11
5;0;5;0;0;1;1;0.7321;4.14
0;0;5;0;0;1;1;0.7321;4.16
0;1;5;0;0;0;1;0.7321;4.17
0;3;5;0;0;1;1;0.7321;4.17
5;1;5;0;0;1;0;0.7321;4.19
0;3;5;0;0;1;0;0.7321;4.21
5;4;4;0;1;1;0;0.7321;4.27
5;0;5;0;0;0;1;0.7321;4.34
5;3;5;0;0;0;1;0.7321;4.39
0;3;5;0;0;0;1;0.7321;4.41
5;1;5;0;0;1;1;0.7321;4.43
5;3;5;0;0;1;1;0.7321;4.45
5;1;4;0;1;0;0;0.7321;4.48
5;1;4;0;1;1;0;0.7321;5.21
5;4;5;0;0;0;1;0.7321;5.42
5;1;4;0;1;0;1;0.7321;5.61
1;5;0;0;0;0;0;0.7081;0.69
1;2;0;0;0;0;0;0.7081;0.7
1;4;0;0;0;0;0;0.7081;0.7
1;4;0;0;0;1;0;0.7081;0.71
1;5;0;0;0;1;0;0.7081;0.71
1;0;0;0;0;1;0;0.7081;0.78
1;1;0;0;0;0;0;0.7081;0.86
1;0;0;0;0;0;0;0.7081;0.9
1;2;0;0;0;0;1;0.7081;0.9
1;5;0;0;0;1;1;0.7081;0.9
1;0;0;0;0;0;1;0.7081;0.92
1;4;0;0;0;0;1;0.7081;0.93
1;4;0;0;0;1;1;0.7081;1.1
1;2;0;0;0;1;0;0.7081;1.11
1;1;0;0;0;0;1;0.7081;1.12
1;1;0;0;0;1;0;0.7081;1.13
1;5;0;0;0;0;1;0.7081;1.33
1;3;0;0;0;1;0;0.7081;1.37
1;3;0;0;0;0;0;0.7081;1.51
1;0;0;0;0;1;1;0.7081;1.58
1;2;0;0;0;1;1;0.7081;1.78
1;3;0;0;0;0;1;0.7081;1.81
1;1;0;0;0;1;1;0.7081;1.82
1;3;0;0;0;1;1;0.7081;2.17
4;3;0;0;0;1;0;0.7032;0.84
4;2;0;0;0;1;0;0.7032;0.85
4;2;0;0;0;0;0;0.7032;0.87
4;0;0;0;0;0;0;0.7032;0.91
4;4;0;0;0;1;0;0.7032;1.0
4;0;0;0;0;0;1;0.7032;1.01
4;0;0;0;0;1;0;0.7032;1.01
4;2;0;0;0;0;1;0.7032;1.01
4;3;0;0;0;0;1;0.7032;1.02
4;4;0;0;0;1;1;0.7032;1.04
4;5;0;0;0;1;1;0.7032;1.04
4;3;0;0;0;1;1;0.7032;1.06
2;0;1;0;0;0;0;0.7032;1.27
2;0;1;0;0;1;1;0.7032;1.35
2;0;1;0;0;0;1;0.7032;1.38
4;2;0;0;0;1;1;0.7032;1.49
2;0;1;0;0;1;0;0.7032;1.5
4;1;0;0;0;0;0;0.7032;1.56
4;1;0;0;0;1;0;0.7032;1.63
4;4;0;0;0;0;0;0.7032;1.63
4;3;0;0;0;0;0;0.7032;1.66
4;5;0;0;0;0;0;0.7032;1.67
4;5;0;0;0;1;0;0.7032;1.72
4;0;0;0;0;1;1;0.7032;1.9
4;1;0;0;0;0;1;0.7032;1.92
4;5;0;0;0;0;1;0.7032;1.94
4;1;0;0;0;1;1;0.7032;1.96
2;0;0;0;0;0;0;0.7032;2.0
2;0;0;0;0;1;0;0.7032;2.01
4;4;0;0;0;0;1;0.7032;2.08
2;0;0;0;0;1;1;0.7032;2.36
2;0;0;0;0;0;1;0.7032;2.37
0;2;0;0;0;0;0;0.6978;0.74
0;3;0;0;0;0;0;0.6978;0.74
0;1;0;0;0;1;0;0.6978;0.76
0;2;0;0;0;1;0;0.6978;0.77
0;4;0;0;0;0;0;0.6978;0.79
6;3;0;0;0;0;0;0.6978;0.86
0;0;0;0;0;1;0;0.6978;0.87
5;2;0;0;0;0;0;0.6978;0.87
5;2;0;0;0;1;0;0.6978;0.87
6;2;0;0;0;1;0;0.6978;0.87
6;5;0;0;0;1;0;0.6978;0.87
0;2;0;2;0;0;0;0.6978;0.88
0;2;0;2;0;1;0;0.6978;0.88
6;3;0;0;0;1;0;0.6978;0.88
0;2;0;0;0;0;1;0.6978;0.89
5;3;0;0;0;1;0;0.6978;0.89
6;4;0;0;0;0;0;0.6978;0.91
0;2;0;0;0;1;1;0.6978;0.92
0;0;0;0;0;1;1;0.6978;0.94
6;2;1;0;0;0;0;0.6978;0.94
5;3;0;0;0;0;0;0.6978;0.95
0;1;0;0;0;1;1;0.6978;0.96
5;5;1;0;0;1;0;0.6978;0.96
0;4;0;0;0;0;1;0.6978;0.97
6;4;0;0;0;1;0;0.6978;0.97
6;4;1;0;0;0;0;0.6978;0.97
5;2;0;2;0;0;0;0.6978;0.98
0;3;1;0;0;1;0;0.6978;0.99
5;2;0;2;0;1;0;0.6978;0.99
6;2;0;2;0;0;0;0.6978;1.0
0;2;0;2;0;1;1;0.6978;1.01
6;2;0;2;0;1;0;0.6978;1.02
6;2;0;0;0;1;1;0.6978;1.04
6;3;0;0;0;0;1;0.6978;1.05
0;2;0;2;0;0;1;0.6978;1.06
5;5;1;0;0;0;0;0.6978;1.06
6;4;0;0;0;0;1;0.6978;1.06
6;3;0;0;0;1;1;0.6978;1.07
6;5;0;0;0;0;0;0.6978;1.1
5;3;0;0;0;0;1;0.6978;1.11
5;3;0;0;0;1;1;0.6978;1.11
5;5;1;0;0;1;1;0.6978;1.15
6;2;1;0;0;0;1;0.6978;1.17
5;5;1;0;0;0;1;0.6978;1.19
6;2;0;2;0;0;1;0.6978;1.21
6;2;1;0;0;1;0;0.6978;1.21
6;4;0;0;0;1;1;0.6978;1.25
5;2;0;0;0;0;1;0.6978;1.3
0;4;1;0;0;0;0;0.6978;1.33
5;2;0;2;0;0;1;0.6978;1.36
5;2;1;0;0;1;0;0.6978;1.37
6;2;0;0;0;0;1;0.6978;1.39
0;1;0;0;0;0;0;0.6978;1.41
0;4;0;0;0;1;0;0.6978;1.41
0;1;0;0;0;0;1;0.6978;1.44
0;3;0;0;0;1;0;0.6978;1.44
0;5;0;0;0;0;0;0.6978;1.44
5;0;1;0;0;1;1;0.6978;1.47
6;5;0;2;0;0;0;0.6978;1.47
6;5;0;0;0;0;1;0.6978;1.49
0;0;0;0;0;0;0;0.6978;1.5
0;5;0;0;0;1;0;0.6978;1.52
0;0;0;0;0;0;1;0.6978;1.58
0;3;1;0;0;0;0;0.6978;1.61
0;5;1;0;0;1;0;0.6978;1.61
6;0;0;0;0;0;0;0.6978;1.61
6;0;0;0;0;1;0;0.6978;1.63
5;1;0;0;0;0;0;0.6978;1.64
0;1;1;0;0;1;0;0.6978;1.65
5;2;0;2;0;1;1;0.6978;1.65
6;2;1;0;0;1;1;0.6978;1.65
0;4;1;0;0;0;1;0.6978;1.66
0;0;0;2;0;0;0;0.6978;1.67
0;0;0;2;0;1;0;0.6978;1.67
5;1;0;0;0;1;0;0.6978;1.68
6;1;0;0;0;1;0;0.6978;1.7
0;3;0;0;0;0;1;0.6978;1.72
6;0;1;0;0;0;0;0.6978;1.72
0;2;1;0;0;1;0;0.6978;1.73
5;4;0;0;0;1;0;0.6978;1.73
6;5;0;0;0;1;1;0.6978;1.75
0;3;0;0;0;1;1;0.6978;1.77
5;0;1;0;0;0;0;0.6978;1.78
6;2;0;2;0;1;1;0.6978;1.78
6;1;1;0;0;0;0;0.6978;1.78
5;4;1;0;0;0;0;0.6978;1.81
6;5;1;0;0;1;0;0.6978;1.83
5;4;1;0;0;1;0;0.6978;1.86
6;0;0;2;0;0;0;0.6978;1.86
6;4;1;0;0;0;1;0.6978;1.86
6;4;1;0;0;1;0;0.6978;1.86
6;5;0;2;0;0;1;0.6978;1.87
6;3;1;0;0;1;0;0.6978;1.88
5;1;1;0;0;1;0;0.6978;1.89
5;2;1;0;0;0;0;0.6978;1.89
6;3;1;0;0;0;0;0.6978;1.89
5;5;0;2;0;1;0;0.6978;1.9
6;0;0;0;0;0;1;0.6978;1.91
6;0;0;2;0;1;0;0.6978;1.91
6;1;1;0;0;1;0;0.6978;1.91
0;0;0;2;0;1;1;0.6978;1.92
5;5;0;0;0;0;0;0.6978;1.92
6;1;0;0;0;0;0;0.6978;1.92
5;5;0;2;0;0;0;0.6978;1.93
6;5;0;2;0;1;0;0.6978;1.94
6;0;1;0;0;1;0;0.6978;1.95
6;5;1;0;0;0;0;0.6978;1.95
0;0;0;2;0;0;1;0.6978;1.96
5;1;0;0;0;0;1;0.6978;1.96
0;4;0;0;0;1;1;0.6978;1.97
0;4;1;0;0;1;0;0.6978;1.97
5;3;1;0;0;0;0;0.6978;1.97
0;3;1;0;0;0;1;0.6978;1.98
5;0;1;0;0;1;0;0.6978;1.98
6;1;0;0;0;0;1;0.6978;2.02
6;4;1;0;0;1;1;0.6978;2.02
0;2;1;0;0;1;1;0.6978;2.03
0;5;0;2;0;0;0;0.6978;2.04
0;1;1;0;0;1;1;0.6978;2.04
0;1;1;0;0;0;0;0.6978;2.05
0;5;0;0;0;0;1;0.6978;2.07
6;0;0;0;0;1;1;0.6978;2.07
0;2;1;0;0;0;0;0.6978;2.08
5;1;1;0;0;0;0;0.6978;2.08
0;3;1;0;0;1;1;0.6978;2.09
5;0;0;0;0;0;0;0.6978;2.09
5;5;0;0;0;1;0;0.6978;2.09
0;1;1;0;0;0;1;0.6978;2.11
2;0;1;1;1;0;1;0.6978;2.12
6;1;1;0;0;0;1;0.6978;2.12
5;2;0;0;0;1;1;0.6978;2.13
5;0;1;0;0;0;1;0.6978;2.13
0;5;1;0;0;0;0;0.6978;2.14
2;0;1;1;1;0;0;0.6978;2.14
6;0;0;2;0;1;1;0.6978;2.15
5;4;1;0;0;0;1;0.6978;2.16
6;1;0;0;0;1;1;0.6978;2.16
0;5;0;0;0;1;1;0.6978;2.17
0;4;1;0;0;1;1;0.6978;2.17
6;5;0;2;0;1;1;0.6978;2.17
6;0;0;2;0;0;1;0.6978;2.18
5;1;1;0;0;0;1;0.6978;2.2
6;5;1;0;0;1;1;0.6978;2.2
6;3;1;0;0;1;1;0.6978;2.21
6;5;1;0;0;0;1;0.6978;2.22
5;1;1;0;0;1;1;0.6978;2.23
5;2;1;0;0;0;1;0.6978;2.23
5;5;0;2;0;0;1;0.6978;2.24
5;5;0;2;0;1;1;0.6978;2.28
5;4;0;0;0;0;0;0.6978;2.29
5;4;1;0;0;1;1;0.6978;2.29
6;2;0;0;0;0;0;0.6978;2.29
6;0;1;0;0;0;1;0.6978;2.29
6;1;1;0;0;1;1;0.6978;2.29
6;3;1;0;0;0;1;0.6978;2.3
0;5;0;2;0;1;0;0.6978;2.32
5;0;0;0;0;1;0;0.6978;2.32
6;0;1;0;0;1;1;0.6978;2.33
0;0;1;0;0;0;0;0.6978;2.34
0;0;1;0;0;1;1;0.6978;2.34
0;0;1;0;0;1;0;0.6978;2.39
5;4;0;0;0;0;1;0.6978;2.44
0;5;0;2;0;0;1;0.6978;2.46
5;1;0;0;0;1;1;0.6978;2.49
0;2;1;0;0;0;1;0.6978;2.51
0;5;1;0;0;0;1;0.6978;2.54
2;0;1;1;1;1;0;0.6978;2.56
5;5;0;0;0;0;1;0.6978;2.59
5;4;0;0;0;1;1;0.6978;2.61
5;5;0;0;0;1;1;0.6978;2.62
5;3;1;0;0;1;0;0.6978;2.67
5;2;1;0;0;1;1;0.6978;2.74
5;0;0;0;0;0;1;0.6978;2.76
5;0;0;0;0;1;1;0.6978;2.82
0;5;1;0;0;1;1;0.6978;2.9
5;3;1;0;0;0;1;0.6978;2.97
0;5;0;2;0;1;1;0.6978;2.99
5;3;1;0;0;1;1;0.6978;3.01
0;5;4;2;0;0;1;0.6978;3.32
0;5;4;2;0;1;1;0.6978;3.47
0;0;4;2;0;1;0;0.6978;3.69
2;0;0;1;1;0;0;0.6978;3.79
0;0;1;0;0;0;1;0.6978;3.83
2;0;1;1;1;1;1;0.6978;3.94
2;0;0;1;1;0;1;0.6978;4.12
2;0;0;1;1;1;0;0.6978;4.13
2;0;0;1;1;1;1;0.6978;4.31
0;0;4;2;0;1;1;0.6978;4.65
0;5;4;2;0;0;0;0.6978;4.79
0;2;4;2;0;1;0;0.6978;5.11
0;5;4;2;0;1;0;0.6978;5.21
0;2;4;2;0;1;1;0.6978;5.93
0;2;4;2;0;0;0;0.6978;6.12
0;0;4;2;0;0;0;0.6978;6.26
0;2;4;2;0;0;1;0.6978;6.37
0;0;4;2;0;0;1;0.6978;6.45
2;0;1;0;1;0;0;0.6963;2.23
2;0;1;0;1;1;0;0.6963;2.3
2;0;1;0;1;0;1;0.6963;2.36
2;0;1;0;1;1;1;0.6963;2.56
2;0;0;0;1;0;0;0.6963;4.23
2;0;0;0;1;1;0;0.6963;4.67
2;0;0;0;1;0;1;0.6963;4.79
2;0;0;0;1;1;1;0.6963;4.85
3;3;1;0;0;0;0;0.6863;0.85
3;3;1;0;0;1;0;0.6863;0.86
3;5;1;0;0;1;0;0.6863;0.86
3;3;1;0;0;1;1;0.6863;1.06
3;5;1;0;0;1;1;0.6863;1.06
3;5;1;0;0;0;0;0.6863;1.25
3;4;1;0;0;0;0;0.6863;1.45
3;3;1;0;0;0;1;0.6863;1.58
3;0;1;0;0;1;0;0.6863;1.59
3;0;1;0;0;0;0;0.6863;1.63
3;1;1;0;0;1;0;0.6863;1.63
3;4;1;0;0;1;0;0.6863;1.64
1;1;1;0;1;0;0;0.6863;1.9
3;1;1;0;0;0;0;0.6863;1.91
3;0;1;0;0;0;1;0.6863;1.93
3;5;1;0;0;0;1;0.6863;1.96
3;3;1;0;1;0;0;0.6863;1.99
3;4;1;0;0;1;1;0.6863;1.99
1;0;1;0;1;1;0;0.6863;2.01
3;1;1;0;0;1;1;0.6863;2.02
3;4;1;0;0;0;1;0.6863;2.06
3;0;1;0;0;1;1;0.6863;2.08
1;1;1;0;1;0;1;0.6863;2.21
3;2;1;0;0;1;0;0.6863;2.22
1;3;1;0;1;0;0;0.6863;2.36
1;1;1;0;1;1;0;0.6863;2.42
3;2;1;0;0;1;1;0.6863;2.67
3;5;1;0;1;0;0;0.6863;2.68
3;2;1;0;0;0;0;0.6863;2.7
3;1;1;0;0;0;1;0.6863;2.76
3;2;1;0;0;0;1;0.6863;2.83
1;4;1;0;1;0;1;0.6863;3.07
3;1;1;0;1;0;1;0.6863;3.3
3;4;1;0;1;0;0;0.6863;3.36
1;0;1;0;1;0;0;0.6863;3.49
1;0;1;0;1;0;1;0.6863;3.51
1;3;1;0;1;1;1;0.6863;3.57
1;2;1;0;1;0;0;0.6863;3.68
3;0;1;0;1;0;0;0.6863;3.69
1;5;1;0;1;0;0;0.6863;3.81
1;5;1;0;1;1;0;0.6863;3.87
1;4;1;0;1;0;0;0.6863;3.88
1;2;1;0;1;1;0;0.6863;3.9
3;3;1;0;1;0;1;0.6863;3.91
3;0;1;0;1;1;0;0.6863;3.95
1;5;1;0;1;0;1;0.6863;4.03
1;2;1;0;1;0;1;0.6863;4.04
3;3;1;0;1;1;1;0.6863;4.06
3;4;1;0;1;1;0;0.6863;4.07
3;1;1;0;1;0;0;0.6863;4.08
1;4;1;0;1;1;0;0.6863;4.09
3;0;1;0;1;0;1;0.6863;4.11
1;5;1;0;1;1;1;0.6863;4.21
1;4;1;0;1;1;1;0.6863;4.26
3;5;1;0;1;1;0;0.6863;4.28
3;5;1;0;1;1;1;0.6863;4.34
3;4;1;0;1;1;1;0.6863;4.36
3;3;1;0;1;1;0;0.6863;4.37
3;5;1;0;1;0;1;0.6863;4.45
1;3;1;0;1;0;1;0.6863;4.53
1;3;1;0;1;1;0;0.6863;4.57
3;4;1;0;1;0;1;0.6863;4.59
1;2;1;0;1;1;1;0.6863;4.62
3;1;1;0;1;1;0;0.6863;4.67
3;1;1;0;1;1;1;0.6863;4.75
1;1;1;0;1;1;1;0.6863;4.78
1;0;1;0;1;1;1;0.6863;4.81
3;0;1;0;1;1;1;0.6863;4.86
3;2;1;0;1;0;1;0.6863;5.46
3;2;1;0;1;0;0;0.6863;5.67
3;2;1;0;1;1;1;0.6863;6.7
3;2;1;0;1;1;0;0.6863;6.93
3;3;0;0;0;0;0;0.6818;0.74
3;2;0;0;0;0;0;0.6818;0.76
3;4;0;0;0;1;0;0.6818;0.76
3;3;0;0;0;0;1;0.6818;0.95
3;4;0;0;0;0;1;0.6818;0.96
3;4;0;0;0;1;1;0.6818;1.1
3;4;0;0;0;0;0;0.6818;1.18
3;5;0;0;0;0;0;0.6818;1.39
3;0;0;0;0;0;0;0.6818;1.44
3;1;0;0;0;0;0;0.6818;1.44
3;0;0;0;0;1;0;0.6818;1.46
3;5;0;0;0;1;0;0.6818;1.46
3;1;0;0;0;1;0;0.6818;1.48
3;2;0;0;0;1;0;0.6818;1.5
3;3;0;0;0;1;0;0.6818;1.53
3;2;0;0;0;0;1;0.6818;1.69
3;0;0;0;0;0;1;0.6818;1.82
3;2;0;0;0;1;1;0.6818;1.82
3;0;0;0;0;1;1;0.6818;1.84
3;1;0;0;0;0;1;0.6818;1.84
3;5;0;0;0;1;1;0.6818;1.84
3;1;0;0;0;1;1;0.6818;1.85
3;4;0;0;1;0;0;0.6818;1.87
1;3;0;0;1;1;0;0.6818;1.97
3;3;0;0;1;1;0;0.6818;2.0
1;2;0;0;1;1;0;0.6818;2.01
3;5;0;0;0;0;1;0.6818;2.1
3;3;0;0;1;1;1;0.6818;2.18
3;3;0;0;0;1;1;0.6818;2.26
3;3;0;0;1;0;1;0.6818;2.39
1;3;0;0;1;0;1;0.6818;2.49
1;0;0;0;1;1;0;0.6818;2.51
3;4;0;0;1;0;1;0.6818;2.55
3;5;0;0;1;1;0;0.6818;2.55
1;2;0;0;1;0;1;0.6818;2.58
1;5;0;0;1;1;1;0.6818;2.61
3;0;0;0;1;1;1;0.6818;2.78
3;1;0;0;1;1;0;0.6818;2.86
1;1;0;0;1;0;1;0.6818;2.9
3;2;0;0;1;1;1;0.6818;2.91
3;4;0;0;1;1;1;0.6818;2.95
3;5;0;0;1;0;1;0.6818;3.09
1;5;0;0;1;1;0;0.6818;3.2
1;3;0;0;1;0;0;0.6818;3.33
3;1;0;0;1;1;1;0.6818;3.45
1;5;0;0;1;0;1;0.6818;3.51
1;0;0;0;1;1;1;0.6818;3.54
1;4;0;0;1;0;0;0.6818;3.57
1;2;0;0;1;0;0;0.6818;3.61
3;5;0;0;1;0;0;0.6818;3.67
3;2;0;0;1;0;0;0.6818;3.68
3;1;0;0;1;0;0;0.6818;3.7
1;5;0;0;1;0;0;0.6818;3.72
1;4;0;0;1;1;0;0.6818;3.74
1;1;0;0;1;1;0;0.6818;3.78
1;2;0;0;1;1;1;0.6818;3.8
1;3;0;0;1;1;1;0.6818;3.84
3;2;0;0;1;1;0;0.6818;3.84
3;4;0;0;1;1;0;0.6818;3.84
3;0;0;0;1;1;0;0.6818;3.85
1;4;0;0;1;0;1;0.6818;3.96
3;0;0;0;1;0;0;0.6818;4.0
3;2;0;0;1;0;1;0.6818;4.07
1;4;0;0;1;1;1;0.6818;4.09
3;0;0;0;1;0;1;0.6818;4.09
3;1;0;0;1;0;1;0.6818;4.13
1;1;0;0;1;0;0;0.6818;4.14
1;1;0;0;1;1;1;0.6818;4.23
1;0;0;0;1;0;1;0.6818;4.42
1;0;0;0;1;0;0;0.6818;4.43
3;3;0;0;1;0;0;0.6818;4.91
3;5;0;0;1;1;1;0.6818;5.15
1;0;2;0;1;0;0;0.6639;0.68
1;3;2;0;0;0;0;0.6639;0.68
1;1;2;0;0;0;0;0.6639;0.69
1;3;2;0;1;0;0;0.6639;0.69
1;0;2;0;0;1;0;0.6639;0.71
1;2;2;0;0;1;0;0.6639;0.71
1;3;2;0;0;1;0;0.6639;0.71
1;0;2;0;0;0;0;0.6639;0.74
1;0;2;0;1;1;0;0.6639;0.74
1;1;2;0;0;1;0;0.6639;0.76
1;1;1;0;0;0;0;0.6639;0.81
1;3;1;0;0;1;0;0.6639;0.81
1;5;1;0;0;1;0;0.6639;0.82
2;0;2;1;0;0;0;0.6639;0.82
1;0;2;0;0;1;1;0.6639;0.84
1;3;2;0;0;1;1;0.6639;0.85
1;4;2;0;1;1;1;0.6639;0.85
1;0;2;0;1;1;1;0.6639;0.88
1;1;2;0;0;1;1;0.6639;0.88
1;3;1;0;0;0;0;0.6639;0.89
2;0;2;1;1;0;0;0.6639;0.89
1;0;2;0;0;0;1;0.6639;0.94
1;1;2;0;0;0;1;0.6639;0.94
1;5;2;0;1;1;0;0.6639;0.97
1;3;2;0;0;0;1;0.6639;0.98
1;0;2;0;1;0;1;0.6639;0.99
1;3;1;0;0;1;1;0.6639;1.0
1;3;1;0;0;0;1;0.6639;1.03
1;5;1;0;0;1;1;0.6639;1.03
2;0;2;0;0;0;0;0.6639;1.03
1;1;1;0;0;1;1;0.6639;1.04
2;0;2;1;0;0;1;0.6639;1.04
1;5;1;0;0;0;1;0.6639;1.06
1;1;2;0;1;0;0;0.6639;1.07
1;2;1;0;0;0;1;0.6639;1.09
1;5;2;0;0;1;0;0.6639;1.13
1;2;2;0;1;0;0;0.6639;1.15
1;5;2;0;1;1;1;0.6639;1.17
1;3;2;0;1;1;1;0.6639;1.19
2;0;2;0;1;1;1;0.6639;1.2
1;4;2;0;1;1;0;0.6639;1.25
1;2;2;0;0;0;0;0.6639;1.31
1;3;2;0;1;1;0;0.6639;1.34
1;4;2;0;0;0;0;0.6639;1.34
1;5;2;0;0;0;1;0.6639;1.36
1;2;2;0;0;1;1;0.6639;1.37
1;1;2;0;1;1;0;0.6639;1.4
1;2;2;0;1;1;0;0.6639;1.4
1;5;2;0;1;0;0;0.6639;1.4
1;4;2;0;0;1;0;0.6639;1.42
1;5;1;0;0;0;0;0.6639;1.43
2;0;2;1;1;0;1;0.6639;1.43
1;2;1;0;0;0;0;0.6639;1.47
1;4;1;0;0;0;0;0.6639;1.48
1;1;2;0;1;0;1;0.6639;1.49
1;4;1;0;0;1;0;0.6639;1.52
1;1;1;0;0;1;0;0.6639;1.54
1;5;2;0;0;0;0;0.6639;1.56
1;2;2;0;0;0;1;0.6639;1.58
1;1;2;0;1;1;1;0.6639;1.59
1;2;2;0;1;1;1;0.6639;1.66
1;4;2;0;1;0;0;0.6639;1.7
1;4;2;0;0;1;1;0.6639;1.71
1;5;2;0;0;1;1;0.6639;1.71
1;4;2;0;0;0;1;0.6639;1.78
2;0;2;0;0;0;1;0.6639;1.87
1;4;2;0;1;0;1;0.6639;1.88
1;5;2;0;1;0;1;0.6639;1.92
1;2;1;0;0;1;0;0.6639;1.93
1;2;1;0;0;1;1;0.6639;1.94
1;3;2;0;1;0;1;0.6639;1.94
1;4;1;0;0;0;1;0.6639;1.96
2;0;2;0;1;0;0;0.6639;1.98
1;1;1;0;0;0;1;0.6639;2.02
1;0;1;0;0;0;0;0.6639;2.04
1;4;1;0;0;1;1;0.6639;2.04
1;0;1;0;0;1;0;0.6639;2.09
2;0;2;0;1;1;0;0.6639;2.21
1;2;2;0;1;0;1;0.6639;2.31
2;0;2;0;0;1;0;0.6639;2.31
2;0;2;0;0;1;1;0.6639;2.41
2;0;2;0;1;0;1;0.6639;2.42
1;0;1;0;0;1;1;0.6639;2.54
1;0;1;0;0;0;1;0.6639;3.15
4;4;1;0;0;0;0;0.6597;0.95
4;3;1;0;0;0;0;0.6597;1.07
4;3;1;0;0;0;1;0.6597;1.11
4;4;1;0;0;0;1;0.6597;1.55
4;3;1;0;0;1;0;0.6597;1.68
4;5;1;0;0;0;0;0.6597;1.74
4;0;1;0;0;1;0;0.6597;1.78
4;1;1;0;0;0;0;0.6597;1.78
4;5;1;0;0;1;0;0.6597;1.79
4;4;1;0;0;1;0;0.6597;1.8
4;0;1;0;0;0;0;0.6597;1.85
4;2;1;0;0;1;0;0.6597;1.86
4;1;1;0;0;1;1;0.6597;1.87
4;1;1;0;0;1;0;0.6597;1.9
4;2;1;0;0;0;0;0.6597;1.91
4;0;1;0;0;1;1;0.6597;2.14
4;5;1;0;0;0;1;0.6597;2.14
4;4;1;0;0;1;1;0.6597;2.15
4;0;1;0;0;0;1;0.6597;2.16
4;2;1;0;0;1;1;0.6597;2.17
4;5;1;0;0;1;1;0.6597;2.17
4;3;1;0;0;1;1;0.6597;2.18
4;2;1;0;0;0;1;0.6597;2.24
4;1;1;0;0;0;1;0.6597;2.38
4;0;2;1;0;0;0;0.6565;0.61
4;1;2;1;1;0;0;0.6565;0.61
4;2;2;1;1;0;0;0.6565;0.61
4;5;2;1;0;0;0;0.6565;0.61
4;2;2;1;0;0;0;0.6565;0.62
4;4;2;1;1;0;0;0.6565;0.63
4;5;2;1;1;0;0;0.6565;0.63
4;4;2;1;0;0;0;0.6565;0.66
4;1;2;1;0;0;0;0.6565;0.67
4;0;2;1;0;0;1;0.6565;0.78
4;2;2;1;1;0;1;0.6565;0.78
4;4;2;1;0;0;1;0.6565;0.78
4;1;2;1;1;0;1;0.6565;0.79
4;5;2;1;0;0;1;0.6565;0.79
4;1;2;1;0;0;1;0.6565;0.8
4;4;2;1;1;0;1;0.6565;0.81
4;5;2;1;1;0;1;0.6565;0.82
4;3;2;1;1;0;0;0.6565;1.15
4;2;2;1;0;0;1;0.6565;1.16
4;0;2;1;1;0;0;0.6565;1.17
4;3;2;1;0;0;0;0.6565;1.17
4;3;2;1;0;0;1;0.6565;1.48
4;0;2;1;1;0;1;0.6565;1.51
4;3;2;1;1;0;1;0.6565;1.83
4;5;2;0;1;0;0;0.6535;0.81
4;4;2;0;1;0;0;0.6535;0.82
4;5;2;0;0;1;0;0.6535;0.82
4;2;2;0;1;0;0;0.6535;0.84
4;4;2;0;1;1;0;0.6535;0.84
4;5;2;0;0;0;0;0.6535;0.84
4;2;2;0;0;1;0;0.6535;0.85
4;1;2;0;1;0;0;0.6535;0.86
4;5;2;0;1;1;0;0.6535;0.93
4;5;2;0;0;0;1;0.6535;0.98
4;4;2;0;1;1;1;0.6535;0.99
4;2;2;0;0;1;1;0.6535;1.0
4;4;2;0;0;1;1;0.6535;1.0
4;5;2;0;1;1;1;0.6535;1.0
4;0;2;0;1;1;1;0.6535;1.01
4;2;2;0;0;0;1;0.6535;1.01
4;5;2;0;0;1;1;0.6535;1.01
4;5;2;0;1;0;1;0.6535;1.01
4;2;2;0;1;0;1;0.6535;1.02
4;2;2;0;0;0;0;0.6535;1.03
4;2;2;0;1;1;1;0.6535;1.03
4;4;2;0;1;0;1;0.6535;1.04
4;1;2;0;1;1;0;0.6535;1.05
4;1;2;0;0;1;0;0.6535;1.07
4;1;2;0;1;0;1;0.6535;1.11
4;4;2;0;0;1;0;0.6535;1.19
4;1;2;0;1;1;1;0.6535;1.33
4;2;2;0;1;1;0;0.6535;1.35
4;1;2;0;0;1;1;0.6535;1.45
4;3;2;0;1;0;0;0.6535;1.52
4;0;2;0;1;1;0;0.6535;1.56
4;0;2;0;1;0;0;0.6535;1.58
4;0;2;0;0;0;0;0.6535;1.59
4;4;2;0;0;0;0;0.6535;1.6
4;0;2;0;0;1;0;0.6535;1.61
4;3;2;0;0;1;0;0.6535;1.61
4;1;2;0;0;0;0;0.6535;1.62
4;3;2;0;0;0;0;0.6535;1.7
4;0;2;0;0;1;1;0.6535;1.91
4;0;2;0;0;0;1;0.6535;1.92
4;1;2;0;0;0;1;0.6535;1.92
4;3;2;0;0;1;1;0.6535;1.92
4;3;2;0;1;1;0;0.6535;1.92
4;4;2;0;0;0;1;0.6535;1.93
4;3;2;0;0;0;1;0.6535;1.94
4;3;2;0;1;0;1;0.6535;1.94
4;3;2;0;1;1;1;0.6535;1.94
4;0;2;0;1;0;1;0.6535;1.95
3;3;2;0;0;0;0;0.6448;0.71
3;3;2;0;1;0;0;0.6448;0.73
3;2;2;0;0;0;0;0.6448;0.75
3;3;2;0;1;1;0;0.6448;0.75
3;4;2;0;1;1;0;0.6448;0.76
3;4;2;0;0;0;0;0.6448;0.79
3;3;2;0;0;1;0;0.6448;0.9
3;2;2;0;0;0;1;0.6448;0.91
3;3;2;0;1;0;1;0.6448;0.92
3;3;2;0;0;1;1;0.6448;0.93
3;4;2;0;1;1;1;0.6448;1.09
3;3;2;0;0;0;1;0.6448;1.1
3;2;2;0;1;0;0;0.6448;1.36
3;2;2;0;1;1;0;0.6448;1.38
3;1;2;0;1;0;0;0.6448;1.4
3;5;2;0;1;0;0;0.6448;1.4
3;0;2;0;0;0;0;0.6448;1.43
3;4;2;0;0;1;0;0.6448;1.44
3;5;2;0;0;1;0;0.6448;1.44
3;1;2;0;0;1;0;0.6448;1.45
3;1;2;0;1;1;0;0.6448;1.45
3;5;2;0;0;0;0;0.6448;1.46
3;4;2;0;1;0;1;0.6448;1.49
3;5;2;0;1;1;0;0.6448;1.5
3;4;2;0;1;0;0;0.6448;1.51
3;3;2;0;1;1;1;0.6448;1.52
3;0;2;0;1;1;0;0.6448;1.68
3;1;2;0;0;0;0;0.6448;1.68
3;0;2;0;0;1;0;0.6448;1.69
3;2;2;0;0;1;0;0.6448;1.7
3;2;2;0;1;0;1;0.6448;1.74
3;1;2;0;1;1;1;0.6448;1.75
3;4;2;0;0;1;1;0.6448;1.75
3;5;2;0;1;1;1;0.6448;1.75
3;1;2;0;0;1;1;0.6448;1.76
3;5;2;0;0;1;1;0.6448;1.76
3;2;2;0;0;1;1;0.6448;1.77
3;1;2;0;1;0;1;0.6448;1.78
3;2;2;0;1;1;1;0.6448;1.83
3;5;2;0;0;0;1;0.6448;1.84
3;5;2;0;1;0;1;0.6448;1.87
3;1;2;0;0;0;1;0.6448;1.89
3;0;2;0;0;0;1;0.6448;2.01
3;0;2;0;1;0;0;0.6448;2.03
3;0;2;0;1;0;1;0.6448;2.06
3;0;2;0;1;1;1;0.6448;2.1
3;4;2;0;0;0;1;0.6448;2.12
3;0;2;0;0;1;1;0.6448;2.23
6;4;1;1;1;0;0;0.641;1.54
6;3;1;1;1;0;0;0.641;1.61
4;5;1;1;1;0;0;0.641;1.66
6;1;1;1;1;0;1;0.641;1.75
6;4;1;1;1;0;1;0.641;1.75
6;3;1;1;1;0;1;0.641;1.78
4;5;1;1;1;0;1;0.641;1.8
5;0;1;1;1;0;0;0.641;1.94
6;0;1;1;1;0;1;0.641;2.07
0;0;1;1;1;0;0;0.641;2.22
5;4;1;1;1;0;0;0.641;2.28
4;1;1;1;1;0;0;0.641;2.29
6;1;1;1;1;0;0;0.641;2.3
6;0;1;1;1;0;0;0.641;2.45
5;1;1;1;1;0;1;0.641;2.58
0;1;1;1;1;0;1;0.641;2.6
5;4;1;1;1;0;1;0.641;2.65
5;0;1;1;1;0;1;0.641;2.92
4;4;1;1;1;0;0;0.641;3.07
4;3;1;1;1;0;0;0.641;3.16
4;2;1;1;1;0;0;0.641;3.18
0;1;1;1;1;0;0;0.641;3.26
4;0;1;1;1;0;0;0.641;3.36
4;1;1;1;1;0;1;0.641;3.37
0;0;1;1;1;0;1;0.641;3.41
0;3;1;1;1;0;0;0.641;3.41
4;0;1;1;1;0;1;0.641;3.42
5;1;1;1;1;0;0;0.641;3.45
5;3;1;1;1;0;1;0.641;3.55
4;3;1;1;1;0;1;0.641;3.57
4;2;1;1;1;0;1;0.641;3.59
4;4;1;1;1;0;1;0.641;3.6
0;4;1;1;1;0;1;0.641;3.7
0;3;1;1;1;0;1;0.641;3.94
5;3;1;1;1;0;0;0.641;4.09
0;4;1;1;1;0;0;0.641;4.16
0;4;2;2;0;0;0;0.634;0.86
0;5;2;2;0;0;0;0.634;0.86
0;5;2;2;1;0;0;0.634;0.86
0;2;2;2;0;0;0;0.634;0.87
0;3;2;2;0;0;0;0.634;0.87
0;4;2;2;1;0;0;0.634;0.87
0;5;2;2;1;1;0;0.634;0.87
0;0;2;2;1;0;0;0.634;0.88
0;5;2;2;0;1;0;0.634;0.88
0;0;2;2;0;1;0;0.634;0.9
0;2;2;2;0;1;0;0.634;0.9
0;1;0;2;0;1;0;0.634;0.93
0;2;2;2;1;0;0;0.634;0.96
6;0;2;2;1;0;0;0.634;0.97
6;4;0;2;0;0;0;0.634;0.99
6;0;2;2;0;1;0;0.634;0.99
6;1;2;2;1;0;0;0.634;1.0
0;5;2;2;0;0;1;0.634;1.01
0;5;2;2;1;0;1;0.634;1.01
0;5;2;2;1;1;1;0.634;1.01
6;4;0;2;0;1;0;0.634;1.01
6;5;2;2;0;0;0;0.634;1.01
6;2;2;2;0;0;0;0.634;1.02
6;1;2;2;0;1;0;0.634;1.03
6;0;2;2;1;1;0;0.634;1.04
0;3;0;2;0;1;1;0.634;1.05
0;4;2;2;1;0;1;0.634;1.05
6;5;2;2;1;0;0;0.634;1.05
0;4;2;2;0;0;1;0.634;1.06
0;1;0;2;0;0;1;0.634;1.07
0;0;2;2;1;1;1;0.634;1.08
0;2;2;2;0;1;1;0.634;1.09
0;5;2;2;0;1;1;0.634;1.11
6;3;1;2;0;0;0;0.634;1.12
6;4;1;2;0;0;0;0.634;1.13
6;5;2;2;0;1;1;0.634;1.13
6;5;2;2;1;0;1;0.634;1.13
6;2;2;2;0;0;1;0.634;1.14
0;4;2;2;0;1;1;0.634;1.15
6;0;2;2;0;1;1;0.634;1.15
6;0;2;2;1;1;1;0.634;1.15
0;0;2;2;0;1;1;0.634;1.16
6;5;2;2;0;0;1;0.634;1.17
6;4;0;2;0;0;1;0.634;1.18
6;1;2;2;1;0;1;0.634;1.18
6;1;2;2;1;1;1;0.634;1.18
6;1;2;2;0;1;1;0.634;1.19
6;5;2;2;0;1;0;0.634;1.2
6;4;1;2;0;1;0;0.634;1.22
6;4;0;2;0;1;1;0.634;1.24
6;3;1;2;0;1;0;0.634;1.25
0;0;2;2;0;0;0;0.634;1.29
6;5;1;2;0;1;1;0.634;1.3
6;3;1;2;0;0;1;0.634;1.31
0;1;0;2;0;0;0;0.634;1.32
6;3;1;2;0;1;1;0.634;1.32
6;4;1;2;0;0;1;0.634;1.33
0;1;0;2;0;1;1;0.634;1.34
6;1;1;2;0;1;1;0.634;1.34
0;5;1;2;0;0;0;0.634;1.37
6;4;1;2;0;1;1;0.634;1.37
6;5;1;2;0;0;1;0.634;1.37
6;1;2;2;0;0;1;0.634;1.37
0;4;2;2;0;1;0;0.634;1.38
0;0;2;2;0;0;1;0.634;1.47
6;2;1;2;0;1;0;0.634;1.47
0;4;1;2;0;1;1;0.634;1.48
6;0;2;2;1;0;1;0.634;1.49
0;1;2;2;0;1;1;0.634;1.5
6;2;2;2;0;1;0;0.634;1.57
0;1;2;2;0;0;0;0.634;1.59
6;1;1;2;0;1;0;0.634;1.59
6;4;2;2;0;0;1;0.634;1.62
0;2;2;2;1;0;1;0.634;1.65
6;0;2;2;0;0;0;0.634;1.66
0;3;0;2;0;0;0;0.634;1.67
0;2;2;2;0;0;1;0.634;1.68
0;3;2;2;1;0;0;0.634;1.68
0;1;2;2;0;1;0;0.634;1.7
0;3;2;2;0;1;0;0.634;1.71
0;3;2;2;1;1;0;0.634;1.72
6;1;2;2;1;1;0;0.634;1.72
6;4;2;2;0;0;0;0.634;1.72
0;3;0;2;0;1;0;0.634;1.75
0;3;2;2;1;0;1;0.634;1.76
0;1;2;2;1;0;0;0.634;1.8
0;4;2;2;1;1;0;0.634;1.8
6;5;1;2;0;1;0;0.634;1.8
0;3;0;2;0;0;1;0.634;1.83
0;2;2;2;1;1;0;0.634;1.83
6;5;2;2;1;1;0;0.634;1.84
6;0;2;2;0;0;1;0.634;1.85
6;4;2;2;1;0;0;0.634;1.85
0;0;1;2;0;0;1;0.634;1.86
0;1;2;2;1;1;0;0.634;1.88
6;1;0;2;0;0;0;0.634;1.88
6;3;2;2;0;0;0;0.634;1.88
6;1;2;2;0;0;0;0.634;1.89
6;2;2;2;1;0;0;0.634;1.89
6;4;2;2;0;1;0;0.634;1.91
6;3;2;2;1;1;0;0.634;1.92
6;2;2;2;1;1;0;0.634;1.93
6;3;2;2;0;1;0;0.634;1.93
0;4;0;2;0;1;0;0.634;1.94
0;1;1;2;0;0;0;0.634;1.94
6;2;1;2;0;1;1;0.634;1.94
6;1;0;2;0;1;0;0.634;1.96
6;4;2;2;1;1;0;0.634;1.96
6;3;0;2;0;0;0;0.634;1.98
6;3;2;2;1;0;0;0.634;1.99
0;2;1;2;0;0;1;0.634;2.0
0;1;2;2;0;0;1;0.634;2.0
0;3;2;2;1;1;1;0.634;2.02
0;3;2;2;0;1;1;0.634;2.03
0;1;2;2;1;1;1;0.634;2.05
6;3;0;2;0;1;0;0.634;2.05
0;3;2;2;0;0;1;0.634;2.07
0;4;0;2;0;0;0;0.634;2.09
0;4;0;2;0;1;1;0.634;2.09
0;4;1;2;0;0;0;0.634;2.09
6;0;1;2;0;0;0;0.634;2.11
0;2;2;2;1;1;1;0.634;2.12
0;3;1;2;0;1;1;0.634;2.13
0;0;2;2;1;0;1;0.634;2.13
0;0;2;2;1;1;0;0.634;2.13
0;4;2;2;1;1;1;0.634;2.15
6;0;1;2;0;1;0;0.634;2.15
6;1;1;2;0;0;0;0.634;2.16
6;2;1;2;0;0;0;0.634;2.16
0;5;1;2;0;1;0;0.634;2.17
6;1;0;2;0;1;1;0.634;2.17
6;2;2;2;1;0;1;0.634;2.18
6;3;2;2;0;1;1;0.634;2.2
0;4;0;2;0;0;1;0.634;2.22
6;2;2;2;0;1;1;0.634;2.22
6;2;2;2;1;1;1;0.634;2.22
6;4;2;2;0;1;1;0.634;2.22
6;5;2;2;1;1;1;0.634;2.22
6;3;2;2;1;1;1;0.634;2.23
6;3;2;2;0;0;1;0.634;2.24
6;4;2;2;1;1;1;0.634;2.24
0;5;1;2;0;0;1;0.634;2.27
6;3;0;2;0;0;1;0.634;2.27
6;3;0;2;0;1;1;0.634;2.27
0;1;1;2;0;0;1;0.634;2.31
0;2;1;2;0;1;1;0.634;2.33
0;1;1;2;0;1;1;0.634;2.34
6;1;0;2;0;0;1;0.634;2.35
0;0;1;2;0;1;0;0.634;2.36
6;3;2;2;1;0;1;0.634;2.36
6;4;2;2;1;0;1;0.634;2.36
0;0;1;2;0;0;0;0.634;2.41
6;0;1;2;0;1;1;0.634;2.42
6;0;1;2;0;0;1;0.634;2.43
0;2;1;2;0;0;0;0.634;2.44
6;2;1;2;0;0;1;0.634;2.46
6;5;1;2;0;0;0;0.634;2.5
6;1;1;2;0;0;1;0.634;2.51
0;0;1;2;0;1;1;0.634;2.52
0;5;1;2;0;1;1;0.634;2.74
0;1;2;2;1;0;1;0.634;2.83
0;2;1;2;0;1;0;0.634;2.84
0;4;1;2;0;1;0;0.634;3.0
0;3;1;2;0;0;1;0.634;3.03
0;4;1;2;0;0;1;0.634;3.13
0;1;1;2;0;1;0;0.634;3.38
0;3;1;2;0;0;0;0.634;3.57
0;1;4;2;0;0;1;0.634;4.11
0;4;4;2;0;0;0;0.634;4.29
0;3;1;2;0;1;0;0.634;4.39
0;1;4;2;0;1;0;0.634;5.79
0;4;4;2;0;1;0;0.634;6.58
0;3;4;2;0;0;1;0.634;6.63
0;1;4;2;0;0;0;0.634;6.68
0;4;4;2;0;0;1;0.634;6.68
0;1;4;2;0;1;1;0.634;6.83
0;4;4;2;0;1;1;0.634;6.84
0;3;4;2;0;1;0;0.634;7.06
0;3;4;2;0;0;0;0.634;7.52
0;3;4;2;0;1;1;0.634;9.0
5;1;2;2;0;0;0;0.6324;0.95
5;1;2;2;1;0;0;0.6324;0.96
5;4;2;2;0;0;0;0.6324;1.0
5;4;2;2;1;0;1;0.6324;1.23
5;4;2;2;0;0;1;0.6324;1.25
5;1;2;2;0;0;1;0.6324;1.32
5;4;2;2;1;0;0;0.6324;1.59
5;0;2;2;1;0;1;0.6324;1.61
5;3;2;2;1;0;0;0.6324;1.76
5;0;2;2;0;0;0;0.6324;2.27
5;0;2;2;1;0;0;0.6324;2.33
5;3;2;2;1;0;1;0.6324;2.37
5;3;2;2;0;0;1;0.6324;2.51
5;3;2;2;0;0;0;0.6324;2.64
5;0;2;2;0;0;1;0.6324;2.69
5;1;2;2;1;0;1;0.6324;2.98
0;0;0;0;1;0;0;0.6258;1.53
0;1;0;0;1;0;0;0.6258;1.71
5;0;1;0;1;0;0;0.6258;1.72
5;5;1;0;1;0;0;0.6258;1.74
0;0;0;0;1;0;1;0.6258;1.8
6;2;1;0;1;0;0;0.6258;1.84
5;4;0;0;1;0;1;0.6258;1.85
5;5;1;0;1;0;1;0.6258;1.89
6;4;1;0;1;0;0;0.6258;1.93
6;3;1;0;1;0;1;0.6258;2.0
6;4;1;0;1;0;1;0.6258;2.02
6;2;1;0;1;0;1;0.6258;2.07
5;0;1;0;1;0;1;0.6258;2.17
0;2;1;0;1;0;1;0.6258;2.53
6;0;1;0;1;0;1;0.6258;2.71
0;1;1;0;1;0;1;0.6258;2.89
0;3;0;0;1;0;0;0.6258;3.01
0;4;0;0;1;0;1;0.6258;3.07
0;5;1;0;1;0;1;0.6258;3.08
0;4;1;0;1;0;0;0.6258;3.15
0;1;1;0;1;0;0;0.6258;3.16
5;3;0;0;1;0;0;0.6258;3.18
0;2;1;0;1;0;0;0.6258;3.22
5;1;1;0;1;0;0;0.6258;3.22
6;3;1;0;1;0;0;0.6258;3.26
5;4;1;0;1;0;0;0.6258;3.35
0;4;0;0;1;0;0;0.6258;3.39
6;5;1;0;1;0;0;0.6258;3.4
6;0;1;0;1;0;0;0.6258;3.42
0;4;1;0;1;0;1;0.6258;3.43
0;0;1;0;1;0;0;0.6258;3.46
6;1;1;0;1;0;0;0.6258;3.47
5;4;0;0;1;0;0;0.6258;3.5
0;5;1;0;1;0;0;0.6258;3.51
5;1;1;0;1;0;1;0.6258;3.63
5;4;1;0;1;0;1;0.6258;3.67
6;5;1;0;1;0;1;0.6258;3.73
0;1;0;0;1;0;1;0.6258;3.77
6;1;1;0;1;0;1;0.6258;3.78
5;3;0;0;1;0;1;0.6258;3.81
0;3;1;0;1;0;1;0.6258;3.84
5;0;0;0;1;0;1;0.6258;4.04
5;0;0;0;1;0;0;0.6258;4.06
5;1;0;0;1;0;1;0.6258;4.08
0;3;1;0;1;0;0;0.6258;4.11
0;3;0;0;1;0;1;0.6258;4.24
5;3;1;0;1;0;0;0.6258;4.46
5;3;1;0;1;0;1;0.6258;4.68
5;2;1;0;1;0;1;0.6258;4.8
5;1;0;0;1;0;0;0.6258;5.24
5;2;1;0;1;0;0;0.6258;5.53
0;0;1;0;1;0;1;0.6258;9.36
0;2;1;1;1;1;0;0.6222;1.57
0;2;1;1;1;0;1;0.6222;1.94
5;4;1;2;1;0;0;0.6222;2.02
0;2;1;1;1;1;1;0.6222;2.3
0;2;1;1;1;0;0;0.6222;2.43
6;5;1;1;1;1;0;0.6222;2.51
0;5;1;1;1;0;0;0.6222;2.55
5;3;1;2;1;0;1;0.6222;2.63
5;2;1;1;1;1;1;0.6222;2.7
5;5;1;1;1;0;0;0.6222;2.78
6;2;1;1;1;1;0;0.6222;3.16
5;5;1;1;1;1;0;0.6222;3.35
6;2;1;1;1;1;1;0.6222;3.39
5;4;1;2;1;0;1;0.6222;3.42
5;0;1;2;1;0;0;0.6222;3.43
5;5;1;1;1;0;1;0.6222;3.44
5;1;1;2;1;0;0;0.6222;3.47
0;5;1;1;1;1;0;0.6222;3.48
0;5;1;1;1;1;1;0.6222;3.49
5;2;1;1;1;1;0;0.6222;3.52
5;3;1;2;1;0;0;0.6222;3.57
6;5;1;1;1;1;1;0.6222;3.57
5;1;1;2;1;1;0;0.6222;3.85
5;0;1;2;1;1;0;0.6222;3.86
5;0;1;2;1;1;1;0.6222;3.86
5;2;1;1;1;0;1;0.6222;3.86
5;3;1;2;1;1;1;0.6222;3.98
0;5;1;1;1;0;1;0.6222;4.01
5;1;1;2;1;0;1;0.6222;4.03
5;1;1;2;1;1;1;0.6222;4.19
5;5;1;1;1;1;1;0.6222;4.22
5;2;1;1;1;0;0;0.6222;4.23
5;3;1;2;1;1;0;0.6222;4.31
5;4;1;2;1;1;1;0.6222;4.43
5;4;1;2;1;1;0;0.6222;4.59
5;0;1;2;1;0;1;0.6222;4.62
1;5;0;1;0;1;0;0.3381;0.49
0;2;0;1;0;0;0;0.3381;0.52
0;3;0;1;0;0;0;0.3381;0.52
0;4;2;1;1;0;0;0.3381;0.52
1;1;0;1;0;1;0;0.3381;0.52
0;3;0;1;0;1;0;0.3381;0.53
0;4;2;1;1;1;0;0.3381;0.53
0;3;2;1;1;1;0;0.3381;0.54
1;5;1;1;0;1;0;0.3381;0.58
1;2;0;1;0;0;0;0.3381;0.59
6;0;0;1;0;0;0;0.3381;0.62
6;0;2;1;1;0;0;0.3381;0.62
5;2;0;1;0;0;0;0.3381;0.63
5;5;0;1;0;0;0;0.3381;0.63
5;1;2;1;1;0;0;0.3381;0.63
6;2;0;1;0;1;0;0.3381;0.63
6;3;0;1;0;0;0;0.3381;0.63
5;0;0;1;0;1;0;0.3381;0.64
5;2;0;1;0;1;0;0.3381;0.64
5;4;0;1;0;0;0;0.3381;0.64
5;5;0;1;0;1;0;0.3381;0.64
6;1;0;1;0;0;0;0.3381;0.64
6;2;0;1;0;0;0;0.3381;0.64
6;0;2;1;0;0;0;0.3381;0.64
6;0;2;1;0;1;0;0.3381;0.64
6;0;2;1;1;1;0;0.3381;0.64
0;3;0;1;0;0;1;0.3381;0.65
0;3;2;1;0;0;0;0.3381;0.65
1;1;0;1;0;0;0;0.3381;0.65
1;4;0;1;0;1;0;0.3381;0.65
1;5;0;1;0;1;1;0.3381;0.65
5;4;0;1;0;1;0;0.3381;0.65
5;1;2;1;0;0;0;0.3381;0.65
5;1;2;1;1;1;0;0.3381;0.65
5;3;2;1;0;0;0;0.3381;0.65
5;3;2;1;0;1;0;0.3381;0.65
6;1;0;1;0;1;0;0.3381;0.65
6;5;0;1;0;0;0;0.3381;0.65
6;5;0;1;0;1;0;0.3381;0.65
0;3;0;1;0;1;1;0.3381;0.66
0;3;2;1;1;1;1;0.3381;0.66
0;4;2;1;1;1;1;0.3381;0.66
1;1;0;1;0;0;1;0.3381;0.67
0;2;0;1;0;0;1;0.3381;0.7
0;1;2;1;1;0;0;0.3381;0.7
1;5;1;1;0;1;1;0.3381;0.71
5;1;2;1;0;1;0;0.3381;0.71
6;4;1;1;0;0;0;0.3381;0.71
5;0;1;1;0;0;0;0.3381;0.72
5;2;1;1;0;0;0;0.3381;0.72
6;1;1;1;0;0;0;0.3381;0.72
6;2;1;1;0;0;0;0.3381;0.72
6;5;1;1;0;0;0;0.3381;0.72
5;0;1;1;0;1;0;0.3381;0.73
6;0;1;1;0;0;0;0.3381;0.73
6;0;1;1;0;1;0;0.3381;0.73
6;3;1;1;0;0;0;0.3381;0.73
6;3;1;1;0;1;0;0.3381;0.73
6;5;1;1;0;1;0;0.3381;0.73
6;1;1;1;0;1;0;0.3381;0.74
6;0;0;1;0;0;1;0.3381;0.75
6;2;0;1;0;1;1;0.3381;0.76
6;3;0;1;0;0;1;0.3381;0.76
0;4;2;1;1;0;1;0.3381;0.77
1;5;1;1;0;0;1;0.3381;0.77
5;0;0;1;0;1;1;0.3381;0.77
5;2;0;1;0;1;1;0.3381;0.77
5;4;0;1;0;0;1;0.3381;0.77
5;5;0;1;0;0;1;0.3381;0.77
5;5;0;1;0;1;1;0.3381;0.77
6;1;0;1;0;0;1;0.3381;0.77
6;4;1;1;0;1;0;0.3381;0.77
5;0;0;1;0;0;1;0.3381;0.78
5;1;2;1;0;0;1;0.3381;0.78
6;1;0;1;0;1;1;0.3381;0.78
5;3;2;1;0;0;1;0.3381;0.79
6;0;2;1;0;1;1;0.3381;0.79
5;1;2;1;1;0;1;0.3381;0.8
6;4;0;1;0;0;1;0.3381;0.8
6;3;2;1;0;1;1;0.3381;0.81
5;2;0;1;0;0;1;0.3381;0.82
5;4;0;1;0;1;1;0.3381;0.82
5;1;2;1;1;1;1;0.3381;0.82
6;0;2;1;0;0;1;0.3381;0.82
6;0;2;1;1;0;1;0.3381;0.82
1;0;0;2;0;1;0;0.3381;0.83
6;2;0;1;0;0;1;0.3381;0.83
6;3;0;1;0;1;1;0.3381;0.83
0;5;0;1;0;0;0;0.3381;0.84
5;4;2;1;1;1;1;0.3381;0.84
6;5;1;1;0;1;1;0.3381;0.85
5;0;1;1;0;0;1;0.3381;0.86
6;4;0;1;0;1;0;0.3381;0.88
6;1;1;1;0;1;1;0.3381;0.88
6;3;1;1;0;1;1;0.3381;0.89
0;5;0;1;0;0;1;0.3381;0.9
1;1;0;1;0;1;1;0.3381;0.9
1;5;0;1;0;0;0;0.3381;0.9
6;0;1;1;0;0;1;0.3381;0.9
6;3;1;1;0;0;1;0.3381;0.9
1;3;0;1;0;0;0;0.3381;0.91
1;4;0;1;0;0;0;0.3381;0.91
5;0;1;1;0;1;1;0.3381;0.91
6;2;1;1;0;1;0;0.3381;0.91
6;3;2;1;1;0;0;0.3381;0.92
1;3;0;1;0;1;0;0.3381;0.93
6;4;0;1;0;0;0;0.3381;0.93
6;4;1;1;0;0;1;0.3381;0.93
6;4;1;1;0;1;1;0.3381;0.93
6;5;1;1;0;0;1;0.3381;0.95
6;3;2;1;0;1;0;0.3381;0.95
2;0;2;1;0;1;1;0.3381;0.96
5;1;2;1;0;1;1;0.3381;0.96
6;2;1;1;0;1;1;0.3381;0.96
0;5;1;1;0;1;1;0.3381;0.97
1;2;0;2;0;1;0;0.3381;0.97
1;4;0;2;0;1;0;0.3381;0.97
0;0;2;1;1;0;0;0.3381;0.98
5;4;1;1;0;0;0;0.3381;0.98
6;1;1;1;0;0;1;0.3381;0.98
0;0;0;1;0;0;0;0.3381;0.99
0;5;0;1;0;1;0;0.3381;0.99
0;0;0;1;0;1;0;0.3381;1.0
0;1;0;1;0;0;0;0.3381;1.0
1;3;0;2;0;0;0;0.3381;1.0
0;0;2;1;0;0;0;0.3381;1.01
1;0;0;1;0;1;1;0.3381;1.01
1;2;0;1;0;1;0;0.3381;1.01
0;1;0;1;0;1;0;0.3381;1.03
0;4;0;1;0;1;0;0.3381;1.03
2;0;2;1;0;1;0;0.3381;1.03
0;3;2;1;1;0;1;0.3381;1.04
1;5;0;1;0;0;1;0.3381;1.04
5;4;1;1;0;1;1;0.3381;1.04
0;3;2;1;1;0;0;0.3381;1.05
1;0;0;1;0;1;0;0.3381;1.05
1;4;0;2;0;1;1;0.3381;1.05
1;0;1;2;0;1;0;0.3381;1.06
6;3;0;1;0;1;0;0.3381;1.06
6;4;0;1;0;1;1;0.3381;1.06
0;3;1;1;0;0;1;0.3381;1.07
1;1;1;1;0;0;0;0.3381;1.07
1;4;1;1;0;0;0;0.3381;1.07
1;2;0;2;0;1;1;0.3381;1.08
1;2;1;1;0;1;0;0.3381;1.08
1;2;1;2;0;0;0;0.3381;1.08
1;3;1;1;0;1;0;0.3381;1.08
6;0;0;1;0;1;1;0.3381;1.08
1;1;1;1;0;1;0;0.3381;1.09
1;4;1;1;0;1;0;0.3381;1.09
1;5;1;2;0;0;0;0.3381;1.09
0;1;2;1;1;1;0;0.3381;1.1
1;3;1;1;0;0;0;0.3381;1.1
5;0;0;1;0;0;0;0.3381;1.1
6;0;1;1;0;1;1;0.3381;1.11
6;2;1;1;0;0;1;0.3381;1.11
6;0;2;1;1;1;1;0.3381;1.12
0;2;1;1;0;0;0;0.3381;1.13
0;2;1;1;0;1;0;0.3381;1.13
1;5;1;1;0;0;0;0.3381;1.13
5;4;2;1;1;1;0;0.3381;1.14
0;4;0;1;0;0;0;0.3381;1.15
0;0;1;1;0;0;0;0.3381;1.15
0;0;1;1;0;1;1;0.3381;1.15
0;0;2;1;0;1;0;0.3381;1.15
0;1;2;1;0;0;0;0.3381;1.15
1;0;1;1;0;1;0;0.3381;1.15
1;1;1;2;0;1;1;0.3381;1.15
1;2;1;1;0;0;0;0.3381;1.16
0;2;0;1;0;1;0;0.3381;1.17
0;1;2;1;0;1;1;0.3381;1.17
1;3;0;1;0;1;1;0.3381;1.18
0;0;1;1;0;1;0;0.3381;1.19
0;1;2;1;0;1;0;0.3381;1.19
5;4;2;1;1;0;0;0.3381;1.19
0;0;0;1;0;0;1;0.3381;1.2
0;3;1;1;0;0;0;0.3381;1.2
0;3;2;1;0;1;0;0.3381;1.2
5;4;2;1;0;1;0;0.3381;1.2
6;5;0;1;0;0;1;0.3381;1.2
6;1;2;1;0;0;0;0.3381;1.2
6;1;2;1;1;0;0;0.3381;1.2
1;0;0;2;0;1;1;0.3381;1.21
6;4;2;1;1;0;0;0.3381;1.21
1;2;0;1;0;1;1;0.3381;1.22
5;3;0;1;0;0;0;0.3381;1.22
5;4;2;1;0;0;0;0.3381;1.22
6;3;2;1;0;0;0;0.3381;1.22
6;4;2;1;0;0;0;0.3381;1.22
0;1;1;1;0;1;0;0.3381;1.23
1;4;0;1;0;0;1;0.3381;1.23
1;0;1;2;0;0;0;0.3381;1.23
6;0;0;1;0;1;0;0.3381;1.23
0;3;2;1;0;0;1;0.3381;1.24
0;4;2;1;0;1;1;0.3381;1.24
6;1;2;1;0;1;0;0.3381;1.24
6;1;2;1;1;1;0;0.3381;1.24
6;4;2;1;1;1;0;0.3381;1.24
0;4;0;1;0;0;1;0.3381;1.25
0;4;0;1;0;1;1;0.3381;1.25
0;5;0;1;0;1;1;0.3381;1.25
0;5;1;1;0;1;0;0.3381;1.25
1;3;0;1;0;0;1;0.3381;1.25
5;3;0;1;0;1;0;0.3381;1.25
5;4;1;1;0;1;0;0.3381;1.25
6;4;2;1;0;1;0;0.3381;1.25
6;3;2;1;1;1;0;0.3381;1.26
0;1;1;1;0;0;0;0.3381;1.27
0;0;2;1;0;1;1;0.3381;1.27
1;4;0;1;0;1;1;0.3381;1.27
0;1;0;1;0;1;1;0.3381;1.28
1;4;4;1;0;0;0;0.3381;1.28
5;0;2;1;0;0;0;0.3381;1.28
6;5;0;1;0;1;1;0.3381;1.28
0;1;0;1;0;0;1;0.3381;1.29
4;2;4;1;0;0;0;0.3381;1.29
4;3;4;1;0;0;0;0.3381;1.29
5;3;0;1;0;1;1;0.3381;1.29
5;0;2;1;1;0;0;0.3381;1.29
4;5;4;1;0;0;0;0.3381;1.3
6;0;4;1;0;0;0;0.3381;1.3
0;4;2;1;0;1;0;0.3381;1.31
4;0;4;1;0;0;0;0.3381;1.31
1;5;4;1;0;1;0;0.3381;1.32
4;3;4;1;0;1;0;0.3381;1.32
5;0;2;1;0;1;0;0.3381;1.32
5;0;2;1;1;1;0;0.3381;1.32
1;3;1;1;0;1;1;0.3381;1.33
1;4;1;1;0;1;1;0.3381;1.33
6;4;4;1;0;0;0;0.3381;1.33
5;2;1;1;0;0;1;0.3381;1.34
6;2;4;1;0;0;0;0.3381;1.34
0;0;2;1;1;0;1;0.3381;1.35
1;2;0;1;0;0;1;0.3381;1.35
1;1;1;1;0;1;1;0.3381;1.35
4;1;4;1;0;1;0;0.3381;1.35
1;0;1;1;0;1;1;0.3381;1.36
1;2;1;1;0;1;1;0.3381;1.36
5;4;1;1;0;0;1;0.3381;1.36
5;5;1;1;0;0;0;0.3381;1.36
0;0;0;1;0;1;1;0.3381;1.37
0;1;2;1;0;0;1;0.3381;1.37
6;5;4;1;0;0;0;0.3381;1.37
6;2;4;1;0;1;0;0.3381;1.38
1;0;0;1;0;0;0;0.3381;1.39
5;1;1;1;0;0;0;0.3381;1.39
1;0;0;1;0;0;1;0.3381;1.4
1;3;1;1;0;0;1;0.3381;1.4
1;4;1;1;0;0;1;0.3381;1.41
6;0;4;1;0;1;0;0.3381;1.41
6;5;4;1;0;1;0;0.3381;1.41
0;1;2;1;1;0;1;0.3381;1.42
0;4;2;1;0;0;0;0.3381;1.42
1;2;1;1;0;0;1;0.3381;1.42
0;4;1;1;0;1;0;0.3381;1.43
1;4;0;2;0;0;0;0.3381;1.43
5;3;2;1;0;1;1;0.3381;1.43
0;1;1;1;0;1;1;0.3381;1.44
1;0;4;1;0;0;0;0.3381;1.44
1;4;4;1;0;0;1;0.3381;1.44
5;3;2;1;1;1;0;0.3381;1.44
0;0;2;1;1;1;0;0.3381;1.45
1;1;1;1;0;0;1;0.3381;1.45
5;4;2;1;0;0;1;0.3381;1.46
0;5;4;1;0;0;0;0.3381;1.47
4;3;4;1;0;0;1;0.3381;1.47
6;4;2;1;0;1;1;0.3381;1.47
0;0;2;1;1;1;1;0.3381;1.48
1;5;4;1;0;1;1;0.3381;1.48
4;2;4;1;0;0;1;0.3381;1.48
5;3;0;1;0;0;1;0.3381;1.48
6;1;2;1;1;1;1;0.3381;1.48
6;3;2;1;1;1;1;0.3381;1.48
6;0;4;1;0;0;1;0.3381;1.48
6;0;4;1;0;1;1;0.3381;1.48
0;1;2;1;1;1;1;0.3381;1.5
4;5;4;1;0;0;1;0.3381;1.5
6;1;2;1;0;1;1;0.3381;1.5
0;2;0;1;0;1;1;0.3381;1.51
1;3;4;1;0;1;1;0.3381;1.51
4;0;4;1;0;0;1;0.3381;1.51
5;1;0;1;0;0;0;0.3381;1.51
5;5;1;1;0;1;0;0.3381;1.51
6;5;4;1;0;1;1;0.3381;1.51
1;4;4;1;0;1;0;0.3381;1.52
6;1;2;1;1;0;1;0.3381;1.52
6;2;4;1;0;1;1;0.3381;1.52
1;3;0;2;0;0;1;0.3381;1.53
5;3;2;1;1;0;0;0.3381;1.53
6;4;2;1;1;1;1;0.3381;1.53
0;0;4;1;0;1;0;0.3381;1.54
5;1;1;1;0;1;0;0.3381;1.54
6;1;2;1;0;0;1;0.3381;1.54
1;1;1;2;0;1;0;0.3381;1.55
1;1;4;1;0;0;0;0.3381;1.55
0;4;1;1;0;0;0;0.3381;1.56
0;5;4;1;0;1;0;0.3381;1.56
5;0;2;1;1;0;1;0.3381;1.56
5;4;2;1;0;1;1;0.3381;1.57
5;4;2;1;1;0;1;0.3381;1.57
1;1;0;2;0;0;0;0.3381;1.58
1;3;0;2;0;1;0;0.3381;1.58
1;5;0;2;0;1;0;0.3381;1.58
1;2;1;2;0;0;1;0.3381;1.58
0;0;1;1;0;0;1;0.3381;1.59
1;2;0;2;0;0;0;0.3381;1.59
1;5;0;2;0;0;0;0.3381;1.59
1;4;4;1;0;1;1;0.3381;1.59
4;4;4;1;0;0;0;0.3381;1.59
6;3;2;1;0;0;1;0.3381;1.6
5;0;2;1;0;0;1;0.3381;1.61
1;1;0;2;0;1;0;0.3381;1.62
5;3;2;1;1;0;1;0.3381;1.62
0;5;1;1;0;0;1;0.3381;1.63
1;0;4;1;0;0;1;0.3381;1.63
4;0;4;1;0;1;0;0.3381;1.63
0;0;4;1;0;0;1;0.3381;1.64
1;0;1;1;0;0;0;0.3381;1.64
5;0;2;1;1;1;1;0.3381;1.64
6;3;2;1;1;0;1;0.3381;1.64
5;1;0;1;0;0;1;0.3381;1.65
6;4;2;1;1;0;1;0.3381;1.65
6;4;2;1;0;0;1;0.3381;1.66
0;1;1;1;0;0;1;0.3381;1.67
0;5;4;1;0;0;1;0.3381;1.67
1;0;0;2;0;0;0;0.3381;1.68
6;4;4;1;0;0;1;0.3381;1.69
0;5;4;1;0;1;1;0.3381;1.7
5;5;1;1;0;0;1;0.3381;1.7
1;4;0;2;0;0;1;0.3381;1.71
5;0;4;1;0;1;0;0.3381;1.71
6;5;4;1;0;0;1;0.3381;1.71
0;4;1;1;0;0;1;0.3381;1.72
0;4;4;1;0;1;1;0.3381;1.72
2;0;2;1;1;1;0;0.3381;1.73
5;3;1;1;0;1;0;0.3381;1.73
5;5;1;1;0;1;1;0.3381;1.73
1;0;1;1;0;0;1;0.3381;1.75
5;3;1;1;0;0;0;0.3381;1.75
0;3;1;1;0;1;1;0.3381;1.76
5;2;1;2;0;0;0;0.3381;1.78
5;3;2;1;1;1;1;0.3381;1.78
0;0;4;1;0;1;1;0.3381;1.79
1;3;1;2;0;0;0;0.3381;1.79
0;2;1;1;0;0;1;0.3381;1.81
4;1;4;1;0;0;1;0.3381;1.81
5;0;4;1;0;0;1;0.3381;1.81
0;3;2;1;0;1;1;0.3381;1.82
1;4;1;2;0;0;0;0.3381;1.82
5;1;1;1;0;1;1;0.3381;1.82
5;0;4;1;0;0;0;0.3381;1.83
5;0;4;1;0;1;1;0.3381;1.83
1;2;1;2;0;1;0;0.3381;1.84
1;4;1;2;0;1;0;0.3381;1.84
0;4;2;1;0;0;1;0.3381;1.86
1;3;1;2;0;1;0;0.3381;1.86
0;0;4;1;0;0;0;0.3381;1.9
1;5;0;2;0;0;1;0.3381;1.91
1;5;1;2;0;0;1;0.3381;1.93
0;4;1;1;0;1;1;0.3381;1.94
0;0;2;1;0;0;1;0.3381;1.95
1;0;1;2;0;0;1;0.3381;1.95
5;3;1;1;0;0;1;0.3381;1.95
1;1;0;2;0;1;1;0.3381;1.96
1;3;0;2;0;1;1;0.3381;1.96
2;0;2;1;1;1;1;0.3381;1.97
1;5;1;2;0;1;0;0.3381;1.98
1;5;4;1;0;0;0;0.3381;1.98
4;3;4;1;0;1;1;0.3381;1.98
1;2;0;2;0;0;1;0.3381;2.0
4;0;4;1;0;1;1;0.3381;2.0
0;3;1;1;0;1;0;0.3381;2.03
1;0;0;2;0;0;1;0.3381;2.04
1;3;4;1;0;1;0;0.3381;2.04
1;5;4;0;0;0;0;0.3381;2.04
1;1;1;2;0;0;0;0.3381;2.05
5;1;0;1;0;1;0;0.3381;2.05
1;2;1;2;0;1;1;0.3381;2.06
1;3;4;0;0;0;0;0.3381;2.06
5;0;2;1;0;1;1;0.3381;2.06
1;4;1;2;0;1;1;0.3381;2.07
1;4;4;0;0;0;0;0.3381;2.07
5;1;4;1;0;0;0;0.3381;2.07
1;1;0;2;0;0;1;0.3381;2.08
1;3;1;2;0;1;1;0.3381;2.08
1;2;5;1;1;0;0;0.3381;2.09
5;2;1;1;0;1;0;0.3381;2.09
1;5;1;2;0;1;1;0.3381;2.11
1;4;1;2;0;0;1;0.3381;2.12
1;3;4;0;0;1;0;0.3381;2.13
5;1;1;1;0;0;1;0.3381;2.14
4;5;4;0;0;1;0;0.3381;2.15
0;2;1;1;0;1;1;0.3381;2.16
4;5;4;0;0;0;0;0.3381;2.17
6;2;4;1;0;0;1;0.3381;2.18
4;2;5;2;1;0;0;0.3381;2.19
1;4;5;1;1;1;0;0.3381;2.2
4;5;4;1;0;1;1;0.3381;2.2
6;4;4;1;0;1;0;0.3381;2.2
4;0;5;1;1;0;0;0.3381;2.21
1;5;4;0;0;1;1;0.3381;2.22
1;1;1;2;0;0;1;0.3381;2.24
1;5;4;0;0;0;1;0.3381;2.24
1;4;4;0;0;0;1;0.3381;2.25
1;0;5;1;1;1;0;0.3381;2.25
1;3;1;2;0;0;1;0.3381;2.26
1;3;4;0;0;0;1;0.3381;2.26
1;1;5;1;1;0;1;0.3381;2.26
1;1;5;1;1;1;1;0.3381;2.27
1;1;5;2;1;0;1;0.3381;2.27
1;1;5;2;1;1;0;0.3381;2.27
4;5;5;1;1;0;0;0.3381;2.27
4;5;5;2;1;0;0;0.3381;2.27
1;0;1;2;0;1;1;0.3381;2.28
1;0;5;1;1;1;1;0.3381;2.29
4;5;5;2;1;1;0;0.3381;2.29
1;2;5;1;1;0;1;0.3381;2.3
4;0;5;2;1;1;0;0.3381;2.3
6;4;5;2;1;1;0;0.3381;2.3
1;2;5;1;1;1;1;0.3381;2.31
6;5;4;0;0;1;0;0.3381;2.31
6;1;5;1;1;1;0;0.3381;2.31
6;5;4;0;0;0;0;0.3381;2.32
1;1;5;2;1;1;1;0.3381;2.34
4;1;5;2;1;1;0;0.3381;2.34
5;5;1;2;0;1;0;0.3381;2.34
1;4;5;1;1;1;1;0.3381;2.35
6;4;5;2;1;0;0;0.3381;2.35
6;5;4;0;0;0;1;0.3381;2.36
6;1;5;1;1;0;0;0.3381;2.36
1;2;5;1;1;1;0;0.3381;2.37
6;0;4;0;0;1;1;0.3381;2.38
6;5;4;0;0;1;1;0.3381;2.38
1;2;4;1;0;0;0;0.3381;2.39
4;0;5;1;1;0;1;0.3381;2.39
0;5;4;0;0;0;0;0.3381;2.42
3;3;4;0;0;0;1;0.3381;2.42
4;1;4;1;0;1;1;0.3381;2.42
0;4;4;1;0;1;0;0.3381;2.43
6;4;5;2;1;1;1;0.3381;2.43
4;5;4;1;0;1;0;0.3381;2.44
1;5;4;0;0;1;0;0.3381;2.45
1;5;0;2;0;1;1;0.3381;2.46
4;5;5;2;1;0;1;0.3381;2.47
0;0;4;0;0;0;1;0.3381;2.48
5;1;0;1;0;1;1;0.3381;2.48
4;2;4;1;0;1;0;0.3381;2.49
6;3;4;1;0;0;0;0.3381;2.49
6;1;5;1;1;0;1;0.3381;2.49
1;3;4;1;0;0;0;0.3381;2.5
6;4;5;2;1;0;1;0.3381;2.5
1;3;5;1;1;1;1;0.3381;2.51
1;2;4;1;0;1;0;0.3381;2.52
1;4;4;0;0;1;1;0.3381;2.52
5;3;1;1;0;1;1;0.3381;2.52
4;2;5;2;1;0;1;0.3381;2.53
4;4;5;1;1;0;1;0.3381;2.53
5;2;1;1;0;1;1;0.3381;2.53
0;5;4;0;0;0;1;0.3381;2.54
1;0;4;1;0;1;0;0.3381;2.56
1;2;4;2;0;1;0;0.3381;2.56
1;1;4;1;0;1;1;0.3381;2.57
0;2;4;1;0;1;1;0.3381;2.58
4;4;5;1;1;0;0;0.3381;2.58
3;0;4;2;0;1;0;0.3381;2.6
6;3;4;1;0;1;0;0.3381;2.6
0;0;4;0;0;1;0;0.3381;2.61
4;4;4;1;0;1;0;0.3381;2.61
4;4;5;1;1;1;1;0.3381;2.61
5;5;1;2;0;1;1;0.3381;2.61
3;2;4;2;0;1;0;0.3381;2.62
4;4;5;1;1;1;0;0.3381;2.62
0;0;4;0;0;1;1;0.3381;2.63
1;2;4;1;0;0;1;0.3381;2.63
1;1;5;1;1;1;0;0.3381;2.64
1;5;4;1;0;0;1;0.3381;2.66
6;0;4;2;0;0;0;0.3381;2.66
1;2;4;2;0;0;0;0.3381;2.67
6;0;4;2;0;1;0;0.3381;2.68
0;0;5;1;1;0;0;0.3381;2.69
4;3;4;2;0;0;0;0.3381;2.69
6;1;4;1;0;0;0;0.3381;2.69
4;3;4;2;0;1;0;0.3381;2.7
6;4;4;1;0;1;1;0.3381;2.7
4;0;5;2;1;0;0;0.3381;2.71
4;5;4;0;0;0;1;0.3381;2.75
0;5;5;1;1;0;0;0.3381;2.76
4;0;5;2;1;1;1;0.3381;2.76
4;1;5;2;1;0;1;0.3381;2.76
1;2;4;2;0;0;1;0.3381;2.78
1;3;4;1;0;0;1;0.3381;2.78
6;5;4;2;0;0;0;0.3381;2.78
1;2;4;1;0;1;1;0.3381;2.79
5;4;4;1;0;0;0;0.3381;2.79
5;2;4;1;0;0;0;0.3381;2.8
0;0;5;2;1;1;0;0.3381;2.81
4;2;4;1;0;1;1;0.3381;2.81
4;4;4;1;0;1;1;0.3381;2.81
6;1;4;1;0;1;0;0.3381;2.81
0;5;1;1;0;0;0;0.3381;2.82
1;2;4;2;0;1;1;0.3381;2.82
0;2;5;1;1;1;0;0.3381;2.83
0;1;4;1;0;0;0;0.3381;2.84
6;3;4;1;0;1;1;0.3381;2.84
0;2;5;2;1;0;0;0.3381;2.85
3;5;5;0;1;0;0;0.3381;2.86
6;3;4;1;0;0;1;0.3381;2.86
5;2;5;2;1;1;0;0.3381;2.87
0;2;4;1;0;0;0;0.3381;2.88
0;4;4;1;0;0;0;0.3381;2.88
1;3;4;2;0;0;0;0.3381;2.88
6;5;4;2;0;1;0;0.3381;2.89
0;3;5;1;1;0;1;0.3381;2.9
1;5;4;2;0;0;0;0.3381;2.9
6;0;4;2;0;0;1;0.3381;2.91
4;1;5;2;1;0;0;0.3381;2.92
5;4;4;1;0;1;0;0.3381;2.92
6;4;4;2;0;0;1;0.3381;2.92
4;2;5;2;1;1;0;0.3381;2.93
6;3;4;2;0;1;1;0.3381;2.93
5;3;5;1;1;1;0;0.3381;2.94
0;0;5;1;1;0;1;0.3381;2.95
5;3;5;2;1;0;0;0.3381;2.96
0;2;4;1;0;0;1;0.3381;2.97
0;3;4;1;0;0;0;0.3381;2.97
0;1;5;2;1;1;0;0.3381;2.98
5;3;5;2;1;0;1;0.3381;2.98
5;1;5;1;1;0;1;0.3381;2.99
3;2;5;0;1;1;0;0.3381;3.0
5;2;1;2;0;1;0;0.3381;3.0
0;2;4;1;0;1;0;0.3381;3.01
4;1;4;1;0;0;0;0.3381;3.01
5;2;1;2;0;1;1;0.3381;3.01
5;0;4;0;0;0;0;0.3381;3.01
6;5;4;2;0;1;1;0.3381;3.01
1;2;5;2;1;1;1;0.3381;3.03
0;1;5;2;1;1;1;0.3381;3.04
1;3;4;0;0;1;1;0.3381;3.05
1;3;4;2;0;1;0;0.3381;3.06
5;4;4;1;0;0;1;0.3381;3.06
5;2;5;2;1;0;1;0.3381;3.06
1;0;4;1;0;1;1;0.3381;3.07
5;2;1;2;0;0;1;0.3381;3.07
6;1;4;1;0;0;1;0.3381;3.07
0;2;5;1;1;1;1;0.3381;3.08
4;2;4;0;0;0;1;0.3381;3.08
5;5;1;2;0;0;0;0.3381;3.08
0;1;4;1;0;0;1;0.3381;3.1
5;5;4;1;0;0;0;0.3381;3.1
6;4;4;2;0;0;0;0.3381;3.1
3;5;5;0;1;1;1;0.3381;3.11
1;4;4;0;0;1;0;0.3381;3.13
1;5;5;2;1;1;0;0.3381;3.14
3;2;5;0;1;0;1;0.3381;3.14
3;1;4;2;0;0;0;0.3381;3.15
1;4;4;2;0;0;1;0.3381;3.16
3;5;5;0;1;1;0;0.3381;3.16
0;4;4;1;0;0;1;0.3381;3.17
0;2;5;0;1;1;0;0.3381;3.17
1;4;4;2;0;0;0;0.3381;3.17
3;2;4;2;0;1;1;0.3381;3.17
4;2;4;0;0;1;1;0.3381;3.17
4;4;4;1;0;0;1;0.3381;3.17
4;3;4;2;0;0;1;0.3381;3.18
5;3;4;1;0;0;0;0.3381;3.18
5;4;4;1;0;1;1;0.3381;3.18
5;3;5;2;1;1;1;0.3381;3.18
0;1;4;1;0;1;0;0.3381;3.19
0;3;4;1;0;1;0;0.3381;3.19
4;2;5;2;1;1;1;0.3381;3.19
6;4;4;2;0;1;0;0.3381;3.19
6;2;5;0;1;0;0;0.3381;3.19
5;5;4;1;0;1;0;0.3381;3.2
0;3;5;2;1;0;0;0.3381;3.22
1;3;4;2;0;0;1;0.3381;3.22
3;1;5;0;1;0;1;0.3381;3.22
0;0;5;2;1;0;1;0.3381;3.23
1;1;4;0;0;0;0;0.3381;3.23
4;5;5;0;1;0;1;0.3381;3.23
5;1;5;1;1;1;1;0.3381;3.23
0;0;5;0;1;1;1;0.3381;3.24
1;1;5;2;1;0;0;0.3381;3.24
1;0;5;0;1;1;0;0.3381;3.25
3;3;5;0;1;1;0;0.3381;3.25
3;3;5;0;1;1;1;0.3381;3.25
4;3;5;1;1;0;0;0.3381;3.25
5;3;4;1;0;1;0;0.3381;3.25
5;2;5;1;1;0;0;0.3381;3.25
3;3;4;0;0;1;1;0.3381;3.26
5;1;5;1;1;1;0;0.3381;3.26
3;2;5;0;1;1;1;0.3381;3.27
3;4;5;0;1;0;1;0.3381;3.27
6;1;4;1;0;1;1;0.3381;3.27
3;2;4;2;0;0;1;0.3381;3.29
3;1;5;0;1;1;1;0.3381;3.29
0;5;5;1;1;0;1;0.3381;3.3
1;3;4;2;0;1;1;0.3381;3.3
1;1;5;1;1;0;0;0.3381;3.3
0;2;4;0;0;0;0;0.3381;3.32
0;3;4;1;0;1;1;0.3381;3.32
3;5;4;2;0;1;1;0.3381;3.32
3;0;4;2;0;0;0;0.3381;3.33
4;3;4;2;0;1;1;0.3381;3.34
0;3;5;2;1;1;1;0.3381;3.35
1;3;5;2;1;1;1;0.3381;3.35
3;1;5;0;1;0;0;0.3381;3.35
5;3;4;1;0;0;1;0.3381;3.35
0;4;5;2;1;1;1;0.3381;3.36
0;2;5;2;1;1;0;0.3381;3.37
0;5;5;0;1;1;1;0.3381;3.37
0;5;5;1;1;1;0;0.3381;3.37
5;5;4;1;0;0;1;0.3381;3.37
5;5;5;2;1;1;0;0.3381;3.37
6;0;4;2;0;1;1;0.3381;3.37
6;0;4;0;0;0;1;0.3381;3.38
1;4;5;2;1;0;0;0.3381;3.39
6;5;5;0;1;1;1;0.3381;3.39
0;0;5;1;1;1;1;0.3381;3.4
0;2;5;2;1;1;1;0.3381;3.4
0;1;5;1;1;1;1;0.3381;3.41
0;3;5;1;1;0;0;0.3381;3.41
6;0;5;2;1;1;1;0.3381;3.42
1;0;5;0;1;1;1;0.3381;3.43
3;0;5;0;1;1;1;0.3381;3.44
4;5;4;0;0;1;1;0.3381;3.44
4;5;5;0;1;1;0;0.3381;3.44
5;5;5;2;1;0;1;0.3381;3.45
6;0;5;1;1;0;0;0.3381;3.45
0;3;5;1;1;1;0;0.3381;3.46
0;0;5;0;1;0;1;0.3381;3.48
6;2;5;0;1;1;1;0.3381;3.48
4;0;5;1;1;1;1;0.3381;3.51
5;3;5;2;1;1;0;0.3381;3.51
0;0;5;2;1;1;1;0.3381;3.52
5;5;1;2;0;0;1;0.3381;3.52
6;5;4;2;0;0;1;0.3381;3.52
0;1;4;1;0;1;1;0.3381;3.53
5;2;5;2;1;0;0;0.3381;3.53
5;5;4;1;0;1;1;0.3381;3.54
3;4;5;0;1;0;0;0.3381;3.55
0;2;4;0;0;0;1;0.3381;3.56
0;0;5;1;1;1;0;0.3381;3.58
0;1;5;1;1;1;0;0.3381;3.59
5;1;4;1;0;1;0;0.3381;3.59
1;1;4;1;0;0;1;0.3381;3.6
3;5;4;2;0;1;0;0.3381;3.61
3;5;5;0;1;0;1;0.3381;3.64
4;4;4;2;0;0;0;0.3381;3.64
6;4;4;2;0;1;1;0.3381;3.66
5;1;4;1;0;1;1;0.3381;3.68
5;3;4;1;0;1;1;0.3381;3.69
1;1;4;0;0;1;0;0.3381;3.7
1;4;4;2;0;1;0;0.3381;3.7
5;3;5;1;1;0;1;0.3381;3.7
0;1;5;2;1;0;1;0.3381;3.71
6;0;4;0;0;0;0;0.3381;3.74
1;1;4;1;0;1;0;0.3381;3.75
4;4;4;2;0;0;1;0.3381;3.77
5;2;5;0;1;0;0;0.3381;3.81
4;5;5;0;1;0;0;0.3381;3.83
5;1;4;1;0;0;1;0.3381;3.83
5;4;5;1;1;1;0;0.3381;3.83
0;2;5;2;1;0;1;0.3381;3.85
1;2;4;0;0;0;0;0.3381;3.85
1;4;5;2;1;0;1;0.3381;3.85
5;1;5;1;1;0;0;0.3381;3.86
4;1;5;1;1;1;1;0.3381;3.87
1;3;5;2;1;0;0;0.3381;3.88
1;4;5;2;1;1;0;0.3381;3.88
3;0;4;0;0;1;1;0.3381;3.88
5;2;5;0;1;0;1;0.3381;3.89
1;0;5;1;1;0;1;0.3381;3.91
3;3;4;0;0;0;0;0.3381;3.91
4;4;4;2;0;1;0;0.3381;3.92
1;0;5;1;1;0;0;0.3381;3.95
3;2;5;0;1;0;0;0.3381;3.95
4;5;4;2;0;1;1;0.3381;3.95
1;4;5;2;1;1;1;0.3381;3.96
1;3;5;1;1;0;0;0.3381;3.97
3;2;4;0;0;0;0;0.3381;3.97
3;5;4;0;0;0;0;0.3381;3.97
1;2;4;0;0;1;0;0.3381;3.98
1;0;5;2;1;0;0;0.3381;3.98
1;4;5;1;1;0;0;0.3381;3.98
3;4;5;0;1;1;0;0.3381;3.99
5;2;4;1;0;0;1;0.3381;3.99
5;1;5;2;1;0;0;0.3381;3.99
0;1;5;2;1;0;0;0.3381;4.0
3;1;4;2;0;0;1;0.3381;4.0
4;0;4;2;0;0;0;0.3381;4.0
0;2;5;0;1;1;1;0.3381;4.01
0;3;4;1;0;0;1;0.3381;4.02
3;5;4;2;0;0;0;0.3381;4.02
6;1;5;2;1;1;1;0.3381;4.03
3;2;4;0;0;1;0;0.3381;4.06
0;4;5;1;1;0;0;0.3381;4.07
0;4;5;2;1;0;0;0.3381;4.07
3;5;4;2;0;0;1;0.3381;4.07
4;5;4;2;0;1;0;0.3381;4.08
3;5;4;0;0;1;0;0.3381;4.09
1;5;5;2;1;0;0;0.3381;4.1
1;2;5;2;1;0;0;0.3381;4.11
3;0;4;2;0;1;1;0.3381;4.11
3;0;4;2;0;0;1;0.3381;4.12
6;2;5;0;1;0;1;0.3381;4.12
6;5;5;1;1;0;0;0.3381;4.12
1;5;5;1;1;0;0;0.3381;4.13
3;0;4;0;0;0;0;0.3381;4.13
3;0;4;0;0;1;0;0.3381;4.13
4;0;5;1;1;1;0;0.3381;4.13
6;0;4;0;0;1;0;0.3381;4.13
0;0;4;0;0;0;0;0.3381;4.14
1;3;5;2;1;1;0;0.3381;4.15
6;2;4;0;0;0;0;0.3381;4.15
1;2;5;2;1;1;0;0.3381;4.16
6;2;4;2;0;1;0;0.3381;4.16
6;3;4;2;0;1;0;0.3381;4.16
1;0;5;2;1;1;0;0.3381;4.17
4;1;5;1;1;0;0;0.3381;4.18
4;3;5;2;1;0;0;0.3381;4.19
0;3;5;2;1;1;0;0.3381;4.2
4;2;4;0;0;1;0;0.3381;4.21
4;2;5;1;1;0;0;0.3381;4.21
1;2;5;0;1;1;1;0.3381;4.23
3;4;4;0;0;0;0;0.3381;4.23
4;2;4;0;0;0;0;0.3381;4.23
1;3;5;1;1;1;0;0.3381;4.24
1;5;5;1;1;1;0;0.3381;4.25
4;5;5;1;1;1;1;0.3381;4.25
5;3;5;1;1;1;1;0.3381;4.25
6;0;5;1;1;0;1;0.3381;4.25
3;0;4;0;0;0;1;0.3381;4.26
5;3;5;1;1;0;0;0.3381;4.26
6;2;4;0;0;1;0;0.3381;4.26
1;2;4;0;0;1;1;0.3381;4.27
4;1;5;1;1;1;0;0.3381;4.29
5;5;5;2;1;0;0;0.3381;4.29
6;2;5;2;1;0;0;0.3381;4.29
6;3;5;2;1;0;0;0.3381;4.29
1;3;5;1;1;0;1;0.3381;4.31
1;4;5;1;1;0;1;0.3381;4.31
4;5;4;2;0;0;1;0.3381;4.31
6;0;5;1;1;1;0;0.3381;4.31
1;0;4;0;0;1;1;0.3381;4.32
3;2;4;0;0;1;1;0.3381;4.33
1;0;5;2;1;0;1;0.3381;4.34
1;2;5;2;1;0;1;0.3381;4.34
1;5;5;2;1;0;1;0.3381;4.34
3;5;4;0;0;0;1;0.3381;4.34
4;4;5;2;1;1;0;0.3381;4.34
6;1;5;2;1;1;0;0.3381;4.34
6;3;5;1;1;1;0;0.3381;4.34
6;5;5;1;1;1;0;0.3381;4.34
1;5;5;2;1;1;1;0.3381;4.35
4;0;5;2;1;0;1;0.3381;4.35
1;3;5;2;1;0;1;0.3381;4.36
4;3;5;2;1;1;0;0.3381;4.36
4;4;5;2;1;0;0;0.3381;4.38
3;2;4;0;0;0;1;0.3381;4.39
4;3;5;1;1;1;0;0.3381;4.39
6;5;5;2;1;1;0;0.3381;4.39
1;2;5;0;1;1;0;0.3381;4.4
6;5;5;2;1;0;0;0.3381;4.4
6;2;5;2;1;1;0;0.3381;4.41
6;3;5;2;1;1;0;0.3381;4.41
3;3;4;0;0;1;0;0.3381;4.42
6;3;5;1;1;0;0;0.3381;4.43
1;0;5;0;1;0;1;0.3381;4.44
3;3;4;2;0;1;0;0.3381;4.45
5;2;4;0;0;0;1;0.3381;4.45
6;2;5;0;1;1;0;0.3381;4.45
1;1;4;0;0;1;1;0.3381;4.46
6;2;5;1;1;0;0;0.3381;4.46
0;3;5;2;1;0;1;0.3381;4.47
1;2;4;0;0;0;1;0.3381;4.47
6;2;4;0;0;0;1;0.3381;4.47
1;0;4;0;0;0;1;0.3381;4.51
1;0;4;0;0;1;0;0.3381;4.53
4;1;5;1;1;0;1;0.3381;4.53
4;5;5;2;1;1;1;0.3381;4.53
6;2;5;1;1;1;0;0.3381;4.53
6;4;5;1;1;0;0;0.3381;4.54
0;0;5;2;1;0;0;0.3381;4.55
6;2;4;2;0;1;1;0.3381;4.55
6;0;5;1;1;1;1;0.3381;4.56
4;3;5;1;1;1;1;0.3381;4.57
4;3;5;2;1;0;1;0.3381;4.57
5;2;4;1;0;1;1;0.3381;4.57
6;3;5;1;1;0;1;0.3381;4.57
4;5;5;1;1;1;0;0.3381;4.58
6;5;5;1;1;0;1;0.3381;4.58
5;2;4;1;0;1;0;0.3381;4.59
1;5;5;1;1;1;1;0.3381;4.6
4;0;4;2;0;0;1;0.3381;4.61
4;0;4;2;0;1;0;0.3381;4.61
6;1;5;2;1;0;1;0.3381;4.61
4;3;5;2;1;1;1;0.3381;4.62
6;3;5;1;1;1;1;0.3381;4.62
6;5;5;1;1;1;1;0.3381;4.62
4;2;5;1;1;0;1;0.3381;4.63
0;5;5;2;1;1;1;0.3381;4.64
4;2;5;1;1;1;0;0.3381;4.64
6;5;5;2;1;0;1;0.3381;4.64
4;2;5;1;1;1;1;0.3381;4.65
6;0;5;2;1;1;0;0.3381;4.65
6;1;5;2;1;0;0;0.3381;4.65
6;2;5;1;1;1;1;0.3381;4.65
6;2;5;2;1;0;1;0.3381;4.65
6;3;5;2;1;0;1;0.3381;4.65
1;0;5;2;1;1;1;0.3381;4.66
4;4;5;2;1;1;1;0.3381;4.66
5;2;5;2;1;1;1;0.3381;4.66
6;2;4;0;0;1;1;0.3381;4.66
6;3;5;2;1;1;1;0.3381;4.66
1;5;5;1;1;0;1;0.3381;4.67
0;5;4;0;0;1;0;0.3381;4.68
1;0;4;0;0;0;0;0.3381;4.7
3;5;4;0;0;1;1;0.3381;4.7
4;4;5;2;1;0;1;0.3381;4.7
6;2;5;2;1;1;1;0.3381;4.7
4;1;5;2;1;1;1;0.3381;4.75
0;0;5;0;1;1;0;0.3381;4.79
6;4;5;1;1;1;0;0.3381;4.79
6;2;5;1;1;0;1;0.3381;4.81
6;1;5;1;1;1;1;0.3381;4.83
0;5;4;0;0;1;1;0.3381;4.86
0;2;5;1;1;0;1;0.3381;4.86
1;1;4;0;0;0;1;0.3381;4.88
4;5;5;1;1;0;1;0.3381;4.89
6;5;5;0;1;0;0;0.3381;4.89
6;4;5;1;1;0;1;0.3381;4.94
0;2;5;1;1;0;0;0.3381;4.95
5;0;4;0;0;1;0;0.3381;4.95
3;3;4;2;0;0;0;0.3381;4.97
4;3;5;1;1;0;1;0.3381;4.99
0;2;4;0;0;1;0;0.3381;5.0
0;5;5;0;1;0;1;0.3381;5.0
5;4;5;2;1;0;0;0.3381;5.0
6;4;5;1;1;1;1;0.3381;5.0
0;5;5;0;1;0;0;0.3381;5.01
1;4;5;0;1;0;0;0.3381;5.01
1;1;4;2;0;1;0;0.3381;5.02
3;4;4;2;0;1;1;0.3381;5.03
1;5;4;2;0;1;0;0.3381;5.04
6;5;5;2;1;1;1;0.3381;5.04
5;2;4;0;0;0;0;0.3381;5.06
0;0;5;0;1;0;0;0.3381;5.07
5;0;5;2;1;1;1;0.3381;5.09
1;0;4;2;0;1;0;0.3381;5.1
6;1;4;2;0;0;0;0.3381;5.11
3;4;4;0;0;1;0;0.3381;5.12
3;3;5;0;1;0;1;0.3381;5.12
0;2;4;0;0;1;1;0.3381;5.13
3;4;4;0;0;1;1;0.3381;5.16
3;4;4;2;0;0;0;0.3381;5.16
4;1;4;2;0;0;0;0.3381;5.16
4;2;4;2;0;1;1;0.3381;5.16
4;4;4;2;0;1;1;0.3381;5.16
4;5;4;2;0;0;0;0.3381;5.17
3;2;4;2;0;0;0;0.3381;5.18
6;0;5;2;1;0;1;0.3381;5.18
1;4;5;0;1;1;0;0.3381;5.19
5;5;5;0;1;1;0;0.3381;5.19
1;3;5;0;1;0;0;0.3381;5.21
3;1;5;0;1;1;0;0.3381;5.21
4;1;4;2;0;1;0;0.3381;5.21
5;0;4;0;0;1;1;0.3381;5.21
6;5;5;0;1;0;1;0.3381;5.21
6;1;4;2;0;1;0;0.3381;5.23
5;5;5;2;1;1;1;0.3381;5.24
4;2;4;2;0;1;0;0.3381;5.25
1;5;4;2;0;1;1;0.3381;5.26
1;0;4;2;0;0;1;0.3381;5.28
3;4;5;0;1;1;1;0.3381;5.28
4;5;5;0;1;1;1;0.3381;5.28
1;4;5;0;1;0;1;0.3381;5.33
4;2;4;2;0;0;0;0.3381;5.33
3;4;4;2;0;1;0;0.3381;5.34
3;3;4;2;0;0;1;0.3381;5.37
5;0;5;1;1;0;0;0.3381;5.38
5;5;5;1;1;0;0;0.3381;5.38
0;4;5;1;1;1;0;0.3381;5.42
0;5;5;2;1;0;0;0.3381;5.43
3;0;5;0;1;1;0;0.3381;5.43
5;0;5;2;1;0;0;0.3381;5.43
1;5;5;0;1;0;0;0.3381;5.44
3;1;4;2;0;1;1;0.3381;5.44
4;2;5;0;1;1;0;0.3381;5.44
6;1;4;2;0;0;1;0.3381;5.44
1;5;4;2;0;0;1;0.3381;5.46
3;4;4;0;0;0;1;0.3381;5.46
6;0;5;0;1;0;0;0.3381;5.47
4;0;4;2;0;1;1;0.3381;5.5
5;4;5;1;1;0;0;0.3381;5.5
6;3;4;2;0;0;1;0.3381;5.5
0;1;5;1;1;0;0;0.3381;5.51
0;5;5;2;1;0;1;0.3381;5.51
0;5;5;0;1;1;0;0.3381;5.52
6;2;4;2;0;0;0;0.3381;5.53
1;1;4;2;0;1;1;0.3381;5.54
3;3;4;2;0;1;1;0.3381;5.54
4;2;4;2;0;0;1;0.3381;5.54
0;5;5;1;1;1;1;0.3381;5.55
0;4;5;1;1;0;1;0.3381;5.57
0;5;5;2;1;1;0;0.3381;5.58
6;0;5;2;1;0;0;0.3381;5.58
5;5;5;1;1;1;0;0.3381;5.59
6;2;4;2;0;0;1;0.3381;5.59
0;4;5;2;1;0;1;0.3381;5.6
3;1;4;2;0;1;0;0.3381;5.6
4;1;4;2;0;0;1;0.3381;5.6
6;3;4;2;0;0;0;0.3381;5.6
0;1;5;1;1;0;1;0.3381;5.61
5;5;5;1;1;0;1;0.3381;5.62
4;2;5;0;1;1;1;0.3381;5.63
5;2;5;1;1;1;0;0.3381;5.63
5;0;5;1;1;1;0;0.3381;5.64
5;0;5;1;1;0;1;0.3381;5.67
0;4;5;2;1;1;0;0.3381;5.68
5;0;5;2;1;0;1;0.3381;5.7
6;1;4;2;0;1;1;0.3381;5.71
5;2;5;1;1;0;1;0.3381;5.72
0;3;5;1;1;1;1;0.3381;5.73
5;0;5;2;1;1;0;0.3381;5.75
1;0;5;0;1;0;0;0.3381;5.77
5;0;4;0;0;0;1;0.3381;5.77
3;3;5;0;1;0;0;0.3381;5.78
5;1;5;2;1;1;0;0.3381;5.8
4;1;4;2;0;1;1;0.3381;5.81
1;2;5;0;1;0;0;0.3381;5.83
5;5;5;1;1;1;1;0.3381;5.85
1;1;5;0;1;0;0;0.3381;5.86
0;4;5;1;1;1;1;0.3381;5.87
3;4;4;2;0;0;1;0.3381;5.88
5;5;4;0;0;0;0;0.3381;5.9
6;0;5;0;1;0;1;0.3381;5.94
1;2;5;0;1;0;1;0.3381;5.97
1;5;5;0;1;1;0;0.3381;5.97
5;2;5;1;1;1;1;0.3381;5.97
1;1;4;2;0;0;0;0.3381;5.98
5;2;4;0;0;1;0;0.3381;5.98
5;0;5;1;1;1;1;0.3381;5.98
4;2;5;0;1;0;0;0.3381;5.99
1;1;5;0;1;1;0;0.3381;6.0
5;2;5;0;1;1;0;0.3381;6.0
5;1;5;2;1;1;1;0.3381;6.01
0;2;5;0;1;0;1;0.3381;6.03
3;0;5;0;1;0;0;0.3381;6.03
6;0;5;0;1;1;0;0.3381;6.04
1;5;5;0;1;0;1;0.3381;6.09
1;3;5;0;1;0;1;0.3381;6.21
1;3;5;0;1;1;1;0.3381;6.22
1;3;5;0;1;1;0;0.3381;6.23
4;2;5;0;1;0;1;0.3381;6.23
1;1;4;2;0;0;1;0.3381;6.24
1;4;4;2;0;1;1;0.3381;6.26
1;1;5;0;1;1;1;0.3381;6.27
1;1;5;0;1;0;1;0.3381;6.28
5;4;5;2;1;1;1;0.3381;6.28
6;0;5;0;1;1;1;0.3381;6.29
3;0;5;0;1;0;1;0.3381;6.31
5;2;4;0;0;1;1;0.3381;6.41
5;5;4;0;0;1;0;0.3381;6.43
5;4;5;2;1;1;0;0.3381;6.43
0;2;5;0;1;0;0;0.3381;6.46
5;4;5;1;1;0;1;0.3381;6.48
5;5;4;0;0;0;1;0.3381;6.49
6;5;5;0;1;1;0;0.3381;6.51
1;4;5;0;1;1;1;0.3381;6.56
5;5;4;0;0;1;1;0.3381;6.56
1;5;5;0;1;1;1;0.3381;6.62
1;0;4;2;0;0;0;0.3381;6.63
5;1;5;2;1;0;1;0.3381;6.74
5;4;5;2;1;0;1;0.3381;7.05
5;5;5;0;1;1;1;0.3381;7.06
5;5;5;0;1;0;0;0.3381;7.17
5;0;5;0;1;0;0;0.3381;7.19
5;0;5;0;1;0;1;0.3381;7.28
5;0;5;0;1;1;1;0.3381;7.45
1;0;4;2;0;1;1;0.3381;7.47
5;5;5;0;1;0;1;0.3381;7.54
5;0;5;0;1;1;0;0.3381;7.74
5;2;5;0;1;1;1;0.3381;7.75
5;4;5;1;1;1;1;0.3381;10.14
2;0;1;1;0;0;0;0.337;0.93
2;0;1;1;0;1;0;0.337;0.99
2;0;1;1;0;1;1;0.337;1.05
2;0;1;1;0;0;1;0.337;1.07
3;0;4;1;0;0;0;0.337;1.14
3;3;4;1;0;1;0;0.337;1.24
3;0;4;1;0;1;1;0.337;1.3
3;3;4;1;0;1;1;0.337;1.35
3;0;4;1;0;0;1;0.337;1.47
3;3;4;1;0;0;0;0.337;1.59
2;0;0;1;0;0;0;0.337;1.6
3;0;4;1;0;1;0;0.337;1.6
3;3;4;1;0;0;1;0.337;1.63
2;0;0;1;0;1;0;0.337;1.68
3;4;4;1;0;0;0;0.337;1.88
2;0;0;1;0;0;1;0.337;1.89
2;0;0;1;0;1;1;0.337;1.96
3;2;5;1;1;0;0;0.337;2.03
3;2;5;2;1;0;0;0.337;2.32
3;4;4;1;0;1;0;0.337;2.51
3;4;4;1;0;1;1;0.337;2.58
3;2;5;1;1;0;1;0.337;2.72
3;5;5;1;1;1;0;0.337;2.9
3;2;5;1;1;1;1;0.337;3.02
3;5;5;1;1;0;1;0.337;3.31
3;4;4;1;0;0;1;0.337;3.35
3;5;5;1;1;0;0;0.337;3.86
3;5;5;2;1;0;0;0.337;3.99
3;2;5;2;1;0;1;0.337;4.18
3;5;5;2;1;0;1;0.337;4.3
3;2;5;2;1;1;0;0.337;4.31
3;5;5;2;1;1;0;0.337;4.34
3;5;5;1;1;1;1;0.337;4.4
3;2;5;2;1;1;1;0.337;4.48
3;5;5;2;1;1;1;0.337;4.6
3;2;5;1;1;1;0;0.337;4.93
4;2;2;1;0;1;0;0.3362;0.62
4;1;2;1;0;1;0;0.3362;0.63
4;1;2;1;1;1;0;0.3362;0.63
4;2;2;1;1;1;0;0.3362;0.63
4;5;2;1;1;1;0;0.3362;0.63
4;5;2;1;0;1;0;0.3362;0.66
4;4;2;1;1;1;0;0.3362;0.75
4;5;2;1;1;1;1;0.3362;0.75
4;1;2;1;0;1;1;0.3362;0.76
4;1;2;1;1;1;1;0.3362;0.76
4;4;2;1;0;1;1;0.3362;0.77
4;4;2;1;1;1;1;0.3362;0.77
4;0;2;1;0;1;0;0.3362;0.84
4;2;2;1;0;1;1;0.3362;0.84
4;5;2;1;0;1;1;0.3362;0.84
4;0;2;1;0;1;1;0.3362;1.01
4;4;2;1;0;1;0;0.3362;1.07
4;3;2;1;0;1;0;0.3362;1.17
4;0;2;1;1;1;0;0.3362;1.2
3;2;4;1;0;1;0;0.3362;1.29
3;2;4;1;0;0;1;0.3362;1.3
4;3;2;1;1;1;0;0.3362;1.3
3;5;4;1;0;0;0;0.3362;1.32
4;2;2;1;1;1;1;0.3362;1.37
4;0;2;1;1;1;1;0.3362;1.41
3;5;4;1;0;0;1;0.3362;1.42
4;3;2;1;0;1;1;0.3362;1.43
4;3;2;1;1;1;1;0.3362;1.58
3;2;4;1;0;0;0;0.3362;1.69
3;2;4;1;0;1;1;0.3362;1.86
3;5;4;1;0;1;0;0.3362;2.69
3;5;4;1;0;1;1;0.3362;2.69
4;5;0;1;0;0;0;0.3351;0.59
4;5;0;1;0;1;0;0.3351;0.63
4;3;0;1;0;1;0;0.3351;0.7
4;5;1;1;0;0;0;0.3351;0.72
4;3;0;1;0;0;0;0.3351;0.77
4;5;0;1;0;0;1;0.3351;0.77
4;3;0;1;0;1;1;0.3351;0.8
4;2;0;1;0;1;0;0.3351;0.83
4;2;0;1;0;1;1;0.3351;0.83
4;5;1;1;0;0;1;0.3351;0.89
4;5;1;1;0;1;0;0.3351;0.91
4;5;1;1;0;1;1;0.3351;0.91
4;2;0;1;0;0;0;0.3351;0.95
4;3;0;1;0;0;1;0.3351;0.99
4;1;1;1;0;1;1;0.3351;1.05
4;0;0;1;0;0;0;0.3351;1.16
4;2;0;1;0;0;1;0.3351;1.18
4;4;0;1;0;0;0;0.3351;1.2
4;5;0;1;0;1;1;0.3351;1.2
4;0;0;1;0;1;0;0.3351;1.23
4;1;0;1;0;0;0;0.3351;1.26
4;1;0;1;0;1;0;0.3351;1.28
4;4;0;1;0;1;0;0.3351;1.31
4;1;1;1;0;0;0;0.3351;1.31
4;0;1;1;0;0;0;0.3351;1.32
4;4;1;1;0;0;0;0.3351;1.34
4;2;1;1;0;1;0;0.3351;1.35
4;4;1;1;0;1;0;0.3351;1.36
4;3;1;1;0;1;0;0.3351;1.38
4;1;1;1;0;1;0;0.3351;1.4
4;2;1;1;0;0;0;0.3351;1.4
4;3;1;1;0;0;0;0.3351;1.42
4;0;0;1;0;0;1;0.3351;1.45
4;4;0;1;0;0;1;0.3351;1.46
4;0;1;1;0;1;0;0.3351;1.47
4;0;0;1;0;1;1;0.3351;1.49
4;1;0;1;0;0;1;0.3351;1.57
4;1;0;1;0;1;1;0.3351;1.6
4;1;1;1;0;0;1;0.3351;1.64
4;4;1;1;0;0;1;0.3351;1.64
4;2;1;1;0;1;1;0.3351;1.69
4;3;1;1;0;1;1;0.3351;1.69
4;0;1;1;0;0;1;0.3351;1.75
4;2;1;1;0;0;1;0.3351;1.77
4;3;1;1;0;0;1;0.3351;1.77
4;0;1;1;0;1;1;0.3351;1.83
4;4;1;1;0;1;1;0.3351;1.83
4;4;0;1;0;1;1;0.3351;2.3
0;2;2;1;1;0;0;0.3338;0.52
0;5;2;1;1;0;0;0.3338;0.52
0;5;2;1;0;1;0;0.3338;0.54
0;5;2;1;1;1;0;0.3338;0.61
5;2;2;1;1;0;0;0.3338;0.61
6;2;2;1;1;0;0;0.3338;0.62
5;2;2;1;0;0;0;0.3338;0.63
5;2;2;1;0;1;0;0.3338;0.63
6;2;2;1;0;0;0;0.3338;0.63
6;5;2;1;1;0;0;0.3338;0.64
5;2;2;1;1;1;0;0.3338;0.65
5;5;2;1;1;1;0;0.3338;0.65
6;2;2;1;0;1;0;0.3338;0.68
0;5;2;1;1;1;1;0.3338;0.69
0;2;2;1;1;0;1;0.3338;0.7
0;2;2;1;1;1;1;0.3338;0.72
0;5;2;1;0;1;1;0.3338;0.72
6;2;2;1;1;1;0;0.3338;0.72
0;2;2;1;0;1;1;0.3338;0.77
6;2;2;1;0;1;1;0.3338;0.8
6;2;2;1;1;0;1;0.3338;0.8
6;2;2;1;1;1;1;0.3338;0.8
5;2;2;1;0;0;1;0.3338;0.82
6;2;2;1;0;0;1;0.3338;0.82
5;2;2;1;1;0;1;0.3338;0.84
5;5;2;1;1;0;0;0.3338;0.86
6;5;2;1;1;1;1;0.3338;0.88
0;5;2;1;1;0;1;0.3338;0.91
5;2;2;1;1;1;1;0.3338;0.93
5;5;2;2;1;0;0;0.3338;0.96
5;5;2;2;1;1;0;0.3338;0.97
0;5;2;1;0;0;0;0.3338;0.98
0;2;2;1;0;0;0;0.3338;0.99
5;5;2;2;0;1;0;0.3338;1.01
0;2;2;1;1;1;0;0.3338;1.08
0;2;2;1;0;1;0;0.3338;1.09
5;5;2;1;1;1;1;0.3338;1.1
5;5;2;2;1;1;1;0.3338;1.13
5;5;2;2;0;1;1;0.3338;1.14
6;5;2;1;0;1;1;0.3338;1.15
5;5;2;1;0;0;0;0.3338;1.16
5;5;2;1;1;0;1;0.3338;1.19
6;5;2;1;0;0;0;0.3338;1.22
6;5;2;1;1;0;1;0.3338;1.22
5;2;2;2;1;1;1;0.3338;1.23
3;1;4;1;0;0;0;0.3338;1.24
6;5;2;1;1;1;0;0.3338;1.27
5;5;2;2;0;0;0;0.3338;1.31
5;2;2;1;0;1;1;0.3338;1.34
0;5;2;1;0;0;1;0.3338;1.37
5;5;2;1;0;1;0;0.3338;1.37
3;1;4;1;0;0;1;0.3338;1.38
5;5;2;2;0;0;1;0.3338;1.38
6;5;2;1;0;1;0;0.3338;1.48
0;2;2;1;0;0;1;0.3338;1.52
5;5;2;2;1;0;1;0.3338;1.67
5;5;2;1;0;0;1;0.3338;1.82
5;5;2;1;0;1;1;0.3338;1.86
5;2;2;2;1;0;0;0.3338;1.92
5;2;2;2;0;1;0;0.3338;2.1
5;2;2;2;1;1;0;0.3338;2.13
4;3;4;0;0;0;0;0.3338;2.14
3;1;4;1;0;1;0;0.3338;2.22
5;2;2;2;1;0;1;0.3338;2.27
5;2;2;2;0;0;0;0.3338;2.33
4;4;4;0;0;1;1;0.3338;2.34
6;5;2;1;0;0;1;0.3338;2.35
6;4;4;0;0;0;0;0.3338;2.35
5;2;2;2;0;1;1;0.3338;2.39
4;3;4;0;0;0;1;0.3338;2.47
0;3;4;0;0;1;0;0.3338;2.48
6;4;4;0;0;0;1;0.3338;2.48
6;4;4;0;0;1;1;0.3338;2.49
5;4;4;0;0;0;0;0.3338;2.5
4;4;4;0;0;0;0;0.3338;2.54
3;1;4;1;0;1;1;0.3338;2.67
4;3;4;0;0;1;0;0.3338;2.68
5;2;2;2;0;0;1;0.3338;2.75
0;3;4;0;0;1;1;0.3338;2.76
4;1;4;0;0;1;0;0.3338;3.03
0;3;4;0;0;0;1;0.3338;3.04
6;4;4;0;0;1;0;0.3338;3.17
4;3;5;0;1;1;0;0.3338;3.19
5;3;4;0;0;0;0;0.3338;3.24
5;4;4;0;0;1;1;0.3338;3.29
4;3;5;0;1;1;1;0.3338;3.36
0;4;5;0;1;0;0;0.3338;3.38
4;3;5;0;1;0;0;0.3338;3.4
4;3;5;0;1;0;1;0.3338;3.43
4;0;5;0;1;1;1;0.3338;3.44
4;1;4;0;0;0;1;0.3338;3.49
4;1;5;0;1;1;0;0.3338;3.58
4;0;5;0;1;1;0;0.3338;3.63
4;0;4;0;0;0;0;0.3338;3.64
6;4;5;0;1;1;1;0.3338;3.64
6;3;5;0;1;1;1;0.3338;3.65
0;4;5;0;1;1;1;0.3338;3.66
4;3;4;0;0;1;1;0.3338;3.69
4;1;5;0;1;0;1;0.3338;3.73
6;3;5;0;1;1;0;0.3338;3.73
4;1;5;0;1;0;0;0.3338;3.75
4;1;5;0;1;1;1;0.3338;3.81
0;4;5;0;1;0;1;0.3338;3.93
4;1;4;0;0;0;0;0.3338;3.94
4;1;4;0;0;1;1;0.3338;3.94
5;3;4;0;0;1;0;0.3338;3.95
4;4;4;0;0;1;0;0.3338;3.97
0;3;4;0;0;0;0;0.3338;4.01
4;4;4;0;0;0;1;0.3338;4.02
4;4;5;0;1;1;1;0.3338;4.04
4;0;4;0;0;1;1;0.3338;4.14
5;3;4;0;0;1;1;0.3338;4.16
4;0;4;0;0;1;0;0.3338;4.24
5;4;4;0;0;0;1;0.3338;4.25
5;4;4;0;0;1;0;0.3338;4.28
6;1;4;0;0;0;0;0.3338;4.32
0;1;5;0;1;1;1;0.3338;4.35
0;1;4;0;0;0;0;0.3338;4.44
0;4;4;0;0;0;0;0.3338;4.46
4;0;4;0;0;0;1;0.3338;4.46
6;1;4;0;0;1;0;0.3338;4.47
6;3;4;0;0;1;0;0.3338;4.51
6;3;4;0;0;0;0;0.3338;4.57
0;1;4;0;0;1;0;0.3338;4.62
0;4;4;0;0;1;0;0.3338;4.64
0;4;4;0;0;0;1;0.3338;4.67
6;1;4;0;0;0;1;0.3338;4.67
6;1;4;0;0;1;1;0.3338;4.75
6;3;4;0;0;1;1;0.3338;4.75
6;3;4;0;0;0;1;0.3338;4.76
0;4;4;0;0;1;1;0.3338;4.89
0;1;4;0;0;1;1;0.3338;4.9
0;1;5;0;1;1;0;0.3338;5.05
0;3;5;0;1;0;1;0.3338;5.05
6;3;5;0;1;0;0;0.3338;5.24
5;1;4;0;0;1;1;0.3338;5.32
0;4;5;0;1;1;0;0.3338;5.34
6;1;5;0;1;1;0;0.3338;5.43
0;1;4;0;0;0;1;0.3338;5.62
5;4;5;0;1;0;1;0.3338;5.65
0;3;5;0;1;1;0;0.3338;5.75
4;4;5;0;1;1;0;0.3338;5.93
6;4;5;0;1;1;0;0.3338;6.05
4;0;5;0;1;0;0;0.3338;6.1
4;4;5;0;1;0;0;0.3338;6.11
5;3;4;0;0;0;1;0.3338;6.14
4;0;5;0;1;0;1;0.3338;6.2
0;3;5;0;1;0;0;0.3338;6.27
4;4;5;0;1;0;1;0.3338;6.3
0;1;5;0;1;0;0;0.3338;6.37
6;3;5;0;1;0;1;0.3338;6.37
5;1;4;0;0;0;1;0.3338;6.48
0;1;5;0;1;0;1;0.3338;6.56
6;4;5;0;1;0;0;0.3338;6.58
6;1;5;0;1;0;1;0.3338;6.68
6;1;5;0;1;0;0;0.3338;6.69
0;3;5;0;1;1;1;0.3338;6.72
6;4;5;0;1;0;1;0.3338;6.75
5;3;5;0;1;1;0;0.3338;6.83
5;4;5;0;1;1;1;0.3338;6.93
5;1;4;0;0;1;0;0.3338;7.05
5;3;5;0;1;0;1;0.3338;7.21
5;1;5;0;1;1;0;0.3338;7.26
6;1;5;0;1;1;1;0.3338;7.27
5;1;5;0;1;0;0;0.3338;7.33
5;1;5;0;1;0;1;0.3338;7.36
5;3;5;0;1;0;0;0.3338;7.36
5;1;5;0;1;1;1;0.3338;7.5
5;4;5;0;1;0;0;0.3338;7.84
5;4;5;0;1;1;0;0.3338;7.84
5;1;4;0;0;0;0;0.3338;7.91
5;3;5;0;1;1;1;0.3338;8.06
3;3;0;1;0;0;0;0.3324;0.52
3;0;0;1;0;0;0;0.3324;0.53
3;2;0;1;0;0;0;0.3324;0.53
3;4;0;1;0;0;0;0.3324;0.53
3;0;0;1;0;1;0;0.3324;0.54
3;3;0;1;0;1;0;0.3324;0.54
3;4;0;1;0;1;0;0.3324;0.54
3;2;0;1;0;1;0;0.3324;0.56
3;0;0;1;0;0;1;0.3324;0.68
3;0;0;1;0;1;1;0.3324;0.71
3;2;0;1;0;1;1;0.3324;0.71
3;3;0;1;0;1;1;0.3324;0.71
3;2;0;1;0;0;1;0.3324;0.73
3;4;0;1;0;1;1;0.3324;0.75
3;1;0;1;0;1;0;0.3324;0.76
3;3;0;1;0;0;1;0.3324;0.78
3;4;0;1;0;0;1;0.3324;0.82
3;1;0;1;0;1;1;0.3324;0.85
3;5;0;1;0;0;1;0.3324;0.94
3;1;0;1;0;0;0;0.3324;1.01
3;1;0;1;0;0;1;0.3324;1.34
3;5;0;1;0;1;0;0.3324;1.35
3;5;0;1;0;0;0;0.3324;1.51
3;5;0;1;1;0;0;0.3324;1.7
1;3;4;1;1;0;0;0.3324;1.75
1;2;0;1;1;1;0;0.3324;1.76
3;5;0;1;0;1;1;0.3324;1.79
3;2;0;1;1;1;0;0.3324;1.8
3;5;0;1;1;1;0;0.3324;1.8
3;2;4;1;1;0;0;0.3324;1.8
3;3;4;1;1;0;0;0.3324;1.8
3;0;4;1;1;0;0;0.3324;1.82
1;3;4;1;1;1;0;0.3324;1.86
1;5;4;1;1;1;0;0.3324;1.87
1;4;0;1;1;1;1;0.3324;1.92
1;5;4;1;1;0;1;0.3324;1.92
3;5;0;1;1;0;1;0.3324;1.93
3;0;0;1;1;1;1;0.3324;1.96
3;0;0;1;1;0;1;0.3324;1.97
1;3;4;1;1;0;1;0.3324;2.01
1;5;4;1;1;0;0;0.3324;2.01
3;0;4;1;1;1;0;0.3324;2.04
3;4;0;1;1;0;1;0.3324;2.05
1;2;5;1;0;0;0;0.3324;2.06
3;2;0;1;1;1;1;0.3324;2.07
3;0;4;1;1;1;1;0.3324;2.07
1;4;4;1;1;0;0;0.3324;2.09
1;3;4;1;1;1;1;0.3324;2.1
1;4;5;1;0;0;0;0.3324;2.1
3;0;0;1;1;0;0;0.3324;2.1
3;4;0;1;1;0;0;0.3324;2.1
1;4;0;1;1;1;0;0.3324;2.12
1;5;4;1;1;1;1;0.3324;2.12
3;0;5;1;0;0;0;0.3324;2.16
3;1;0;1;1;0;0;0.3324;2.17
3;1;5;1;0;0;0;0.3324;2.2
3;2;5;1;0;1;0;0.3324;2.25
3;3;5;1;0;0;0;0.3324;2.25
1;0;5;1;0;0;0;0.3324;2.26
3;5;5;1;0;1;0;0.3324;2.26
3;3;4;1;1;1;0;0.3324;2.27
3;3;5;1;0;0;1;0.3324;2.27
3;0;5;1;0;0;1;0.3324;2.31
3;3;5;1;0;1;0;0.3324;2.33
3;3;0;1;1;1;0;0.3324;2.34
1;4;5;1;0;0;1;0.3324;2.39
3;3;4;1;1;0;1;0.3324;2.39
3;0;5;1;0;1;1;0.3324;2.4
3;2;5;1;0;0;1;0.3324;2.4
3;3;0;1;1;0;0;0.3324;2.41
3;1;0;1;1;0;1;0.3324;2.42
1;4;4;1;1;0;1;0.3324;2.44
1;2;5;1;0;1;1;0.3324;2.44
3;1;5;1;0;1;1;0.3324;2.44
3;5;0;1;1;1;1;0.3324;2.45
3;2;0;1;1;0;0;0.3324;2.49
1;4;0;1;1;0;1;0.3324;2.52
1;3;5;1;0;1;0;0.3324;2.53
3;0;5;1;0;1;0;0.3324;2.53
3;2;5;1;0;0;0;0.3324;2.58
1;4;5;1;0;1;0;0.3324;2.61
3;3;0;1;1;1;1;0.3324;2.63
1;2;4;1;1;1;1;0.3324;2.69
1;4;4;1;1;1;1;0.3324;2.74
3;0;0;1;1;1;0;0.3324;2.75
3;1;5;1;0;1;0;0.3324;2.75
3;1;5;1;0;0;1;0.3324;2.89
3;5;5;1;0;0;1;0.3324;2.89
3;2;4;1;1;0;1;0.3324;2.94
1;2;5;1;0;0;1;0.3324;2.97
1;2;0;1;1;0;1;0.3324;2.99
1;3;0;1;1;0;1;0.3324;3.02
1;4;5;1;0;1;1;0.3324;3.02
3;5;5;1;0;1;1;0.3324;3.04
3;1;4;1;1;1;0;0.3324;3.06
3;4;5;1;0;0;0;0.3324;3.07
1;3;0;1;1;0;0;0.3324;3.13
1;0;0;1;1;1;1;0.3324;3.15
1;2;0;1;1;0;0;0.3324;3.17
3;5;5;1;0;0;0;0.3324;3.2
1;4;0;1;1;0;0;0.3324;3.21
1;2;5;1;0;1;0;0.3324;3.24
1;1;0;1;1;1;0;0.3324;3.33
1;1;4;1;1;1;0;0.3324;3.33
3;5;4;1;1;1;0;0.3324;3.37
3;2;0;1;1;0;1;0.3324;3.43
1;5;0;1;1;0;0;0.3324;3.44
1;1;4;1;1;0;1;0.3324;3.44
1;2;4;1;1;0;0;0.3324;3.44
1;5;0;1;1;0;1;0.3324;3.46
3;1;0;1;1;1;0;0.3324;3.47
3;4;4;1;1;0;1;0.3324;3.48
3;1;4;1;1;0;0;0.3324;3.49
1;5;0;1;1;1;0;0.3324;3.53
1;0;4;1;1;1;1;0.3324;3.54
3;2;5;1;0;1;1;0.3324;3.54
1;4;4;1;1;1;0;0.3324;3.57
1;2;4;1;1;1;0;0.3324;3.59
3;4;0;1;1;1;0;0.3324;3.61
3;3;0;1;1;0;1;0.3324;3.66
3;2;4;1;1;1;0;0.3324;3.7
1;2;0;1;1;1;1;0.3324;3.72
1;2;4;1;1;0;1;0.3324;3.72
3;5;4;1;1;1;1;0.3324;3.73
1;0;0;1;1;1;0;0.3324;3.74
1;1;4;1;1;0;0;0.3324;3.74
3;4;4;1;1;1;0;0.3324;3.75
1;5;0;1;1;1;1;0.3324;3.77
3;4;5;1;0;0;1;0.3324;3.77
1;0;4;1;1;1;0;0.3324;3.82
3;1;4;1;1;0;1;0.3324;3.82
1;5;5;1;0;0;0;0.3324;3.84
3;1;0;1;1;1;1;0.3324;3.85
1;1;0;1;1;1;1;0.3324;3.86
3;4;0;1;1;1;1;0.3324;3.87
1;3;0;1;1;1;0;0.3324;3.9
3;4;4;1;1;0;0;0.3324;3.97
1;0;0;1;1;0;1;0.3324;3.98
3;0;4;1;1;0;1;0.3324;3.98
3;3;4;1;1;1;1;0.3324;4.0
3;2;4;1;1;1;1;0.3324;4.03
1;1;5;1;0;0;0;0.3324;4.04
1;3;5;1;0;0;0;0.3324;4.04
3;4;4;1;1;1;1;0.3324;4.04
1;0;0;1;1;0;0;0.3324;4.1
3;5;4;1;1;0;1;0.3324;4.15
1;1;0;1;1;0;1;0.3324;4.18
1;0;4;1;1;0;1;0.3324;4.2
1;1;5;1;0;1;0;0.3324;4.22
1;1;4;1;1;1;1;0.3324;4.24
1;1;5;1;0;0;1;0.3324;4.31
1;0;5;1;0;0;1;0.3324;4.32
1;5;5;1;0;1;0;0.3324;4.34
1;1;0;1;1;0;0;0.3324;4.38
1;3;0;1;1;1;1;0.3324;4.38
1;3;5;1;0;0;1;0.3324;4.38
3;5;4;1;1;0;0;0.3324;4.46
1;1;5;1;0;1;1;0.3324;4.53
1;0;5;1;0;1;1;0.3324;4.57
1;0;5;1;0;1;0;0.3324;4.59
3;4;5;1;0;1;0;0.3324;4.62
1;5;5;1;0;0;1;0.3324;4.66
1;5;5;1;0;1;1;0.3324;4.67
3;3;5;1;0;1;1;0.3324;4.68
1;0;4;1;1;0;0;0.3324;4.94
1;3;5;1;0;1;1;0.3324;4.94
3;4;5;1;0;1;1;0.3324;4.94
3;1;4;1;1;1;1;0.3324;5.36
0;1;0;1;1;1;0;0.3321;1.37
5;4;0;1;1;0;0;0.3321;1.4
5;4;0;1;1;1;0;0.3321;1.48
6;0;0;1;1;0;0;0.3321;1.48
6;4;0;1;1;0;0;0.3321;1.48
5;3;0;1;1;0;0;0.3321;1.5
5;0;4;1;1;0;0;0.3321;1.51
5;1;1;1;1;1;0;0.3321;1.52
6;1;0;1;1;0;0;0.3321;1.54
4;5;0;1;1;0;0;0.3321;1.55
5;0;0;1;1;0;1;0.3321;1.55
4;2;0;1;1;0;0;0.3321;1.56
5;4;0;1;1;0;1;0.3321;1.56
5;0;4;1;1;1;0;0.3321;1.56
6;3;0;1;1;0;0;0.3321;1.58
0;4;4;1;1;1;1;0.3321;1.61
6;1;0;1;1;0;1;0.3321;1.63
6;0;4;1;1;0;0;0.3321;1.63
4;5;0;1;1;1;0;0.3321;1.65
5;0;0;1;1;0;0;0.3321;1.65
5;1;1;1;1;1;1;0.3321;1.65
6;4;4;1;1;0;0;0.3321;1.66
5;0;4;1;1;0;1;0.3321;1.67
5;0;1;1;1;1;1;0.3321;1.68
4;1;4;1;1;0;0;0.3321;1.69
0;0;4;1;1;0;1;0.3321;1.71
0;1;5;1;0;0;0;0.3321;1.71
0;0;5;1;0;0;0;0.3321;1.72
6;3;0;1;1;0;1;0.3321;1.72
4;5;0;1;1;1;1;0.3321;1.75
0;4;5;1;0;0;0;0.3321;1.76
6;4;4;1;1;0;1;0.3321;1.77
4;3;4;1;1;1;0;0.3321;1.78
4;4;4;1;1;1;0;0.3321;1.78
6;4;1;1;1;1;1;0.3321;1.78
0;4;4;1;1;1;0;0.3321;1.8
6;3;1;1;1;1;1;0.3321;1.8
0;4;5;1;0;1;0;0.3321;1.81
6;0;1;1;1;1;0;0.3321;1.81
6;4;1;1;1;1;0;0.3321;1.81
0;1;4;1;1;1;0;0.3321;1.82
5;0;4;1;1;1;1;0.3321;1.83
0;0;4;1;1;1;0;0.3321;1.84
6;1;1;1;1;1;0;0.3321;1.84
0;4;5;1;0;0;1;0.3321;1.86
6;0;4;1;1;0;1;0.3321;1.86
4;3;0;1;1;0;0;0.3321;1.87
4;4;4;1;1;1;1;0.3321;1.88
6;4;4;1;1;1;1;0.3321;1.88
6;0;0;1;1;0;1;0.3321;1.89
5;1;5;1;0;1;0;0.3321;1.9
4;2;0;1;1;0;1;0.3321;1.92
6;5;1;2;1;0;0;0.3321;1.92
0;0;5;1;0;0;1;0.3321;1.93
6;3;0;1;1;1;0;0.3321;1.94
0;3;5;1;0;1;1;0.3321;1.96
4;4;0;1;1;0;1;0.3321;1.98
6;3;5;1;0;0;0;0.3321;1.98
4;4;0;1;1;1;0;0.3321;2.0
4;1;5;1;0;0;0;0.3321;2.0
4;3;5;1;0;0;0;0.3321;2.0
5;3;5;1;0;1;0;0.3321;2.0
5;3;0;1;1;0;1;0.3321;2.01
0;4;5;1;0;1;1;0.3321;2.02
0;1;0;1;1;1;1;0.3321;2.03
5;3;5;1;0;1;1;0.3321;2.03
6;4;0;1;1;1;1;0.3321;2.03
5;3;5;1;0;0;1;0.3321;2.04
6;3;5;1;0;0;1;0.3321;2.09
4;0;5;1;0;0;0;0.3321;2.1
4;0;5;1;0;1;0;0.3321;2.1
5;1;5;1;0;0;1;0.3321;2.1
4;4;5;1;0;1;0;0.3321;2.11
6;4;4;1;1;1;0;0.3321;2.11
4;4;5;1;0;0;0;0.3321;2.13
6;5;1;2;1;0;1;0.3321;2.13
0;3;0;1;1;1;1;0.3321;2.14
6;1;0;1;1;1;0;0.3321;2.15
0;3;4;1;1;1;0;0.3321;2.16
6;5;1;2;1;1;0;0.3321;2.16
6;3;5;1;0;1;0;0.3321;2.16
6;4;5;1;0;0;0;0.3321;2.16
4;3;5;1;0;1;0;0.3321;2.17
4;3;5;1;0;0;1;0.3321;2.18
5;4;5;1;0;0;0;0.3321;2.18
4;5;5;1;0;1;0;0.3321;2.19
4;4;5;1;0;0;1;0.3321;2.2
0;0;5;1;0;1;1;0.3321;2.21
4;3;4;1;1;0;1;0.3321;2.22
4;0;5;1;0;1;1;0.3321;2.23
0;5;1;2;1;1;0;0.3321;2.24
0;0;5;1;0;1;0;0.3321;2.26
5;4;5;1;0;0;1;0.3321;2.27
3;1;4;0;0;0;1;0.3321;2.29
4;0;5;1;0;0;1;0.3321;2.3
4;5;5;1;0;1;1;0.3321;2.31
6;0;4;1;1;1;0;0.3321;2.31
5;4;5;1;0;1;0;0.3321;2.34
6;0;4;1;1;1;1;0.3321;2.38
0;5;1;2;1;1;1;0.3321;2.44
4;1;4;1;1;0;1;0.3321;2.48
0;0;0;1;1;0;0;0.3321;2.5
0;1;0;1;1;0;0;0.3321;2.5
0;0;4;1;1;0;0;0.3321;2.53
0;1;0;1;1;0;1;0.3321;2.54
3;1;4;0;0;0;0;0.3321;2.56
4;3;4;1;1;1;1;0.3321;2.57
6;3;1;1;1;1;0;0.3321;2.59
6;1;4;1;1;0;0;0.3321;2.59
0;1;5;1;0;0;1;0.3321;2.6
5;0;1;1;1;1;0;0.3321;2.6
0;0;0;1;1;1;0;0.3321;2.61
0;4;4;1;1;0;0;0.3321;2.62
5;4;0;1;1;1;1;0.3321;2.63
5;4;1;1;1;1;0;0.3321;2.66
4;5;0;1;1;0;1;0.3321;2.69
0;1;4;1;1;0;0;0.3321;2.71
0;3;5;1;0;1;0;0.3321;2.72
0;3;0;1;1;0;0;0.3321;2.74
4;0;4;1;1;1;0;0.3321;2.76
5;3;5;1;0;0;0;0.3321;2.77
6;1;4;1;1;1;0;0.3321;2.77
6;0;5;1;0;0;0;0.3321;2.77
0;1;1;1;1;1;0;0.3321;2.78
4;5;1;1;1;1;0;0.3321;2.78
4;4;5;1;0;1;1;0.3321;2.78
5;1;0;1;1;0;0;0.3321;2.78
4;0;4;1;1;1;1;0.3321;2.84
5;4;1;1;1;1;1;0.3321;2.86
0;0;0;1;1;1;1;0.3321;2.88
0;3;4;1;1;0;0;0.3321;2.9
6;3;0;1;1;1;1;0.3321;2.95
0;4;0;1;1;0;0;0.3321;2.96
0;3;4;1;1;1;1;0.3321;2.97
4;3;4;1;1;0;0;0.3321;2.98
0;3;1;1;1;1;0;0.3321;2.99
0;3;4;1;1;0;1;0.3321;3.01
0;4;4;1;1;0;1;0.3321;3.01
0;4;0;1;1;1;0;0.3321;3.03
4;0;0;1;1;0;0;0.3321;3.03
0;0;0;1;1;0;1;0.3321;3.04
4;1;0;1;1;0;0;0.3321;3.04
5;3;0;1;1;1;0;0.3321;3.04
5;1;4;1;1;0;0;0.3321;3.04
6;0;0;1;1;1;0;0.3321;3.04
5;1;0;1;1;0;1;0.3321;3.06
0;1;1;1;1;1;1;0.3321;3.07
4;2;5;1;0;0;0;0.3321;3.07
5;3;0;1;1;1;1;0.3321;3.07
5;1;5;1;0;1;1;0.3321;3.08
0;1;4;1;1;0;1;0.3321;3.1
0;3;0;1;1;1;0;0.3321;3.11
6;5;1;2;1;1;1;0.3321;3.12
0;1;4;1;1;1;1;0.3321;3.13
6;3;4;1;1;0;0;0.3321;3.13
4;3;0;1;1;1;0;0.3321;3.15
0;0;1;1;1;1;0;0.3321;3.16
5;1;0;1;1;1;1;0.3321;3.16
0;0;4;1;1;1;1;0.3321;3.2
0;4;0;1;1;0;1;0.3321;3.21
5;3;4;1;1;1;0;0.3321;3.23
6;3;4;1;1;1;0;0.3321;3.26
0;3;0;1;1;0;1;0.3321;3.28
4;5;4;1;1;0;0;0.3321;3.28
5;3;4;1;1;1;1;0.3321;3.28
6;4;0;1;1;1;0;0.3321;3.28
6;4;5;1;0;0;1;0.3321;3.28
4;2;0;1;1;1;0;0.3321;3.29
4;0;1;1;1;1;0;0.3321;3.31
4;3;1;1;1;1;0;0.3321;3.31
6;1;4;1;1;0;1;0.3321;3.31
4;1;0;1;1;0;1;0.3321;3.32
4;4;1;1;1;1;0;0.3321;3.32
6;1;0;1;1;1;1;0.3321;3.33
4;3;0;1;1;0;1;0.3321;3.34
5;4;4;1;1;0;0;0.3321;3.34
4;0;4;1;1;0;0;0.3321;3.35
5;3;1;1;1;1;0;0.3321;3.35
6;3;4;1;1;0;1;0.3321;3.36
0;4;1;1;1;1;1;0.3321;3.37
0;1;5;1;0;1;0;0.3321;3.37
5;1;5;1;0;0;0;0.3321;3.37
5;1;4;1;1;0;1;0.3321;3.38
0;4;0;1;1;1;1;0.3321;3.39
4;1;0;1;1;1;0;0.3321;3.39
4;1;4;1;1;1;0;0.3321;3.39
5;1;4;1;1;1;0;0.3321;3.39
5;4;4;1;1;0;1;0.3321;3.39
4;0;0;1;1;1;0;0.3321;3.41
4;4;0;1;1;1;1;0.3321;3.41
6;0;0;1;1;1;1;0.3321;3.41
4;3;0;1;1;1;1;0.3321;3.42
4;2;5;1;0;0;1;0.3321;3.42
6;0;1;1;1;1;1;0.3321;3.43
0;3;5;1;0;0;0;0.3321;3.44
4;0;0;1;1;0;1;0.3321;3.44
4;4;4;1;1;0;1;0.3321;3.44
5;3;4;1;1;0;0;0.3321;3.44
4;2;4;1;1;0;0;0.3321;3.45
6;1;1;1;1;1;1;0.3321;3.45
4;4;1;1;1;1;1;0.3321;3.46
6;4;5;1;0;1;0;0.3321;3.46
4;2;0;1;1;1;1;0.3321;3.47
4;2;4;1;1;1;0;0.3321;3.47
0;4;1;1;1;1;0;0.3321;3.52
4;5;4;1;1;1;0;0.3321;3.52
6;1;4;1;1;1;1;0.3321;3.52
6;3;4;1;1;1;1;0.3321;3.52
4;0;1;1;1;1;1;0.3321;3.53
4;2;4;1;1;0;1;0.3321;3.54
4;5;4;1;1;0;1;0.3321;3.54
4;1;5;1;0;0;1;0.3321;3.55
4;3;5;1;0;1;1;0.3321;3.55
0;2;1;2;1;0;0;0.3321;3.56
0;3;5;1;0;0;1;0.3321;3.56
4;1;1;1;1;1;0;0.3321;3.56
0;5;1;2;1;0;1;0.3321;3.57
4;2;1;1;1;1;1;0.3321;3.57
4;5;1;1;1;1;1;0.3321;3.57
4;4;0;1;1;0;0;0.3321;3.58
0;5;1;2;1;0;0;0.3321;3.59
4;3;1;1;1;1;1;0.3321;3.59
4;5;5;1;0;0;0;0.3321;3.59
5;0;5;1;0;1;0;0.3321;3.59
4;2;1;1;1;1;0;0.3321;3.61
0;2;1;2;1;0;1;0.3321;3.63
4;1;0;1;1;1;1;0.3321;3.64
4;1;1;1;1;1;1;0.3321;3.64
4;4;4;1;1;0;0;0.3321;3.65
5;0;5;1;0;0;0;0.3321;3.66
6;0;5;1;0;1;1;0.3321;3.69
4;0;0;1;1;1;1;0.3321;3.71
4;1;4;1;1;1;1;0.3321;3.71
0;3;1;1;1;1;1;0.3321;3.72
4;5;4;1;1;1;1;0.3321;3.72
0;1;5;1;0;1;1;0.3321;3.73
4;2;4;1;1;1;1;0.3321;3.73
6;1;5;1;0;0;0;0.3321;3.73
6;2;1;2;1;0;0;0.3321;3.75
4;2;5;1;0;1;0;0.3321;3.76
6;3;5;1;0;1;1;0.3321;3.78
0;0;1;1;1;1;1;0.3321;3.8
5;3;1;1;1;1;1;0.3321;3.8
5;4;4;1;1;1;0;0.3321;3.81
6;4;0;1;1;0;1;0.3321;3.82
5;0;5;1;0;1;1;0.3321;3.84
6;1;5;1;0;1;0;0.3321;3.85
4;2;5;1;0;1;1;0.3321;3.86
4;5;5;1;0;0;1;0.3321;3.86
6;0;5;1;0;1;0;0.3321;3.86
5;0;5;1;0;0;1;0.3321;3.88
6;2;1;2;1;1;0;0.3321;3.92
6;1;5;1;0;0;1;0.3321;3.95
6;1;5;1;0;1;1;0.3321;3.95
5;3;4;1;1;0;1;0.3321;3.98
6;2;1;2;1;0;1;0.3321;3.98
5;4;4;1;1;1;1;0.3321;4.01
6;0;5;1;0;0;1;0.3321;4.02
4;1;5;1;0;1;0;0.3321;4.03
3;1;4;0;0;1;0;0.3321;4.22
4;1;5;1;0;1;1;0.3321;4.27
4;0;4;1;1;0;1;0.3321;4.33
6;2;1;2;1;1;1;0.3321;4.41
5;1;4;1;1;1;1;0.3321;4.42
5;1;0;1;1;1;0;0.3321;4.44
5;0;0;1;1;1;1;0.3321;4.46
6;4;5;1;0;1;1;0.3321;4.46
3;1;4;0;0;1;1;0.3321;4.47
5;0;0;1;1;1;0;0.3321;4.56
0;2;1;2;1;1;0;0.3321;4.63
0;2;1;2;1;1;1;0.3321;5.31
5;4;5;1;0;1;1;0.3321;5.36
5;0;1;2;0;0;0;0.3294;1.13
5;1;1;2;0;0;0;0.3294;1.18
5;1;1;2;0;1;0;0.3294;1.2
5;0;1;2;0;0;1;0.3294;1.3
5;1;1;2;0;1;1;0.3294;1.31
5;4;1;2;0;0;0;0.3294;1.32
5;0;1;2;0;1;0;0.3294;1.65
5;1;1;2;0;0;1;0.3294;1.76
5;3;1;2;0;1;1;0.3294;1.98
5;4;1;2;0;1;1;0.3294;2.25
5;0;1;2;0;1;1;0.3294;2.46
5;3;1;2;0;0;0;0.3294;2.67
5;4;1;2;0;0;1;0.3294;2.84
5;3;1;2;0;1;0;0.3294;3.15
5;3;1;2;0;0;1;0.3294;3.19
5;4;1;2;0;1;0;0.3294;3.58
5;0;0;0;1;1;0;0.3279;1.79
6;4;0;0;1;1;0;0.3279;1.84
6;2;1;0;1;1;0;0.3279;1.85
6;4;0;0;1;0;1;0.3279;1.87
0;2;1;0;1;1;0;0.3279;1.9
5;2;1;0;1;1;1;0.3279;1.9
5;4;0;0;1;1;1;0.3279;1.91
6;0;1;0;1;1;0;0.3279;1.94
4;2;0;0;1;1;0;0.3279;1.95
6;0;0;0;1;1;1;0.3279;1.95
6;3;0;0;1;1;1;0.3279;1.95
5;5;1;0;1;1;0;0.3279;1.98
6;4;1;0;1;1;0;0.3279;1.98
0;0;0;0;1;1;1;0.3279;1.99
4;2;0;0;1;1;1;0.3279;1.99
4;3;0;0;1;1;0;0.3279;1.99
4;5;0;0;1;1;1;0.3279;2.0
4;3;0;0;1;1;1;0.3279;2.02
6;0;1;0;1;1;1;0.3279;2.02
6;2;1;0;1;1;1;0.3279;2.02
6;3;1;0;1;1;1;0.3279;2.07
6;1;1;0;1;1;1;0.3279;2.09
5;4;0;0;1;1;0;0.3279;2.1
0;4;0;0;1;1;0;0.3279;2.17
0;1;1;0;1;1;0;0.3279;2.18
5;0;1;0;1;1;1;0.3279;2.2
6;5;1;0;1;1;1;0.3279;2.2
4;1;1;0;1;1;0;0.3279;2.22
5;0;0;0;1;1;1;0.3279;2.26
5;0;1;0;1;1;0;0.3279;2.26
5;2;1;0;1;1;0;0.3279;2.31
4;5;1;0;1;1;1;0.3279;2.35
6;4;1;0;1;1;1;0.3279;2.37
0;1;0;0;1;1;0;0.3279;2.41
4;5;0;0;1;1;0;0.3279;2.46
6;3;1;0;1;1;0;0.3279;2.49
6;4;0;0;1;1;1;0.3279;2.58
4;4;1;0;1;1;0;0.3279;2.62
0;0;0;0;1;1;0;0.3279;2.86
6;0;0;0;1;1;0;0.3279;2.9
0;3;1;0;1;1;0;0.3279;2.96
6;4;0;0;1;0;0;0.3279;3.02
0;3;0;0;1;1;0;0.3279;3.07
0;3;0;0;1;1;1;0.3279;3.13
0;4;1;0;1;1;0;0.3279;3.16
6;3;0;0;1;1;0;0.3279;3.2
5;1;0;0;1;1;0;0.3279;3.22
0;4;1;0;1;1;1;0.3279;3.23
6;0;0;0;1;0;0;0.3279;3.24
0;1;0;0;1;1;1;0.3279;3.26
5;3;0;0;1;1;0;0.3279;3.26
4;1;1;0;1;1;1;0.3279;3.3
0;3;1;0;1;1;1;0.3279;3.35
5;4;1;0;1;1;0;0.3279;3.38
6;1;0;0;1;0;0;0.3279;3.43
5;1;1;0;1;1;0;0.3279;3.51
6;1;0;0;1;1;0;0.3279;3.52
6;5;1;0;1;1;0;0.3279;3.52
6;0;0;0;1;0;1;0.3279;3.53
6;3;0;0;1;0;0;0.3279;3.56
6;1;0;0;1;0;1;0.3279;3.58
5;3;1;0;1;1;0;0.3279;3.59
4;0;0;0;1;1;0;0.3279;3.61
5;5;1;0;1;1;1;0.3279;3.61
0;4;0;0;1;1;1;0.3279;3.62
4;1;0;0;1;1;0;0.3279;3.62
6;1;1;0;1;1;0;0.3279;3.64
5;1;1;0;1;1;1;0.3279;3.65
5;3;0;0;1;1;1;0.3279;3.66
5;4;1;0;1;1;1;0.3279;3.66
4;1;0;0;1;1;1;0.3279;3.68
4;5;1;0;1;1;0;0.3279;3.71
0;0;1;0;1;1;1;0.3279;3.74
4;2;1;0;1;1;0;0.3279;3.74
6;3;0;0;1;0;1;0.3279;3.74
4;0;1;0;1;1;0;0.3279;3.75
4;3;1;0;1;1;0;0.3279;3.75
6;1;0;0;1;1;1;0.3279;3.76
0;2;1;0;1;1;1;0.3279;3.9
0;0;1;0;1;1;0;0.3279;3.92
0;1;1;0;1;1;1;0.3279;3.95
4;2;1;0;1;1;1;0.3279;3.96
4;4;1;0;1;1;1;0.3279;4.14
4;0;0;0;1;1;1;0.3279;4.32
4;3;1;0;1;1;1;0.3279;4.32
4;4;0;0;1;1;0;0.3279;4.33
5;1;0;0;1;1;1;0.3279;4.35
4;0;1;0;1;1;1;0.3279;4.36
0;5;1;0;1;1;0;0.3279;4.53
5;3;1;0;1;1;1;0.3279;4.53
4;4;0;0;1;1;1;0.3279;4.59
0;5;1;0;1;1;1;0.3279;5.03
0;2;0;1;1;1;0;0.3277;1.41
5;2;0;1;1;0;0;0.3277;1.41
5;5;0;1;1;0;0;0.3277;1.43
5;5;0;1;1;1;0;0.3277;1.46
0;5;4;1;1;1;0;0.3277;1.47
0;2;4;1;1;1;0;0.3277;1.48
6;2;0;1;1;1;0;0.3277;1.58
0;5;4;1;1;0;1;0.3277;1.59
5;2;0;1;1;0;1;0.3277;1.62
5;5;0;1;1;0;1;0.3277;1.62
6;2;0;1;1;0;0;0.3277;1.62
0;2;0;1;1;1;1;0.3277;1.63
6;5;4;1;1;0;0;0.3277;1.63
0;5;5;1;0;0;0;0.3277;1.71
6;2;4;1;1;1;0;0.3277;1.71
6;5;4;1;1;1;0;0.3277;1.71
0;5;4;1;1;0;0;0.3277;1.72
6;2;4;1;1;0;0;0.3277;1.73
6;2;4;1;1;0;1;0.3277;1.77
6;2;0;1;1;0;1;0.3277;1.8
6;5;4;1;1;0;1;0.3277;1.85
0;5;5;1;0;1;0;0.3277;1.88
5;2;4;1;1;1;1;0.3277;1.88
0;5;5;1;0;0;1;0.3277;1.9
6;5;5;1;0;0;0;0.3277;1.9
0;2;4;1;1;0;0;0.3277;1.92
6;2;5;1;0;0;0;0.3277;1.94
1;5;4;0;1;0;0;0.3277;1.98
6;2;0;1;1;1;1;0.3277;1.98
0;2;0;1;1;0;1;0.3277;1.99
1;2;0;2;1;1;0;0.3277;2.03
0;2;4;1;1;1;1;0.3277;2.07
0;5;5;1;0;1;1;0.3277;2.07
1;2;0;2;1;0;0;0.3277;2.08
1;3;4;0;1;1;0;0.3277;2.09
1;4;4;0;1;0;0;0.3277;2.11
3;1;4;0;1;1;0;0.3277;2.11
6;5;5;1;0;1;0;0.3277;2.11
1;3;4;0;1;0;0;0.3277;2.14
1;5;4;0;1;1;0;0.3277;2.14
1;4;0;2;1;1;0;0.3277;2.16
1;2;4;2;1;0;0;0.3277;2.2
3;1;5;1;1;0;0;0.3277;2.21
6;5;5;1;0;1;1;0.3277;2.22
1;3;4;2;1;0;0;0.3277;2.23
1;4;4;0;1;0;1;0.3277;2.25
1;2;0;2;1;0;1;0.3277;2.3
1;2;0;2;1;1;1;0.3277;2.31
6;2;5;1;0;1;0;0.3277;2.31
1;3;4;2;1;1;0;0.3277;2.33
3;1;5;0;0;0;0;0.3277;2.33
1;3;0;2;1;1;1;0.3277;2.34
1;4;4;0;1;1;1;0.3277;2.34
6;5;4;1;1;1;1;0.3277;2.36
1;5;4;0;1;0;1;0.3277;2.37
1;1;4;2;1;0;0;0.3277;2.4
1;5;4;0;1;1;1;0.3277;2.42
3;4;5;0;0;1;0;0.3277;2.44
1;4;0;2;1;0;1;0.3277;2.45
1;3;4;2;1;0;1;0.3277;2.45
0;2;4;1;1;0;1;0.3277;2.47
1;2;5;0;0;0;1;0.3277;2.47
3;2;5;0;0;1;0;0.3277;2.47
0;2;0;1;1;0;0;0.3277;2.48
1;4;0;2;1;1;1;0.3277;2.48
1;2;4;2;1;0;1;0.3277;2.48
3;1;5;0;0;1;0;0.3277;2.49
3;1;5;2;1;0;0;0.3277;2.51
3;2;5;0;0;0;0;0.3277;2.51
1;2;4;2;1;1;1;0.3277;2.52
1;3;4;2;1;1;1;0.3277;2.53
1;1;0;2;1;1;1;0.3277;2.55
3;2;5;0;0;0;1;0.3277;2.56
1;2;5;0;0;0;0;0.3277;2.57
1;3;5;0;0;1;1;0.3277;2.58
1;1;4;2;1;0;1;0.3277;2.61
1;2;5;2;0;0;0;0.3277;2.61
1;3;5;0;0;1;0;0.3277;2.61
1;0;5;2;0;0;0;0.3277;2.64
5;2;0;1;1;1;1;0.3277;2.64
1;3;5;2;0;0;1;0.3277;2.7
1;0;5;2;0;0;1;0.3277;2.71
6;5;5;1;0;0;1;0.3277;2.71
3;5;5;0;0;1;1;0.3277;2.73
3;0;4;0;1;1;1;0.3277;2.75
1;0;0;2;1;0;0;0.3277;2.76
3;1;4;0;1;1;1;0.3277;2.77
1;2;5;2;0;0;1;0.3277;2.78
6;5;0;1;1;0;0;0.3277;2.79
1;3;5;0;0;0;1;0.3277;2.84
5;2;0;1;1;1;0;0.3277;2.85
6;2;5;1;0;0;1;0.3277;2.87
3;3;4;0;1;1;1;0.3277;2.88
5;5;4;1;1;0;0;0.3277;2.9
1;3;4;0;1;0;1;0.3277;2.91
3;3;4;0;1;0;0;0.3277;2.97
1;3;5;2;0;0;0;0.3277;3.0
3;4;5;0;0;1;1;0.3277;3.01
1;2;5;0;0;1;0;0.3277;3.04
5;5;4;1;1;1;0;0.3277;3.05
1;5;5;0;0;0;0;0.3277;3.07
3;3;4;0;1;0;1;0.3277;3.07
0;5;4;1;1;1;1;0.3277;3.08
6;2;5;1;0;1;1;0.3277;3.08
3;1;5;0;0;1;1;0.3277;3.18
5;5;4;1;1;0;1;0.3277;3.19
6;5;0;1;1;1;0;0.3277;3.22
5;5;0;1;1;1;1;0.3277;3.23
1;2;4;2;1;1;0;0.3277;3.24
3;1;5;0;0;0;1;0.3277;3.26
0;2;5;1;0;0;0;0.3277;3.29
1;5;0;2;1;1;0;0.3277;3.31
1;2;5;2;0;1;0;0.3277;3.35
0;5;0;1;1;0;1;0.3277;3.36
5;5;4;1;1;1;1;0.3277;3.36
6;5;0;1;1;0;1;0.3277;3.37
6;2;4;1;1;1;1;0.3277;3.42
1;5;5;0;0;1;0;0.3277;3.46
5;2;4;1;1;1;0;0.3277;3.46
1;3;5;2;0;1;0;0.3277;3.47
3;2;5;0;0;1;1;0.3277;3.47
3;4;5;0;0;0;1;0.3277;3.47
5;5;5;1;0;0;0;0.3277;3.47
5;2;5;1;0;0;0;0.3277;3.48
0;2;5;1;0;1;0;0.3277;3.49
1;0;4;0;1;1;1;0.3277;3.51
1;4;5;0;0;1;0;0.3277;3.53
6;5;0;1;1;1;1;0.3277;3.53
0;2;5;1;0;0;1;0.3277;3.54
1;4;5;0;0;0;0;0.3277;3.54
0;5;0;1;1;1;0;0.3277;3.57
1;0;5;2;0;1;0;0.3277;3.58
1;0;4;0;1;0;0;0.3277;3.6
1;5;5;0;0;1;1;0.3277;3.69
0;2;5;1;0;1;1;0.3277;3.7
1;1;0;2;1;0;0;0.3277;3.72
1;3;0;2;1;0;0;0.3277;3.73
1;5;0;2;1;0;0;0.3277;3.76
1;1;4;0;1;0;0;0.3277;3.77
1;2;4;0;1;0;0;0.3277;3.77
5;2;5;1;0;1;1;0.3277;3.8
3;4;5;0;0;0;0;0.3277;3.81
5;5;5;1;0;0;1;0.3277;3.81
0;5;0;1;1;0;0;0.3277;3.82
1;0;5;2;0;1;1;0.3277;3.85
1;0;4;2;1;0;1;0.3277;3.86
3;2;4;0;1;0;0;0.3277;3.88
1;4;0;2;1;0;0;0.3277;3.89
3;3;4;0;1;1;0;0.3277;3.9
3;5;5;0;0;1;0;0.3277;3.91
5;2;4;1;1;0;0;0.3277;3.92
5;2;5;1;0;0;1;0.3277;3.92
1;1;0;2;1;1;0;0.3277;3.96
3;1;5;1;1;0;1;0.3277;3.96
5;2;5;1;0;1;0;0.3277;3.98
1;0;0;2;1;1;0;0.3277;3.99
1;3;4;0;1;1;1;0.3277;3.99
1;0;0;2;1;0;1;0.3277;4.0
1;2;4;0;1;1;0;0.3277;4.02
5;5;5;1;0;1;1;0.3277;4.03
1;0;0;2;1;1;1;0.3277;4.04
3;1;5;2;1;0;1;0.3277;4.04
1;1;0;2;1;0;1;0.3277;4.07
5;2;4;1;1;0;1;0.3277;4.07
3;5;4;0;1;0;0;0.3277;4.08
3;4;4;0;1;1;0;0.3277;4.09
1;2;4;0;1;0;1;0.3277;4.1
3;1;4;0;1;0;0;0.3277;4.1
1;1;5;2;0;1;0;0.3277;4.12
1;4;5;0;0;0;1;0.3277;4.14
3;0;4;0;1;0;0;0.3277;4.15
3;1;4;0;1;0;1;0.3277;4.15
3;4;4;0;1;0;0;0.3277;4.16
1;4;4;2;1;0;0;0.3277;4.17
3;5;4;0;1;1;0;0.3277;4.17
1;4;4;0;1;1;0;0.3277;4.18
1;4;5;0;0;1;1;0.3277;4.18
3;2;4;0;1;0;1;0.3277;4.18
3;0;4;0;1;1;0;0.3277;4.2
3;2;4;0;1;1;0;0.3277;4.2
3;5;4;0;1;0;1;0.3277;4.2
3;0;4;0;1;0;1;0.3277;4.23
1;1;5;2;0;0;0;0.3277;4.28
1;5;5;0;0;0;1;0.3277;4.3
1;1;4;0;1;1;0;0.3277;4.31
1;2;4;0;1;1;1;0.3277;4.32
1;5;4;2;1;0;0;0.3277;4.32
1;3;5;2;0;1;1;0.3277;4.32
1;1;4;0;1;0;1;0.3277;4.33
1;4;5;2;0;1;1;0.3277;4.33
1;0;5;0;0;0;0;0.3277;4.36
1;5;0;2;1;0;1;0.3277;4.37
1;3;0;2;1;1;0;0.3277;4.39
1;1;5;0;0;0;0;0.3277;4.4
1;3;5;0;0;0;0;0.3277;4.4
3;4;4;0;1;0;1;0.3277;4.4
1;4;5;2;0;1;0;0.3277;4.41
3;2;4;0;1;1;1;0.3277;4.41
1;4;4;2;1;1;1;0.3277;4.43
3;5;4;0;1;1;1;0.3277;4.44
3;3;5;0;0;0;0;0.3277;4.44
1;4;4;2;1;1;0;0.3277;4.45
3;5;5;0;0;0;0;0.3277;4.49
5;5;5;1;0;1;0;0.3277;4.51
1;0;4;2;1;0;0;0.3277;4.55
1;4;4;2;1;0;1;0.3277;4.55
1;4;5;2;0;0;0;0.3277;4.55
1;0;4;0;1;1;0;0.3277;4.56
1;5;4;2;1;0;1;0.3277;4.57
1;5;4;2;1;1;0;0.3277;4.57
1;1;4;0;1;1;1;0.3277;4.58
1;1;5;0;0;1;0;0.3277;4.58
3;4;4;0;1;1;1;0.3277;4.58
3;0;5;0;0;1;0;0.3277;4.66
3;3;5;0;0;1;0;0.3277;4.69
3;5;5;0;0;0;1;0.3277;4.69
1;0;4;0;1;0;1;0.3277;4.7
1;0;5;0;0;0;1;0.3277;4.71
0;5;0;1;1;1;1;0.3277;4.75
1;1;5;0;0;0;1;0.3277;4.75
3;0;5;0;0;0;0;0.3277;4.78
3;3;5;0;0;0;1;0.3277;4.78
1;1;4;2;1;1;1;0.3277;4.88
1;5;4;2;1;1;1;0.3277;4.88
1;0;5;0;0;1;1;0.3277;4.95
1;0;5;0;0;1;0;0.3277;4.98
1;1;5;0;0;1;1;0.3277;5.0
3;0;5;0;0;0;1;0.3277;5.0
3;3;5;0;0;1;1;0.3277;5.01
1;5;5;2;0;0;0;0.3277;5.02
1;4;5;2;0;0;1;0.3277;5.03
1;5;5;2;0;1;0;0.3277;5.1
1;1;4;2;1;1;0;0.3277;5.15
1;1;5;2;0;0;1;0.3277;5.16
1;5;0;2;1;1;1;0.3277;5.18
3;0;5;0;0;1;1;0.3277;5.24
1;1;5;2;0;1;1;0.3277;5.27
1;5;5;2;0;0;1;0.3277;5.3
1;2;5;2;0;1;1;0.3277;5.42
1;5;5;2;0;1;1;0.3277;5.51
1;0;4;2;1;1;1;0.3277;5.54
1;2;5;0;0;1;1;0.3277;5.69
1;3;0;2;1;0;1;0.3277;8.03
1;0;4;2;1;1;0;0.3277;8.1
0;2;0;0;1;0;0;0.3237;1.55
6;2;0;0;1;0;0;0.3237;1.72
0;2;0;0;1;1;1;0.3237;1.75
6;2;0;0;1;1;0;0.3237;1.8
6;2;0;0;1;0;1;0.3237;1.95
6;2;0;0;1;1;1;0.3237;2.16
5;2;4;2;1;0;1;0.3237;2.25
0;2;0;0;1;1;0;0.3237;2.46
5;2;0;0;1;0;0;0.3237;2.66
6;5;0;0;1;1;1;0.3237;2.8
5;2;0;2;1;1;0;0.3237;2.81
5;2;0;2;1;1;1;0.3237;2.83
6;5;0;0;1;0;0;0.3237;2.83
5;5;0;0;1;1;1;0.3237;2.89
6;5;0;0;1;0;1;0.3237;2.9
5;2;0;0;1;0;1;0.3237;2.93
0;2;0;0;1;0;1;0.3237;3.03
6;5;0;0;1;1;0;0.3237;3.07
5;2;0;0;1;1;0;0.3237;3.23
5;5;0;2;1;0;0;0.3237;3.3
0;5;0;0;1;1;0;0.3237;3.37
5;2;5;2;0;1;1;0.3237;3.4
5;5;0;2;1;1;0;0.3237;3.43
5;2;0;0;1;1;1;0.3237;3.47
5;2;4;2;1;1;0;0.3237;3.47
0;5;0;0;1;1;1;0.3237;3.69
5;5;0;2;1;0;1;0.3237;3.74
5;5;0;2;1;1;1;0.3237;3.77
0;5;0;0;1;0;0;0.3237;3.83
5;5;1;2;1;0;1;0.3237;3.84
5;5;1;2;1;0;0;0.3237;3.9
5;2;5;2;0;1;0;0.3237;3.92
5;5;4;2;1;0;0;0.3237;3.95
5;5;0;0;1;0;0;0.3237;4.0
5;2;4;2;1;0;0;0.3237;4.12
5;5;4;2;1;1;0;0.3237;4.15
5;2;5;2;0;0;0;0.3237;4.35
5;5;1;2;1;1;0;0.3237;4.4
5;5;4;2;1;0;1;0.3237;4.41
5;5;5;2;0;0;0;0.3237;4.45
5;5;0;0;1;1;0;0.3237;4.46
5;5;4;2;1;1;1;0.3237;4.46
5;2;1;2;1;0;1;0.3237;4.47
5;2;4;2;1;1;1;0.3237;4.58
5;5;5;2;0;1;0;0.3237;4.59
5;2;1;2;1;0;0;0.3237;4.67
5;2;0;2;1;0;0;0.3237;4.69
5;5;5;2;0;1;1;0.3237;4.81
5;2;0;2;1;0;1;0.3237;4.84
5;5;0;0;1;0;1;0.3237;4.87
5;2;5;2;0;0;1;0.3237;5.06
5;5;1;2;1;1;1;0.3237;5.2
0;5;0;0;1;0;1;0.3237;5.23
5;5;5;2;0;0;1;0.3237;5.37
5;2;1;2;1;1;1;0.3237;5.72
5;2;1;2;1;1;0;0.3237;6.63
3;3;1;1;0;0;0;0.3225;0.67
3;2;1;1;0;1;0;0.3225;0.77
3;0;1;1;0;0;0;0.3225;1.17
3;5;1;1;0;0;0;0.3225;1.17
3;4;1;1;0;0;0;0.3225;1.18
3;1;1;1;0;1;0;0.3225;1.19
3;0;1;1;0;1;0;0.3225;1.2
3;5;1;1;0;1;0;0.3225;1.2
3;4;1;1;0;1;0;0.3225;1.21
3;3;1;1;0;1;0;0.3225;1.29
3;1;1;1;0;0;0;0.3225;1.3
3;2;1;1;0;0;0;0.3225;1.33
3;1;1;1;0;1;1;0.3225;1.5
3;0;1;1;0;0;1;0.3225;1.51
3;5;1;1;0;0;1;0.3225;1.51
3;4;1;1;0;0;1;0.3225;1.52
3;0;1;1;0;1;1;0.3225;1.53
3;4;1;1;0;1;1;0.3225;1.55
3;1;1;1;0;0;1;0.3225;1.56
3;5;1;1;0;1;1;0.3225;1.56
3;2;1;1;0;1;1;0.3225;1.65
3;3;1;1;0;1;1;0.3225;1.75
1;5;1;1;1;1;0;0.3225;1.79
3;3;1;1;0;0;1;0.3225;1.82
1;4;1;1;1;0;1;0.3225;1.91
3;2;1;1;0;0;1;0.3225;1.99
1;5;1;1;1;0;1;0.3225;2.06
3;5;1;1;1;0;0;0.3225;2.25
1;5;1;1;1;1;1;0.3225;2.27
1;2;1;1;1;1;1;0.3225;2.51
1;4;1;1;1;1;0;0.3225;2.89
1;5;1;1;1;0;0;0.3225;2.92
3;2;1;1;1;0;1;0.3225;3.19
1;1;1;1;1;0;0;0.3225;3.23
1;2;1;1;1;0;0;0.3225;3.24
1;3;1;1;1;0;0;0.3225;3.25
3;2;1;1;1;1;0;0.3225;3.25
3;0;1;1;1;0;0;0.3225;3.34
3;4;1;1;1;0;0;0.3225;3.37
1;0;1;1;1;1;1;0.3225;3.4
1;3;1;1;1;1;0;0.3225;3.41
3;0;1;1;1;1;0;0.3225;3.53
3;4;1;1;1;1;0;0.3225;3.55
3;3;1;1;1;1;0;0.3225;3.57
1;1;1;1;1;1;0;0.3225;3.58
1;1;1;1;1;0;1;0.3225;3.6
1;3;1;1;1;0;1;0.3225;3.6
1;4;1;1;1;0;0;0.3225;3.6
1;2;1;1;1;0;1;0.3225;3.61
1;0;1;1;1;1;0;0.3225;3.62
1;2;1;1;1;1;0;0.3225;3.63
3;1;1;1;1;1;0;0.3225;3.67
3;2;1;1;1;0;0;0.3225;3.68
3;0;1;1;1;0;1;0.3225;3.7
3;4;1;1;1;0;1;0.3225;3.72
3;1;1;1;1;0;0;0.3225;3.74
3;3;1;1;1;0;1;0.3225;3.79
1;3;1;1;1;1;1;0.3225;3.8
1;4;1;1;1;1;1;0.3225;3.8
3;3;1;1;1;0;0;0.3225;3.81
3;4;1;1;1;1;1;0.3225;3.89
1;0;1;1;1;0;1;0.3225;3.9
1;1;1;1;1;1;1;0.3225;3.9
3;3;1;1;1;1;1;0.3225;3.9
3;5;1;1;1;0;1;0.3225;4.4
1;0;1;1;1;0;0;0.3225;4.42
3;2;1;1;1;1;1;0.3225;4.46
3;0;1;1;1;1;1;0.3225;4.55
3;5;1;1;1;1;0;0.3225;4.81
3;5;1;1;1;1;1;0.3225;4.85
3;1;1;1;1;0;1;0.3225;5.12
3;1;1;1;1;1;1;0.3225;6.06
0;1;2;0;1;0;0;0.3219;0.75
0;3;2;0;1;1;0;0.3219;0.75
0;1;2;0;0;1;0;0.3219;0.77
5;1;2;0;1;0;0;0.3219;0.83
6;0;2;0;1;0;0;0.3219;0.83
6;1;2;0;0;0;0;0.3219;0.84
6;1;2;0;1;0;0;0.3219;0.85
6;2;2;0;0;0;0;0.3219;0.85
5;4;2;0;0;0;0;0.3219;0.86
5;5;2;0;0;0;0;0.3219;0.86
5;2;2;0;1;1;0;0.3219;0.88
5;5;2;0;0;1;0;0.3219;0.89
6;0;2;0;0;1;0;0.3219;0.89
5;1;2;0;0;1;0;0.3219;0.9
5;2;2;0;0;1;0;0.3219;0.9
5;2;2;0;1;0;0;0.3219;0.9
5;5;2;0;1;1;0;0.3219;0.91
0;3;2;0;1;0;1;0.3219;0.92
0;3;2;0;1;1;1;0.3219;0.93
5;3;2;0;0;0;0;0.3219;0.93
5;3;2;0;0;1;0;0.3219;0.93
5;2;2;0;0;0;0;0.3219;0.95
6;1;2;0;0;1;0;0.3219;0.97
5;1;2;0;0;0;0;0.3219;0.99
5;1;2;0;0;0;1;0.3219;1.0
6;1;2;0;0;0;1;0.3219;1.01
5;1;2;0;1;0;1;0.3219;1.02
5;2;2;0;0;0;1;0.3219;1.02
5;2;2;0;1;0;1;0.3219;1.02
5;5;2;0;0;0;1;0.3219;1.02
6;1;2;0;1;0;1;0.3219;1.02
5;1;2;0;0;1;1;0.3219;1.03
6;0;2;0;1;0;1;0.3219;1.03
5;2;2;0;0;1;1;0.3219;1.04
5;3;2;0;0;0;1;0.3219;1.04
0;1;2;0;1;0;1;0.3219;1.05
6;1;2;0;0;1;1;0.3219;1.08
5;2;2;0;1;1;1;0.3219;1.09
6;0;2;0;0;1;1;0.3219;1.1
6;0;2;0;1;1;0;0.3219;1.11
0;5;2;0;1;1;1;0.3219;1.13
6;0;2;0;1;1;1;0.3219;1.2
0;0;2;0;1;1;0;0.3219;1.21
5;1;2;0;1;1;0;0.3219;1.21
5;1;2;0;1;1;1;0.3219;1.29
0;4;2;0;0;0;0;0.3219;1.39
0;2;2;0;1;0;0;0.3219;1.41
0;3;2;0;1;0;0;0.3219;1.41
0;5;2;0;1;0;0;0.3219;1.41
0;2;2;0;0;0;0;0.3219;1.42
0;4;2;0;1;0;0;0.3219;1.43
5;3;2;0;1;1;0;0.3219;1.43
0;3;2;0;0;1;0;0.3219;1.44
0;4;2;0;1;1;0;0.3219;1.44
0;5;2;0;0;1;0;0.3219;1.44
0;5;2;0;1;1;0;0.3219;1.44
0;1;2;0;0;0;0;0.3219;1.46
0;1;2;0;1;1;0;0.3219;1.46
0;2;2;0;0;1;0;0.3219;1.46
0;4;2;0;0;1;0;0.3219;1.46
6;2;2;0;0;0;1;0.3219;1.46
0;5;2;0;0;0;0;0.3219;1.53
0;1;2;0;0;0;1;0.3219;1.57
0;3;2;0;0;0;0;0.3219;1.58
6;2;2;0;1;0;0;0.3219;1.59
0;0;2;0;1;0;1;0.3219;1.61
6;0;2;0;0;0;0;0.3219;1.61
5;4;2;0;1;0;0;0.3219;1.62
6;4;2;0;0;0;0;0.3219;1.62
6;4;2;0;1;0;0;0.3219;1.62
6;5;2;0;1;0;0;0.3219;1.62
5;4;2;0;0;1;0;0.3219;1.64
6;2;2;0;1;1;1;0.3219;1.64
6;3;2;0;0;0;0;0.3219;1.64
6;2;2;0;0;1;0;0.3219;1.65
5;4;2;0;1;1;0;0.3219;1.66
6;1;2;0;1;1;0;0.3219;1.66
6;4;2;0;0;1;0;0.3219;1.66
6;4;2;0;1;1;0;0.3219;1.66
6;5;2;0;0;1;0;0.3219;1.66
6;3;2;0;1;1;0;0.3219;1.67
6;2;2;0;1;1;0;0.3219;1.68
6;5;2;0;1;1;0;0.3219;1.68
6;3;2;0;1;0;0;0.3219;1.69
0;1;2;0;0;1;1;0.3219;1.71
5;0;2;0;0;0;0;0.3219;1.71
5;5;2;0;1;1;1;0.3219;1.72
6;0;2;0;0;0;1;0.3219;1.73
0;4;2;0;1;0;1;0.3219;1.74
0;1;2;0;1;1;1;0.3219;1.77
0;5;2;0;1;0;1;0.3219;1.77
0;2;2;0;0;1;1;0.3219;1.78
0;4;2;0;0;1;1;0.3219;1.78
0;0;2;0;1;0;0;0.3219;1.79
5;0;2;0;1;1;0;0.3219;1.79
0;2;2;0;0;0;1;0.3219;1.8
0;2;2;0;1;0;1;0.3219;1.8
0;2;2;0;1;1;0;0.3219;1.8
0;5;2;0;0;1;1;0.3219;1.8
5;0;2;0;0;1;0;0.3219;1.8
0;0;2;0;0;1;0;0.3219;1.81
0;0;2;0;1;1;1;0.3219;1.81
0;3;2;0;0;0;1;0.3219;1.81
5;3;2;0;1;1;1;0.3219;1.81
0;5;2;0;0;0;1;0.3219;1.87
0;3;2;0;0;1;1;0.3219;1.88
6;3;2;0;0;1;0;0.3219;1.9
5;5;2;0;0;1;1;0.3219;1.94
5;5;2;0;1;0;0;0.3219;1.94
6;4;2;0;0;0;1;0.3219;1.94
5;4;2;0;1;0;1;0.3219;1.95
6;3;2;0;1;0;1;0.3219;1.95
6;3;2;0;0;0;1;0.3219;1.96
6;5;2;0;0;0;0;0.3219;1.96
5;4;2;0;0;0;1;0.3219;1.97
6;4;2;0;1;0;1;0.3219;1.98
6;4;2;0;1;1;1;0.3219;1.98
6;4;2;0;0;1;1;0.3219;1.99
0;4;2;0;0;0;1;0.3219;2.0
6;2;2;0;1;0;1;0.3219;2.0
6;5;2;0;0;1;1;0.3219;2.0
5;4;2;0;0;1;1;0.3219;2.01
5;4;2;0;1;1;1;0.3219;2.01
6;5;2;0;1;1;1;0.3219;2.01
6;3;2;0;1;1;1;0.3219;2.02
6;1;2;0;1;1;1;0.3219;2.03
6;2;2;0;0;1;1;0.3219;2.03
6;5;2;0;0;0;1;0.3219;2.03
0;2;2;0;1;1;1;0.3219;2.04
6;5;2;0;1;0;1;0.3219;2.12
5;0;2;0;1;1;1;0.3219;2.14
6;3;2;0;0;1;1;0.3219;2.23
5;5;2;0;1;0;1;0.3219;2.24
5;0;2;0;1;0;0;0.3219;2.25
5;3;2;0;1;0;1;0.3219;2.34
0;0;2;0;0;0;1;0.3219;2.39
0;0;2;0;0;1;1;0.3219;2.39
5;0;2;0;0;0;1;0.3219;2.41
5;0;2;0;0;1;1;0.3219;2.51
0;4;2;0;1;1;1;0.3219;2.53
5;0;2;0;1;0;1;0.3219;2.59
0;0;2;0;0;0;0;0.3219;2.77
5;3;2;0;1;0;0;0.3219;3.1
5;3;2;0;0;1;1;0.3219;3.63
6;0;4;0;1;0;0;0.3203;1.85
6;4;4;0;1;0;0;0.3203;1.93
4;2;4;0;1;1;0;0.3203;1.97
4;2;4;0;1;0;0;0.3203;1.98
4;0;4;0;1;1;0;0.3203;2.0
6;4;4;0;1;0;1;0.3203;2.02
4;0;4;0;1;0;0;0.3203;2.05
6;0;4;0;1;0;1;0.3203;2.06
4;0;4;0;1;0;1;0.3203;2.08
4;3;4;0;1;0;0;0.3203;2.15
4;4;4;0;1;1;1;0.3203;2.18
6;3;4;0;1;0;1;0.3203;2.18
6;4;4;0;1;1;1;0.3203;2.18
4;3;4;0;1;1;0;0.3203;2.21
4;3;4;0;1;0;1;0.3203;2.22
4;3;5;0;0;0;0;0.3203;2.26
4;2;4;0;1;1;1;0.3203;2.29
6;0;5;0;0;0;1;0.3203;2.33
6;4;4;0;1;1;0;0.3203;2.34
4;0;5;0;0;1;0;0.3203;2.35
4;1;5;0;0;1;0;0.3203;2.4
4;0;4;0;1;1;1;0.3203;2.45
4;3;5;0;0;1;1;0.3203;2.51
4;2;4;0;1;0;1;0.3203;2.62
4;1;5;0;0;0;1;0.3203;2.65
6;0;4;0;1;1;1;0.3203;2.69
6;0;5;0;0;1;0;0.3203;2.71
4;3;5;0;0;0;1;0.3203;2.85
4;1;5;0;0;1;1;0.3203;2.93
4;0;5;0;0;1;1;0.3203;2.94
6;3;4;0;1;1;0;0.3203;2.97
4;3;5;0;0;1;0;0.3203;3.09
4;1;4;0;1;0;1;0.3203;3.12
6;3;4;0;1;0;0;0.3203;3.17
4;5;4;0;1;1;1;0.3203;3.19
4;4;4;0;1;1;0;0.3203;3.25
6;0;4;0;1;1;0;0.3203;3.25
4;3;4;0;1;1;1;0.3203;3.32
4;0;5;0;0;0;1;0.3203;3.36
4;1;4;0;1;0;0;0.3203;3.63
4;4;4;0;1;0;0;0.3203;3.74
6;1;4;0;1;0;0;0.3203;3.74
4;5;4;0;1;0;0;0.3203;3.77
4;1;4;0;1;1;1;0.3203;3.78
4;5;4;0;1;0;1;0.3203;3.91
6;1;4;0;1;1;0;0.3203;3.92
6;0;5;0;0;0;0;0.3203;3.92
6;3;5;0;0;1;1;0.3203;3.92
4;5;4;0;1;1;0;0.3203;3.95
6;1;5;0;0;0;1;0.3203;3.99
6;1;5;0;0;0;0;0.3203;4.0
4;4;4;0;1;0;1;0.3203;4.06
6;1;4;0;1;0;1;0.3203;4.06
6;4;5;0;0;0;0;0.3203;4.09
6;3;5;0;0;0;0;0.3203;4.14
4;1;4;0;1;1;0;0.3203;4.18
4;4;5;0;0;0;0;0.3203;4.25
6;1;4;0;1;1;1;0.3203;4.25
4;0;5;0;0;0;0;0.3203;4.26
4;2;5;0;0;0;0;0.3203;4.29
6;4;5;0;0;1;0;0.3203;4.31
4;5;5;0;0;0;0;0.3203;4.33
6;3;4;0;1;1;1;0.3203;4.33
6;3;5;0;0;1;0;0.3203;4.37
4;1;5;0;0;0;0;0.3203;4.47
4;4;5;0;0;1;0;0.3203;4.47
4;5;5;0;0;1;1;0.3203;4.47
6;3;5;0;0;0;1;0.3203;4.48
6;4;5;0;0;0;1;0.3203;4.56
6;0;5;0;0;1;1;0.3203;4.57
4;2;5;0;0;0;1;0.3203;4.62
4;4;5;0;0;0;1;0.3203;4.63
6;1;5;0;0;1;0;0.3203;4.63
4;4;5;0;0;1;1;0.3203;4.73
4;5;5;0;0;0;1;0.3203;4.79
4;2;5;0;0;1;1;0.3203;4.8
4;5;5;0;0;1;0;0.3203;4.82
6;1;5;0;0;1;1;0.3203;4.9
4;2;5;0;0;1;0;0.3203;4.91
6;4;5;0;0;1;1;0.3203;4.96
5;1;0;2;0;1;0;0.3178;0.99
5;1;0;2;0;1;1;0.3178;1.18
5;1;0;2;0;0;1;0.3178;1.24
5;1;0;2;0;0;0;0.3178;1.42
5;3;0;2;0;0;0;0.3178;1.86
5;0;0;2;0;0;0;0.3178;1.87
5;0;0;2;0;1;0;0.3178;1.87
5;3;0;2;0;1;0;0.3178;1.91
5;4;0;2;0;1;0;0.3178;2.04
5;4;0;2;0;0;0;0.3178;2.08
5;0;0;2;0;0;1;0.3178;2.22
5;0;0;2;0;1;1;0.3178;2.26
5;3;0;2;0;0;1;0.3178;2.28
5;3;0;2;0;1;1;0.3178;2.29
5;4;0;2;0;1;1;0.3178;2.65
5;4;0;2;0;0;1;0.3178;2.93
5;1;0;2;1;1;0;0.3173;1.87
5;1;0;2;1;0;1;0.3173;1.98
5;1;0;2;1;0;0;0.3173;2.08
5;1;0;2;1;1;1;0.3173;2.08
5;3;4;2;1;1;1;0.3173;2.18
5;1;5;2;0;0;0;0.3173;2.37
5;1;5;2;0;1;0;0.3173;2.38
5;1;4;2;1;0;0;0.3173;2.45
5;3;5;2;0;1;1;0.3173;2.57
5;1;5;2;0;0;1;0.3173;2.62
5;3;5;2;0;1;0;0.3173;2.72
5;1;5;2;0;1;1;0.3173;2.79
5;4;5;2;0;1;1;0.3173;3.03
5;3;4;2;1;1;0;0.3173;3.1
5;0;0;2;1;0;0;0.3173;3.29
5;3;0;2;1;0;0;0.3173;3.3
5;0;0;2;1;1;0;0.3173;3.42
5;3;0;2;1;1;0;0.3173;3.43
5;0;0;2;1;1;1;0.3173;3.64
5;3;0;2;1;0;1;0.3173;3.74
5;0;0;2;1;0;1;0.3173;3.77
5;3;4;2;1;0;0;0.3173;4.05
5;3;5;2;0;0;0;0.3173;4.14
5;4;5;2;0;1;0;0.3173;4.28
5;1;4;2;1;1;0;0.3173;4.3
5;0;5;2;0;0;0;0.3173;4.32
5;0;5;2;0;1;0;0.3173;4.39
5;4;0;2;1;1;0;0.3173;4.44
5;4;0;2;1;0;0;0.3173;4.61
5;1;4;2;1;1;1;0.3173;4.64
5;4;0;2;1;1;1;0.3173;4.74
5;0;5;2;0;0;1;0.3173;4.77
5;0;5;2;0;1;1;0.3173;4.78
5;3;5;2;0;0;1;0.3173;4.82
5;4;4;2;1;0;0;0.3173;4.84
5;4;0;2;1;0;1;0.3173;4.87
5;3;0;2;1;1;1;0.3173;4.98
5;3;4;2;1;0;1;0.3173;5.01
5;4;5;2;0;0;0;0.3173;5.19
5;4;5;2;0;0;1;0.3173;5.24
5;4;4;2;1;0;1;0.3173;5.36
5;0;4;2;1;0;0;0.3173;5.44
5;4;4;2;1;1;0;0.3173;5.65
5;4;4;2;1;1;1;0.3173;5.76
5;0;4;2;1;1;0;0.3173;5.87
5;1;4;2;1;0;1;0.3173;6.24
5;0;4;2;1;1;1;0.3173;6.44
5;0;4;2;1;0;1;0.3173;6.75
4;3;0;0;1;0;0;0.3165;1.85
4;1;1;0;1;0;0;0.3165;1.88
4;5;0;0;1;0;1;0.3165;2.03
4;1;1;0;1;0;1;0.3165;2.05
4;4;1;0;1;0;1;0.3165;2.05
4;3;0;0;1;0;1;0.3165;2.07
4;2;0;0;1;0;1;0.3165;2.16
4;4;1;0;1;0;0;0.3165;2.2
4;5;0;0;1;0;0;0.3165;2.3
4;0;0;0;1;0;0;0.3165;3.51
4;1;0;0;1;0;0;0.3165;3.51
4;0;1;0;1;0;0;0.3165;3.55
4;2;1;0;1;0;0;0.3165;3.57
4;4;0;0;1;0;0;0.3165;3.6
4;5;1;0;1;0;0;0.3165;3.68
4;3;1;0;1;0;0;0.3165;3.71
4;1;0;0;1;0;1;0.3165;3.8
4;0;1;0;1;0;1;0.3165;3.87
4;0;0;0;1;0;1;0.3165;3.88
4;3;1;0;1;0;1;0.3165;3.88
4;2;0;0;1;0;0;0.3165;3.89
4;5;1;0;1;0;1;0.3165;3.91
4;2;1;0;1;0;1;0.3165;3.96
4;4;0;0;1;0;1;0.3165;4.28
0;5;4;0;1;1;1;0.3163;1.87
0;5;4;0;1;1;0;0.3163;1.92
0;5;5;0;0;0;0;0.3163;2.0
0;5;5;0;0;1;0;0.3163;2.05
1;1;1;2;1;0;0;0.3163;2.08
6;2;5;0;0;0;0;0.3163;2.18
5;2;4;0;1;0;0;0.3163;2.22
6;2;5;0;0;1;0;0.3163;2.31
1;2;1;2;1;1;1;0.3163;2.34
6;2;5;0;0;0;1;0.3163;2.37
5;5;5;0;0;0;1;0.3163;2.4
6;5;4;0;1;1;1;0.3163;2.68
0;5;5;0;0;0;1;0.3163;2.73
1;2;1;2;1;1;0;0.3163;2.73
0;2;5;0;0;0;0;0.3163;2.75
5;2;4;0;1;0;1;0.3163;2.82
5;5;5;0;0;0;0;0.3163;2.92
6;5;5;0;0;0;0;0.3163;2.95
1;3;1;2;1;0;1;0.3163;2.98
0;5;4;0;1;0;0;0.3163;3.05
0;2;4;0;1;0;0;0.3163;3.1
5;5;4;0;1;1;0;0.3163;3.16
6;2;4;0;1;1;1;0.3163;3.17
5;2;4;0;1;1;0;0.3163;3.31
0;5;5;0;0;1;1;0.3163;3.36
0;5;4;0;1;0;1;0.3163;3.45
6;2;5;0;0;1;1;0.3163;3.48
0;2;4;0;1;0;1;0.3163;3.49
0;2;4;0;1;1;0;0.3163;3.5
1;5;1;2;1;1;1;0.3163;3.5
0;2;5;0;0;0;1;0.3163;3.59
6;5;4;0;1;0;0;0.3163;3.59
0;2;4;0;1;1;1;0.3163;3.62
6;2;4;0;1;1;0;0.3163;3.62
6;5;4;0;1;1;0;0.3163;3.66
6;2;4;0;1;0;0;0.3163;3.71
5;2;5;0;0;1;1;0.3163;3.72
5;2;4;0;1;1;1;0.3163;3.8
5;5;4;0;1;1;1;0.3163;3.8
1;0;1;2;1;1;1;0.3163;3.81
6;5;4;0;1;0;1;0.3163;3.84
0;2;5;0;0;1;0;0.3163;3.87
1;3;1;2;1;0;0;0.3163;3.93
5;5;4;0;1;0;1;0.3163;3.93
1;4;1;2;1;0;0;0.3163;3.94
1;5;1;2;1;0;0;0.3163;3.95
6;2;4;0;1;0;1;0.3163;3.97
5;5;5;0;0;1;1;0.3163;4.0
5;5;4;0;1;0;0;0.3163;4.07
5;2;5;0;0;0;0;0.3163;4.08
0;2;5;0;0;1;1;0.3163;4.11
1;3;1;2;1;1;0;0.3163;4.11
1;4;1;2;1;1;0;0.3163;4.12
1;5;1;2;1;1;0;0.3163;4.13
1;0;1;2;1;1;0;0.3163;4.15
1;2;1;2;1;0;0;0.3163;4.2
1;4;1;2;1;0;1;0.3163;4.26
1;5;1;2;1;0;1;0.3163;4.31
1;0;1;2;1;0;0;0.3163;4.37
5;2;5;0;0;1;0;0.3163;4.39
5;5;5;0;0;1;0;0.3163;4.41
1;0;1;2;1;0;1;0.3163;4.42
1;3;1;2;1;1;1;0.3163;4.43
1;1;1;2;1;1;1;0.3163;4.44
1;4;1;2;1;1;1;0.3163;4.44
1;1;1;2;1;1;0;0.3163;4.53
5;2;5;0;0;0;1;0.3163;4.54
1;2;1;2;1;0;1;0.3163;4.55
6;5;5;0;0;1;1;0.3163;4.55
6;5;5;0;0;0;1;0.3163;4.66
1;1;1;2;1;0;1;0.3163;5.51
6;5;5;0;0;1;0;0.3163;5.72
4;5;0;2;0;0;0;0.3152;0.92
4;5;0;2;0;1;0;0.3152;0.96
4;5;0;2;0;1;1;0.3152;1.14
4;3;0;2;0;1;0;0.3152;1.29
4;1;0;2;0;1;0;0.3152;1.32
4;1;0;2;0;0;1;0.3152;1.38
4;5;0;2;0;0;1;0.3152;1.57
4;0;0;2;0;1;0;0.3152;1.82
4;4;0;2;0;0;0;0.3152;1.82
4;2;0;2;0;0;0;0.3152;1.83
4;2;0;2;0;1;0;0.3152;1.86
4;1;0;2;0;1;1;0.3152;1.88
4;4;0;2;0;1;0;0.3152;1.88
4;3;0;2;0;0;0;0.3152;1.9
4;0;0;2;0;0;0;0.3152;1.92
4;1;0;2;0;0;0;0.3152;1.99
4;3;0;2;0;0;1;0.3152;2.14
4;0;0;2;0;1;1;0.3152;2.16
4;0;0;2;0;0;1;0.3152;2.17
4;4;0;2;0;1;1;0.3152;2.17
4;2;0;2;0;1;1;0.3152;2.23
4;2;0;2;0;0;1;0.3152;2.26
4;3;0;2;0;1;1;0.3152;2.44
4;4;0;2;0;0;1;0.3152;2.58
6;1;1;2;1;0;0;0.3139;1.97
6;1;1;2;1;1;0;0.3139;1.99
6;3;1;2;1;1;0;0.3139;2.04
6;3;1;2;1;0;1;0.3139;2.13
6;4;1;2;1;0;1;0.3139;2.15
6;1;1;2;1;0;1;0.3139;2.24
6;3;1;2;1;0;0;0.3139;2.42
6;4;1;2;1;0;0;0.3139;2.42
0;0;1;2;1;1;1;0.3139;2.5
6;4;1;2;1;1;0;0.3139;2.67
6;1;1;2;1;1;1;0.3139;2.76
0;0;1;2;1;1;0;0.3139;2.86
0;3;1;2;1;1;1;0.3139;2.97
6;3;1;2;1;1;1;0.3139;3.03
0;1;1;2;1;1;1;0.3139;3.38
0;0;1;2;1;0;0;0.3139;3.39
0;4;1;2;1;0;0;0.3139;3.68
0;0;1;2;1;0;1;0.3139;3.75
6;0;1;2;1;0;0;0.3139;3.76
6;0;1;2;1;1;0;0.3139;3.88
0;3;1;2;1;0;0;0.3139;3.96
6;0;1;2;1;0;1;0.3139;3.97
6;0;1;2;1;1;1;0.3139;4.15
0;3;1;2;1;1;0;0.3139;4.34
0;4;1;2;1;1;0;0.3139;4.34
0;1;1;2;1;1;0;0.3139;4.45
0;4;1;2;1;1;1;0.3139;4.61
0;3;1;2;1;0;1;0.3139;4.65
0;4;1;2;1;0;1;0.3139;4.86
0;1;1;2;1;0;1;0.3139;4.94
6;4;1;2;1;1;1;0.3139;5.07
0;1;1;2;1;0;0;0.3139;5.22
5;3;4;2;0;1;0;0.3125;4.18
5;2;4;2;0;1;0;0.3125;4.45
5;3;4;2;0;1;1;0.3125;4.46
5;1;4;2;0;1;0;0.3125;4.81
5;2;4;2;0;0;1;0.3125;5.04
5;2;4;2;0;0;0;0.3125;6.46
5;5;4;2;0;0;0;0.3125;6.92
5;5;4;2;0;1;0;0.3125;7.02
5;5;4;2;0;0;1;0.3125;7.21
5;3;4;2;0;0;0;0.3125;7.25
5;3;4;2;0;0;1;0.3125;7.29
5;5;4;2;0;1;1;0.3125;7.44
5;1;4;2;0;1;1;0.3125;7.56
5;1;4;2;0;0;0;0.3125;7.77
5;2;4;2;0;1;1;0.3125;8.47
5;4;4;2;0;0;0;0.3125;8.51
5;4;4;2;0;1;0;0.3125;9.0
5;4;4;2;0;0;1;0.3125;9.11
5;1;4;2;0;0;1;0.3125;9.22
5;4;4;2;0;1;1;0.3125;10.02
5;0;4;2;0;0;0;0.3125;10.24
5;0;4;2;0;1;0;0.3125;11.81
5;0;4;2;0;1;1;0.3125;11.82
5;0;4;2;0;0;1;0.3125;12.14
1;0;2;2;0;1;0;0.3125;0.82
1;0;2;2;1;1;0;0.3125;0.83
1;2;2;2;1;1;0;0.3125;0.83
1;4;2;2;0;0;0;0.3125;0.83
1;1;2;2;0;1;0;0.3125;0.85
1;4;2;2;1;1;0;0.3125;0.9
1;0;2;2;0;0;0;0.3125;0.93
1;0;2;2;0;0;1;0.3125;0.99
1;5;2;2;0;0;1;0.3125;1.0
1;0;2;2;0;1;1;0.3125;1.03
1;2;2;2;1;1;1;0.3125;1.04
1;5;2;2;0;0;0;0.3125;1.04
1;0;2;2;1;1;1;0.3125;1.05
1;0;2;2;1;0;1;0.3125;1.07
1;3;2;2;1;1;0;0.3125;1.13
1;0;2;2;1;0;0;0.3125;1.23
1;4;2;2;0;0;1;0.3125;1.3
1;1;2;2;0;0;1;0.3125;1.33
1;2;2;2;0;1;0;0.3125;1.41
1;2;2;2;0;0;0;0.3125;1.42
1;4;2;2;1;0;1;0.3125;1.54
1;3;2;2;0;1;0;0.3125;1.55
1;4;2;2;0;1;0;0.3125;1.55
1;1;2;2;0;0;0;0.3125;1.59
1;1;2;2;1;1;0;0.3125;1.6
1;5;2;2;1;1;0;0.3125;1.6
1;3;2;2;0;0;0;0.3125;1.61
1;5;2;2;1;0;0;0.3125;1.61
1;5;2;2;0;1;0;0.3125;1.63
1;1;2;2;1;0;0;0.3125;1.71
1;2;2;2;0;1;1;0.3125;1.77
1;2;2;2;1;0;1;0.3125;1.77
1;3;2;2;1;0;0;0.3125;1.93
1;4;2;2;1;1;1;0.3125;1.96
1;5;2;2;1;0;1;0.3125;1.97
1;1;2;2;1;0;1;0.3125;2.0
1;1;2;2;1;1;1;0.3125;2.0
1;2;2;2;0;0;1;0.3125;2.0
1;5;2;2;1;1;1;0.3125;2.03
1;3;2;2;0;1;1;0.3125;2.06
1;5;2;2;0;1;1;0.3125;2.07
1;4;2;2;1;0;0;0.3125;2.08
1;3;2;2;0;0;1;0.3125;2.09
1;3;2;2;1;0;1;0.3125;2.2
1;2;2;2;1;0;0;0.3125;2.28
2;5;4;0;1;0;0;0.3125;2.36
2;3;4;0;1;1;0;0.3125;2.38
1;1;2;2;0;1;1;0.3125;2.4
2;1;4;0;1;1;0;0.3125;2.43
1;4;2;2;0;1;1;0.3125;2.53
2;3;4;0;1;0;0;0.3125;2.56
2;3;5;0;0;0;0;0.3125;2.57
1;3;2;2;1;1;1;0.3125;2.58
2;1;4;0;1;0;1;0.3125;2.6
2;1;4;0;1;1;1;0.3125;2.64
2;3;4;0;1;1;1;0.3125;2.66
2;5;4;0;1;0;1;0.3125;2.67
2;5;5;1;1;0;0;0.3125;2.68
2;0;4;0;0;0;0;0.3125;2.71
2;2;4;1;0;0;0;0.3125;2.71
2;2;5;0;0;0;1;0.3125;2.72
2;3;5;0;0;1;0;0.3125;2.73
2;0;5;0;0;0;1;0.3125;2.76
2;4;4;0;0;1;0;0.3125;2.81
2;4;4;0;1;0;0;0.3125;2.87
2;3;4;0;0;1;0;0.3125;2.89
2;4;4;0;0;0;0;0.3125;2.91
2;3;5;2;1;0;1;0.3125;2.91
2;3;4;0;0;1;1;0.3125;2.94
2;2;4;1;0;1;0;0.3125;2.98
2;2;4;0;1;1;1;0.3125;2.99
2;3;5;2;1;1;1;0.3125;3.02
2;5;4;2;0;0;0;0.3125;3.04
2;3;4;2;0;0;0;0.3125;3.05
2;4;4;0;0;0;1;0.3125;3.05
2;5;4;0;0;0;0;0.3125;3.05
2;5;4;0;1;1;0;0.3125;3.05
2;0;5;0;0;0;0;0.3125;3.05
2;3;4;0;1;0;1;0.3125;3.06
2;3;5;2;1;1;0;0.3125;3.11
2;3;4;0;0;0;1;0.3125;3.14
2;3;4;0;0;0;0;0.3125;3.15
2;2;5;0;0;0;0;0.3125;3.17
2;3;5;0;0;0;1;0.3125;3.17
2;5;4;2;0;0;1;0.3125;3.3
2;5;4;0;0;0;1;0.3125;3.32
2;5;4;0;0;1;0;0.3125;3.32
2;3;4;2;0;0;1;0.3125;3.36
2;2;5;2;1;1;0;0.3125;3.37
2;4;4;0;0;1;1;0.3125;3.46
2;0;5;2;1;1;0;0.3125;3.49
2;2;4;1;0;0;1;0.3125;3.5
2;5;4;1;0;1;1;0.3125;3.51
2;5;4;0;0;1;1;0.3125;3.56
2;0;4;1;0;0;0;0.3125;3.65
2;2;5;0;1;1;1;0.3125;3.75
2;0;4;1;0;1;0;0.3125;3.76
2;5;4;2;0;1;0;0.3125;3.77
2;2;5;1;1;1;1;0.3125;3.79
2;1;4;0;1;0;0;0.3125;3.84
2;2;4;0;1;1;0;0.3125;3.88
2;3;5;2;1;0;0;0.3125;3.91
2;5;4;1;0;1;0;0.3125;3.97
2;5;4;1;0;0;0;0.3125;4.04
2;5;4;2;0;1;1;0.3125;4.05
2;5;4;1;0;0;1;0.3125;4.06
2;0;4;1;0;1;1;0.3125;4.08
2;5;5;1;1;0;1;0.3125;4.14
2;0;4;1;0;0;1;0.3125;4.27
2;5;4;0;1;1;1;0.3125;4.34
2;0;4;0;1;1;0;0.3125;4.56
2;2;5;0;0;1;0;0.3125;4.56
2;0;4;0;1;0;0;0.3125;4.59
2;4;4;0;1;1;0;0.3125;4.62
2;2;5;2;1;0;1;0.3125;4.67
2;2;4;2;0;1;0;0.3125;4.88
2;5;5;2;1;0;0;0.3125;4.88
2;0;4;0;1;0;1;0.3125;4.91
2;0;4;0;1;1;1;0.3125;4.91
2;4;4;0;1;1;1;0.3125;4.97
2;2;5;1;1;0;0;0.3125;5.0
2;2;5;1;1;1;0;0.3125;5.08
2;0;5;1;1;0;0;0.3125;5.09
2;0;5;1;1;1;1;0.3125;5.11
2;4;5;0;0;0;1;0.3125;5.12
2;1;5;0;0;1;0;0.3125;5.15
2;0;5;1;1;1;0;0.3125;5.17
2;2;5;2;1;0;0;0.3125;5.18
2;1;5;0;0;0;0;0.3125;5.19
2;5;5;2;1;1;0;0.3125;5.19
2;3;5;0;0;1;1;0.3125;5.2
2;3;5;1;1;0;0;0.3125;5.2
2;4;5;0;0;1;0;0.3125;5.22
2;4;5;2;1;1;0;0.3125;5.23
2;3;5;1;1;1;0;0.3125;5.26
2;0;5;0;0;1;0;0.3125;5.29
2;1;5;0;0;0;1;0.3125;5.31
2;4;5;0;0;0;0;0.3125;5.35
2;2;5;1;1;0;1;0.3125;5.39
2;3;5;1;1;0;1;0.3125;5.4
2;0;4;2;0;1;0;0.3125;5.46
2;0;5;1;1;0;1;0.3125;5.46
2;4;5;2;1;0;0;0.3125;5.46
2;1;5;0;0;1;1;0.3125;5.48
2;0;5;2;1;1;1;0.3125;5.52
2;4;5;2;1;1;1;0.3125;5.52
2;5;5;2;1;0;1;0.3125;5.55
2;5;5;0;0;0;1;0.3125;5.57
2;5;5;2;1;1;1;0.3125;5.57
2;4;4;0;1;0;1;0.3125;5.58
2;4;5;1;1;1;0;0.3125;5.58
2;4;5;1;1;0;0;0.3125;5.59
2;3;5;1;1;1;1;0.3125;5.61
2;0;4;0;0;0;1;0.3125;5.65
2;0;5;2;1;0;0;0.3125;5.65
2;4;5;1;1;0;1;0.3125;5.67
2;0;4;0;0;1;0;0.3125;5.7
2;0;4;0;0;1;1;0.3125;5.7
2;2;4;0;1;0;0;0.3125;5.7
2;2;4;0;1;0;1;0.3125;5.7
2;5;5;0;0;0;0;0.3125;5.74
2;2;4;1;0;1;1;0.3125;5.76
2;4;5;0;0;1;1;0.3125;5.83
2;4;5;1;1;1;1;0.3125;5.96
2;0;4;2;0;1;1;0.3125;5.97
2;0;4;2;0;0;0;0.3125;5.99
2;0;5;2;1;0;1;0.3125;6.07
2;5;5;0;0;1;0;0.3125;6.07
2;2;5;2;1;1;1;0.3125;6.1
2;4;4;2;0;0;1;0.3125;6.25
2;0;5;0;0;1;1;0.3125;6.29
2;2;4;0;0;0;0;0.3125;6.37
2;4;5;2;1;0;1;0.3125;6.46
2;0;4;2;0;0;1;0.3125;6.49
2;4;5;0;1;0;0;0.3125;6.62
2;2;4;0;0;1;0;0.3125;6.65
2;5;5;1;1;1;0;0.3125;6.65
2;2;4;0;0;0;1;0.3125;6.71
2;3;5;0;1;0;0;0.3125;6.72
2;3;5;0;1;1;0;0.3125;6.72
2;0;5;0;1;0;0;0.3125;6.74
2;4;5;0;1;1;0;0.3125;6.75
2;1;5;0;1;0;0;0.3125;6.78
2;1;5;0;1;1;0;0.3125;6.95
2;3;5;0;1;1;1;0.3125;7.0
2;5;5;1;1;1;1;0.3125;7.01
2;0;5;0;1;1;0;0.3125;7.02
2;4;5;0;1;0;1;0.3125;7.02
2;1;5;0;1;1;1;0.3125;7.03
2;2;4;2;0;0;1;0.3125;7.06
2;4;5;0;1;1;1;0.3125;7.06
2;3;5;0;1;0;1;0.3125;7.09
2;0;5;0;1;1;1;0.3125;7.1
2;2;4;2;0;0;0;0.3125;7.25
2;2;4;0;0;1;1;0.3125;7.35
2;5;5;0;0;1;1;0.3125;7.43
2;0;5;0;1;0;1;0.3125;7.46
2;1;5;0;1;0;1;0.3125;7.49
2;5;5;0;1;1;1;0.3125;7.83
2;2;5;0;1;0;0;0.3125;7.91
2;2;4;2;0;1;1;0.3125;7.93
2;2;5;0;1;1;0;0.3125;7.95
2;5;5;0;1;0;0;0.3125;7.96
2;5;5;0;1;1;0;0.3125;8.23
2;2;5;0;0;1;1;0.3125;8.48
2;4;4;2;0;0;0;0.3125;8.78
2;2;5;0;1;0;1;0.3125;8.79
2;5;5;0;1;0;1;0.3125;9.33
3;1;5;2;1;1;0;0.3116;2.36
3;0;5;1;1;1;0;0.3116;2.44
3;0;5;1;1;1;1;0.3116;2.47
3;3;5;2;1;1;1;0.3116;2.51
3;1;5;2;1;1;1;0.3116;2.52
3;0;5;2;1;1;1;0.3116;2.98
3;3;5;2;1;1;0;0.3116;3.08
3;0;5;2;1;1;0;0.3116;3.75
3;4;5;2;1;1;1;0.3116;4.16
3;4;5;2;1;1;0;0.3116;4.42
3;4;5;1;1;1;0;0.3116;4.54
3;1;5;1;1;1;0;0.3116;4.55
3;3;5;1;1;1;0;0.3116;4.55
3;3;5;1;1;1;1;0.3116;4.65
3;4;5;1;1;1;1;0.3116;5.01
3;1;5;1;1;1;1;0.3116;5.12
1;0;2;1;1;1;0;0.3107;0.49
1;2;2;1;0;1;0;0.3107;0.5
1;3;2;1;0;0;0;0.3107;0.5
1;5;2;1;0;1;0;0.3107;0.54
1;1;2;1;1;1;0;0.3107;0.58
1;5;2;1;1;0;1;0.3107;0.65
1;1;2;1;1;0;1;0.3107;0.66
1;5;2;1;1;1;0;0.3107;0.68
1;0;2;1;1;1;1;0.3107;0.69
1;2;2;1;1;0;1;0.3107;0.72
1;2;2;1;1;0;0;0.3107;0.76
1;2;2;1;1;1;0;0.3107;0.77
1;0;2;1;1;0;1;0.3107;0.79
1;4;2;1;0;0;0;0.3107;0.79
1;2;2;1;0;1;1;0.3107;0.82
1;2;2;1;1;1;1;0.3107;0.87
1;2;2;1;0;0;0;0.3107;0.91
1;4;2;1;1;0;0;0.3107;0.91
1;1;2;1;0;1;0;0.3107;0.92
1;1;2;1;1;0;0;0.3107;0.92
1;4;2;1;1;1;0;0.3107;0.93
1;0;2;1;1;0;0;0.3107;0.94
1;1;2;1;0;0;0;0.3107;0.94
1;5;2;1;0;0;0;0.3107;0.96
1;5;2;1;1;0;0;0.3107;1.0
1;0;2;1;0;0;0;0.3107;1.01
1;5;2;1;0;1;1;0.3107;1.01
1;1;2;1;1;1;1;0.3107;1.02
1;4;2;1;0;1;0;0.3107;1.03
1;0;2;1;0;1;0;0.3107;1.05
1;1;2;1;0;0;1;0.3107;1.22
1;2;2;1;0;0;1;0.3107;1.22
1;4;2;1;0;0;1;0.3107;1.23
1;3;2;1;1;0;0;0.3107;1.24
1;4;2;1;1;0;1;0.3107;1.24
1;3;2;1;1;1;0;0.3107;1.28
1;3;2;1;1;1;1;0.3107;1.29
1;4;2;1;1;1;1;0.3107;1.3
1;5;2;1;0;0;1;0.3107;1.31
1;0;2;1;0;0;1;0.3107;1.33
1;5;2;1;1;1;1;0.3107;1.35
1;1;2;1;0;1;1;0.3107;1.36
1;0;2;1;0;1;1;0.3107;1.67
1;3;2;1;0;1;0;0.3107;1.72
1;3;2;1;0;1;1;0.3107;1.76
1;4;2;1;0;1;1;0.3107;1.78
1;3;2;1;0;0;1;0.3107;1.82
2;3;4;1;0;0;0;0.3107;1.88
1;3;2;1;1;0;1;0.3107;2.14
2;3;4;1;0;0;1;0.3107;2.16
2;4;4;1;0;0;0;0.3107;3.69
2;4;4;1;0;0;1;0.3107;3.84
2;3;4;2;0;1;0;0.3107;4.11
2;3;4;2;0;1;1;0.3107;5.38
2;4;4;2;0;1;1;0.3107;7.78
2;4;4;2;0;1;0;0.3107;10.74
4;2;4;2;1;0;0;0.3083;2.22
4;5;4;2;1;0;0;0.3083;2.23
4;5;4;2;1;1;0;0.3083;2.24
4;2;4;2;1;0;1;0.3083;2.32
4;1;0;2;1;0;0;0.3083;2.49
4;0;5;2;0;0;0;0.3083;2.5
4;2;4;2;1;1;1;0.3083;2.61
4;2;5;2;0;0;1;0.3083;2.65
4;2;4;2;1;1;0;0.3083;2.89
4;5;4;2;1;0;1;0.3083;2.93
4;2;5;2;0;1;0;0.3083;3.0
4;1;0;2;1;1;0;0.3083;3.01
4;1;5;2;0;0;0;0.3083;3.06
4;1;0;2;1;0;1;0.3083;3.07
4;2;5;2;0;0;0;0.3083;3.09
4;1;0;2;1;1;1;0.3083;3.11
4;0;5;2;0;1;1;0.3083;3.17
4;5;0;2;1;1;0;0.3083;3.33
4;5;5;2;0;0;0;0.3083;3.4
4;2;0;2;1;0;0;0.3083;3.41
4;5;0;2;1;0;0;0.3083;3.42
4;4;0;2;1;0;0;0.3083;3.65
4;4;4;2;1;1;0;0.3083;3.76
4;0;0;2;1;1;0;0.3083;3.79
4;4;0;2;1;1;0;0.3083;3.79
4;2;0;2;1;1;0;0.3083;3.8
4;3;0;2;1;0;0;0.3083;3.84
4;2;5;2;0;1;1;0.3083;3.89
4;0;0;2;1;0;0;0.3083;3.97
4;4;0;2;1;0;1;0.3083;3.98
4;3;4;2;1;0;0;0.3083;3.98
4;0;0;2;1;0;1;0.3083;3.99
4;5;0;2;1;1;1;0.3083;4.04
4;3;0;2;1;0;1;0.3083;4.07
4;4;4;2;1;0;0;0.3083;4.08
4;0;4;2;1;0;0;0.3083;4.1
4;2;0;2;1;1;1;0.3083;4.13
4;2;0;2;1;0;1;0.3083;4.17
4;0;0;2;1;1;1;0.3083;4.19
4;5;0;2;1;0;1;0.3083;4.26
4;0;4;2;1;1;0;0.3083;4.28
4;1;5;2;0;0;1;0.3083;4.3
4;1;4;2;1;1;0;0.3083;4.32
4;3;4;2;1;1;0;0.3083;4.33
4;1;4;2;1;0;0;0.3083;4.36
4;5;4;2;1;1;1;0.3083;4.4
4;0;4;2;1;0;1;0.3083;4.41
4;4;5;2;0;0;1;0.3083;4.44
4;3;0;2;1;1;0;0.3083;4.46
4;3;4;2;1;0;1;0.3083;4.5
4;4;4;2;1;0;1;0.3083;4.53
4;3;0;2;1;1;1;0.3083;4.56
4;4;4;2;1;1;1;0.3083;4.56
4;0;4;2;1;1;1;0.3083;4.61
4;3;4;2;1;1;1;0.3083;4.65
4;3;5;2;0;0;0;0.3083;4.68
4;4;0;2;1;1;1;0.3083;4.76
4;3;5;2;0;0;1;0.3083;4.76
4;1;4;2;1;0;1;0.3083;4.8
4;4;5;2;0;0;0;0.3083;4.83
4;1;4;2;1;1;1;0.3083;4.84
4;3;5;2;0;1;0;0.3083;4.84
4;4;5;2;0;1;0;0.3083;4.88
4;0;5;2;0;1;0;0.3083;4.93
4;5;5;2;0;1;0;0.3083;4.99
4;1;5;2;0;1;0;0.3083;5.23
4;0;5;2;0;0;1;0.3083;5.29
4;3;5;2;0;1;1;0.3083;5.33
4;4;5;2;0;1;1;0.3083;5.36
4;1;5;2;0;1;1;0.3083;5.54
4;5;5;2;0;1;1;0.3083;5.62
4;5;5;2;0;0;1;0.3083;6.39
3;3;2;1;1;0;0;0.3082;0.53
3;3;2;1;1;1;0;0.3082;0.54
3;1;2;1;1;1;0;0.3082;0.55
3;2;2;1;1;1;0;0.3082;0.55
3;3;2;1;0;1;0;0.3082;0.56
3;2;2;1;1;0;0;0.3082;0.58
3;3;2;1;0;0;0;0.3082;0.62
3;2;2;1;1;0;1;0.3082;0.7
3;3;2;1;1;0;1;0.3082;0.7
3;3;2;1;0;1;1;0.3082;0.71
3;1;2;1;1;0;0;0.3082;0.76
3;3;2;1;0;0;1;0.3082;0.77
3;3;2;1;1;1;1;0.3082;0.81
3;1;2;1;1;0;1;0.3082;0.86
3;2;2;1;1;1;1;0.3082;0.93
4;4;2;2;0;0;0;0.3082;0.95
4;4;2;2;0;1;0;0.3082;0.96
3;5;2;1;1;0;0;0.3082;0.97
4;2;2;2;1;1;0;0.3082;0.97
4;5;2;2;0;0;0;0.3082;0.98
4;5;2;2;1;0;0;0.3082;0.98
3;4;2;1;0;0;0;0.3082;0.99
3;1;2;1;0;0;0;0.3082;1.0
3;5;2;1;0;0;0;0.3082;1.0
3;4;2;1;1;0;0;0.3082;1.01
4;5;2;2;1;1;0;0.3082;1.01
4;1;2;2;0;0;0;0.3082;1.02
3;1;2;1;0;1;0;0.3082;1.03
4;4;2;2;1;0;0;0.3082;1.03
3;2;2;1;0;1;1;0.3082;1.04
3;4;2;1;1;1;0;0.3082;1.04
3;5;2;1;0;1;0;0.3082;1.04
3;4;2;1;0;1;0;0.3082;1.06
3;5;2;1;1;1;0;0.3082;1.08
3;2;2;1;0;0;0;0.3082;1.09
4;4;2;2;1;1;0;0.3082;1.09
4;5;2;2;0;0;1;0.3082;1.09
4;4;2;2;0;0;1;0.3082;1.1
3;2;2;1;0;1;0;0.3082;1.11
4;1;2;2;0;0;1;0.3082;1.11
4;4;2;2;0;1;1;0.3082;1.11
4;4;2;2;1;0;1;0.3082;1.11
4;5;2;2;0;1;1;0.3082;1.12
3;0;2;1;0;1;0;0.3082;1.13
4;1;2;2;1;0;1;0.3082;1.14
4;5;2;2;1;1;1;0.3082;1.15
4;5;2;2;1;0;1;0.3082;1.18
3;0;2;1;1;0;0;0.3082;1.19
4;1;2;2;1;1;1;0.3082;1.22
3;1;2;1;1;1;1;0.3082;1.23
4;4;2;2;1;1;1;0.3082;1.25
4;1;2;2;0;1;1;0.3082;1.28
3;4;2;1;0;0;1;0.3082;1.29
4;5;2;2;0;1;0;0.3082;1.29
3;5;2;1;1;0;1;0.3082;1.3
4;1;2;2;0;1;0;0.3082;1.3
4;1;2;2;1;0;0;0.3082;1.34
3;0;2;1;1;1;0;0.3082;1.36
3;1;2;1;0;1;1;0.3082;1.36
3;5;2;1;0;1;1;0.3082;1.36
3;4;2;1;1;0;1;0.3082;1.37
3;5;2;1;0;0;1;0.3082;1.37
3;5;2;1;1;1;1;0.3082;1.38
3;0;2;1;0;0;0;0.3082;1.39
3;1;2;1;0;0;1;0.3082;1.39
3;4;2;1;1;1;1;0.3082;1.4
3;4;2;1;0;1;1;0.3082;1.41
4;1;2;2;1;1;0;0.3082;1.42
4;1;1;2;0;1;0;0.3082;1.45
3;2;2;1;0;0;1;0.3082;1.47
2;0;2;2;1;1;0;0.3082;1.51
3;0;2;1;1;1;1;0.3082;1.52
4;2;2;2;1;0;1;0.3082;1.53
4;3;2;2;0;0;1;0.3082;1.57
6;5;1;1;1;0;0;0.3082;1.59
3;0;2;1;0;0;1;0.3082;1.62
3;0;2;1;0;1;1;0.3082;1.66
3;0;2;1;1;0;1;0.3082;1.67
6;5;1;1;1;0;1;0.3082;1.75
4;0;2;2;0;0;0;0.3082;1.8
4;2;2;2;0;0;0;0.3082;1.82
4;3;2;2;0;0;0;0.3082;1.83
4;3;2;2;1;0;0;0.3082;1.83
4;3;2;2;1;1;0;0.3082;1.84
4;0;2;2;0;1;0;0.3082;1.86
4;2;2;2;1;0;0;0.3082;1.88
4;3;2;2;0;1;0;0.3082;1.89
4;2;2;2;0;1;0;0.3082;1.9
6;2;1;1;1;0;0;0.3082;1.9
4;0;2;2;1;1;0;0.3082;1.92
4;2;2;2;1;1;1;0.3082;1.97
4;1;1;2;0;1;1;0.3082;1.98
4;0;2;2;1;0;0;0.3082;2.01
4;0;1;2;0;1;0;0.3082;2.04
4;1;1;2;0;0;1;0.3082;2.06
4;1;1;2;0;0;0;0.3082;2.08
2;1;4;1;1;0;0;0.3082;2.09
4;0;1;2;0;0;0;0.3082;2.09
4;5;1;2;0;0;0;0.3082;2.09
2;0;2;2;1;1;1;0.3082;2.1
4;2;1;2;0;1;0;0.3082;2.1
4;3;1;2;0;0;0;0.3082;2.11
4;5;1;2;0;1;0;0.3082;2.11
4;4;1;2;0;0;0;0.3082;2.12
4;4;1;2;0;1;0;0.3082;2.12
4;3;1;2;0;1;0;0.3082;2.13
4;0;2;2;1;0;1;0.3082;2.14
4;0;2;2;1;1;1;0.3082;2.14
4;2;2;2;0;1;1;0.3082;2.15
4;3;2;2;1;1;1;0.3082;2.15
4;0;2;2;0;0;1;0.3082;2.16
4;3;2;2;0;1;1;0.3082;2.16
4;2;2;2;0;0;1;0.3082;2.17
4;3;2;2;1;0;1;0.3082;2.17
4;0;2;2;0;1;1;0.3082;2.18
4;2;1;2;0;0;0;0.3082;2.24
2;1;4;1;1;0;1;0.3082;2.25
2;1;4;1;1;1;0;0.3082;2.25
2;5;4;1;1;0;1;0.3082;2.28
2;0;2;2;0;1;0;0.3082;2.29
2;5;4;1;1;0;0;0.3082;2.32
2;1;4;1;1;1;1;0.3082;2.33
4;0;1;2;0;0;1;0.3082;2.33
2;5;4;1;1;1;0;0.3082;2.36
4;3;1;2;0;0;1;0.3082;2.37
4;4;1;2;0;0;1;0.3082;2.37
4;5;1;2;0;0;1;0.3082;2.37
2;0;2;2;0;0;0;0.3082;2.39
4;2;1;2;0;1;1;0.3082;2.41
4;5;1;2;0;1;1;0.3082;2.43
4;4;1;2;0;1;1;0.3082;2.45
2;1;5;1;1;0;0;0.3082;2.46
4;2;1;2;0;0;1;0.3082;2.48
4;0;1;2;0;1;1;0.3082;2.5
2;1;5;2;1;1;0;0.3082;2.52
2;0;2;2;1;0;1;0.3082;2.57
2;5;4;2;1;1;0;0.3082;2.62
2;0;2;2;0;0;1;0.3082;2.63
2;1;5;2;1;0;1;0.3082;2.63
2;5;4;2;1;0;0;0.3082;2.65
2;3;4;2;1;1;0;0.3082;2.66
2;5;4;1;1;1;1;0.3082;2.66
4;3;1;2;0;1;1;0.3082;2.66
4;3;1;2;1;0;1;0.3082;2.66
2;5;5;1;0;1;1;0.3082;2.68
2;1;4;2;1;0;1;0.3082;2.73
2;1;5;2;1;0;0;0.3082;2.82
2;0;5;2;0;0;0;0.3082;2.83
2;1;5;1;1;1;0;0.3082;2.83
2;1;5;2;1;1;1;0.3082;2.83
2;5;4;2;1;0;1;0.3082;2.86
2;5;4;2;1;1;1;0.3082;2.87
2;1;5;2;0;0;0;0.3082;2.91
2;1;5;2;0;1;0;0.3082;2.96
2;5;5;2;0;1;0;0.3082;3.0
2;0;2;2;1;0;0;0.3082;3.08
2;1;4;2;1;0;0;0.3082;3.1
2;1;5;2;0;0;1;0.3082;3.14
2;5;5;2;0;0;1;0.3082;3.15
4;1;1;2;1;0;1;0.3082;3.15
2;2;5;1;0;0;0;0.3082;3.17
2;5;5;2;0;1;1;0.3082;3.22
2;1;5;1;1;1;1;0.3082;3.23
2;2;5;2;0;0;0;0.3082;3.24
2;5;5;1;0;1;0;0.3082;3.24
4;1;1;2;1;0;0;0.3082;3.27
6;2;1;1;1;0;1;0.3082;3.3
2;4;4;2;1;1;1;0.3082;3.31
4;1;1;2;1;1;0;0.3082;3.38
2;3;4;2;1;0;1;0.3082;3.45
2;2;5;1;0;0;1;0.3082;3.48
2;0;5;2;0;0;1;0.3082;3.54
2;1;5;2;0;1;1;0.3082;3.7
4;3;1;2;1;1;1;0.3082;3.71
2;0;2;2;0;1;1;0.3082;3.72
4;2;1;2;1;1;0;0.3082;3.72
2;5;5;1;0;0;1;0.3082;3.75
2;1;4;2;1;1;0;0.3082;3.78
4;0;1;2;1;0;0;0.3082;3.83
4;4;1;2;1;0;0;0.3082;3.83
2;0;4;2;1;0;0;0.3082;3.85
2;0;4;1;1;0;1;0.3082;3.86
2;3;4;1;1;1;1;0.3082;3.86
4;3;1;2;1;0;0;0.3082;3.92
2;3;4;1;1;0;0;0.3082;3.93
2;0;5;1;0;1;0;0.3082;3.97
2;0;4;1;1;0;0;0.3082;3.99
2;1;5;1;1;0;1;0.3082;4.01
4;4;1;2;1;1;0;0.3082;4.05
4;5;1;2;1;0;0;0.3082;4.06
4;5;1;2;1;1;0;0.3082;4.08
4;5;1;2;1;0;1;0.3082;4.09
2;0;4;2;1;0;1;0.3082;4.11
4;0;1;2;1;0;1;0.3082;4.12
4;4;1;2;1;0;1;0.3082;4.16
2;3;4;1;1;1;0;0.3082;4.21
4;3;1;2;1;1;0;0.3082;4.27
2;4;4;2;1;0;1;0.3082;4.28
2;0;5;1;0;1;1;0.3082;4.3
4;5;1;2;1;1;1;0.3082;4.3
2;0;4;1;1;1;0;0.3082;4.31
4;0;1;2;1;1;0;0.3082;4.31
4;2;1;2;1;0;1;0.3082;4.34
2;1;5;1;0;0;1;0.3082;4.35
4;4;1;2;1;1;1;0.3082;4.36
4;2;1;2;1;0;0;0.3082;4.39
2;4;4;2;1;0;0;0.3082;4.47
2;0;4;1;1;1;1;0.3082;4.48
4;0;1;2;1;1;1;0.3082;4.51
2;0;5;1;0;0;0;0.3082;4.52
2;5;5;1;0;0;0;0.3082;4.52
2;4;5;1;0;0;0;0.3082;4.59
2;3;5;1;0;0;0;0.3082;4.64
4;1;1;2;1;1;1;0.3082;4.66
2;0;4;2;1;1;0;0.3082;4.69
2;0;5;1;0;0;1;0.3082;4.7
4;2;1;2;1;1;1;0.3082;4.7
2;2;4;1;1;0;0;0.3082;4.73
2;3;4;1;1;0;1;0.3082;4.78
2;2;5;1;0;1;0;0.3082;4.78
2;4;5;1;0;1;0;0.3082;4.78
2;4;4;1;1;1;1;0.3082;4.87
2;3;5;1;0;1;0;0.3082;4.88
2;4;5;1;0;0;1;0.3082;4.97
2;3;5;1;0;0;1;0.3082;5.03
2;2;5;1;0;1;1;0.3082;5.06
2;1;5;1;0;1;1;0.3082;5.11
2;3;4;2;1;1;1;0.3082;5.13
2;3;5;1;0;1;1;0.3082;5.21
2;5;5;2;0;0;0;0.3082;5.25
2;4;4;2;1;1;0;0.3082;5.28
2;0;5;2;0;1;0;0.3082;5.31
2;3;4;2;1;0;0;0.3082;5.43
2;2;4;1;1;1;0;0.3082;5.46
2;3;5;2;0;0;0;0.3082;5.47
2;2;4;2;1;1;0;0.3082;5.54
2;0;4;2;1;1;1;0.3082;5.55
2;1;5;1;0;0;0;0.3082;5.6
2;2;5;2;0;1;0;0.3082;5.6
2;3;5;2;0;1;0;0.3082;5.63
2;2;4;2;1;1;1;0.3082;5.66
2;3;5;2;0;0;1;0.3082;5.8
2;2;4;1;1;0;1;0.3082;5.88
2;2;5;2;0;0;1;0.3082;5.89
2;2;5;2;0;1;1;0.3082;5.89
2;4;5;2;0;0;0;0.3082;5.97
2;2;4;1;1;1;1;0.3082;6.03
2;4;5;2;0;0;1;0.3082;6.05
2;1;4;2;1;1;1;0.3082;6.16
2;1;5;1;0;1;0;0.3082;6.16
2;0;5;2;0;1;1;0.3082;6.17
2;3;5;2;0;1;1;0.3082;6.23
2;2;4;2;1;0;0;0.3082;6.69
2;2;4;2;1;0;1;0.3082;6.69
2;4;5;1;0;1;1;0.3082;6.77
2;4;4;1;1;0;0;0.3082;6.95
2;4;5;2;0;1;1;0.3082;6.98
2;4;5;2;0;1;0;0.3082;7.2
2;4;4;1;1;0;1;0.3082;7.47
2;4;4;1;1;1;0;0.3082;7.51
2;1;4;0;0;0;0;0.3065;5.2
2;1;4;0;0;1;0;0.3065;5.33
2;1;4;0;0;0;1;0.3065;5.63
2;1;4;0;0;1;1;0.3065;5.68
2;1;4;1;0;0;0;0.3065;1.88
2;1;4;1;0;1;0;0.3065;1.93
2;1;4;1;0;0;1;0.3065;2.13
2;1;4;1;0;1;1;0.3065;2.34
3;0;5;1;1;0;0;0.3059;2.23
3;0;5;2;1;0;0;0.3059;2.33
3;0;5;1;1;0;1;0.3059;2.34
3;0;5;2;1;0;1;0.3059;2.7
3;3;5;1;1;0;0;0.3059;4.23
3;4;5;2;1;0;0;0.3059;4.31
3;4;5;1;1;0;1;0.3059;4.35
3;3;5;2;1;0;0;0.3059;4.42
3;3;5;1;1;0;1;0.3059;4.45
3;4;5;2;1;0;1;0.3059;4.51
3;4;5;1;1;0;0;0.3059;4.55
3;3;5;2;1;0;1;0.3059;4.56
2;1;4;2;0;1;0;0.3023;3.07
2;1;4;2;0;0;0;0.3023;3.2
2;1;4;2;0;1;1;0.3023;3.4
2;1;4;2;0;0;1;0.3023;3.57
3;4;3;1;1;0;0;0.3006;0.5
0;0;3;1;0;0;0;0.3006;0.51
0;0;3;1;1;0;0;0.3006;0.51
3;2;3;1;0;0;0;0.3006;0.51
0;4;3;1;1;0;0;0.3006;0.52
3;2;3;1;0;1;0;0.3006;0.52
3;2;3;1;1;0;0;0.3006;0.52
3;3;3;1;0;0;0;0.3006;0.52
3;4;3;1;0;0;0;0.3006;0.52
3;4;3;1;0;1;0;0.3006;0.52
3;4;3;1;1;1;0;0.3006;0.52
0;1;3;1;0;0;0;0.3006;0.53
0;1;3;1;0;1;0;0.3006;0.53
0;1;3;1;1;1;0;0.3006;0.53
3;2;3;1;1;1;0;0.3006;0.53
3;3;3;1;0;1;0;0.3006;0.53
3;3;3;1;1;0;0;0.3006;0.53
0;0;3;1;0;1;0;0.3006;0.54
0;3;3;1;1;1;0;0.3006;0.54
0;4;3;1;1;1;0;0.3006;0.54
3;0;3;1;1;1;0;0.3006;0.54
0;3;3;1;1;0;0;0.3006;0.55
3;3;3;1;1;1;0;0.3006;0.56
3;4;3;2;0;0;0;0.3006;0.61
3;4;3;2;1;0;0;0.3006;0.61
0;3;3;1;0;1;0;0.3006;0.62
3;2;3;2;1;0;0;0.3006;0.62
6;0;3;1;1;0;0;0.3006;0.62
0;0;3;2;0;0;0;0.3006;0.63
0;1;3;2;0;0;0;0.3006;0.63
0;1;3;2;1;0;0;0.3006;0.63
0;3;3;2;1;0;0;0.3006;0.63
0;4;3;2;0;0;0;0.3006;0.63
3;0;3;2;0;0;0;0.3006;0.63
3;3;3;2;0;0;0;0.3006;0.63
3;4;3;1;1;0;1;0.3006;0.63
5;0;3;1;1;0;0;0.3006;0.63
5;1;3;1;0;0;0;0.3006;0.63
5;1;3;1;0;1;0;0.3006;0.63
5;1;3;1;1;1;0;0.3006;0.63
5;2;3;1;1;0;0;0.3006;0.63
5;3;3;1;1;1;0;0.3006;0.63
6;0;3;1;1;1;0;0.3006;0.63
3;2;3;2;0;0;0;0.3006;0.64
3;4;3;1;1;1;1;0.3006;0.64
5;1;3;1;1;0;0;0.3006;0.64
5;2;3;1;0;0;0;0.3006;0.64
5;3;3;1;1;0;0;0.3006;0.64
6;1;3;1;0;0;0;0.3006;0.64
6;5;3;1;0;1;0;0.3006;0.64
0;0;3;2;0;1;0;0.3006;0.65
0;3;3;2;1;1;0;0.3006;0.65
0;4;3;2;0;1;0;0.3006;0.65
3;0;3;1;1;1;1;0.3006;0.65
3;0;3;2;0;1;0;0.3006;0.65
3;0;3;2;1;1;0;0.3006;0.65
3;2;3;2;0;1;0;0.3006;0.65
3;3;3;1;0;0;1;0.3006;0.65
3;3;3;1;1;0;1;0.3006;0.65
5;2;3;1;0;1;0;0.3006;0.65
5;3;3;1;0;1;0;0.3006;0.65
6;1;3;1;0;1;0;0.3006;0.65
6;1;3;1;1;0;0;0.3006;0.65
6;2;3;1;1;1;0;0.3006;0.65
0;1;3;2;1;1;0;0.3006;0.66
3;2;3;1;1;0;1;0.3006;0.66
3;2;3;1;1;1;1;0.3006;0.66
3;4;3;1;0;0;1;0.3006;0.66
3;5;3;2;0;1;0;0.3006;0.66
0;0;3;1;0;1;1;0.3006;0.67
0;1;3;1;0;1;1;0.3006;0.67
0;1;3;1;1;0;0;0.3006;0.67
0;1;3;1;1;1;1;0.3006;0.67
0;3;3;1;0;1;1;0.3006;0.67
0;4;3;1;1;1;1;0.3006;0.67
3;3;3;1;1;1;1;0.3006;0.67
6;5;3;1;0;0;0;0.3006;0.67
0;0;3;1;1;1;1;0.3006;0.68
3;2;3;1;0;0;1;0.3006;0.68
3;4;3;1;0;1;1;0.3006;0.68
3;4;3;2;0;1;0;0.3006;0.68
0;3;3;2;0;1;0;0.3006;0.71
3;0;3;2;1;0;0;0.3006;0.71
6;1;3;1;1;1;0;0.3006;0.71
0;0;3;1;1;0;1;0.3006;0.72
0;0;3;1;1;1;0;0.3006;0.72
0;1;3;1;0;0;1;0.3006;0.72
0;1;3;1;1;0;1;0.3006;0.72
5;1;3;2;1;0;0;0.3006;0.72
6;0;3;1;0;1;0;0.3006;0.72
3;2;3;0;1;1;0;0.3006;0.73
5;1;3;2;0;0;0;0.3006;0.73
5;3;3;1;1;0;1;0.3006;0.73
3;3;3;1;0;1;1;0.3006;0.74
5;3;3;2;1;0;0;0.3006;0.74
6;4;3;2;0;0;0;0.3006;0.74
6;0;3;2;0;0;0;0.3006;0.75
3;2;3;0;0;1;0;0.3006;0.76
5;1;3;1;1;1;1;0.3006;0.76
5;3;3;2;1;1;0;0.3006;0.76
6;3;3;2;1;1;0;0.3006;0.76
6;4;3;2;0;1;0;0.3006;0.76
3;4;3;2;1;0;1;0.3006;0.77
5;0;3;1;1;0;1;0.3006;0.77
5;3;3;1;0;0;1;0.3006;0.77
5;3;3;2;0;0;0;0.3006;0.77
6;0;3;1;1;1;1;0.3006;0.77
6;1;3;2;0;1;0;0.3006;0.77
5;1;3;2;0;1;0;0.3006;0.78
5;1;3;2;1;1;0;0.3006;0.78
5;3;3;1;1;1;1;0.3006;0.78
5;3;3;2;0;1;0;0.3006;0.78
6;0;3;1;0;1;1;0.3006;0.78
6;4;3;1;1;1;1;0.3006;0.78
3;0;3;2;0;0;1;0.3006;0.79
5;2;3;1;0;0;1;0.3006;0.79
6;1;3;1;1;1;1;0.3006;0.79
6;5;3;1;0;1;1;0.3006;0.79
3;0;3;2;1;0;1;0.3006;0.8
5;2;3;1;0;1;1;0.3006;0.8
6;1;3;1;0;1;1;0.3006;0.8
0;3;3;1;1;0;1;0.3006;0.81
3;4;3;2;0;1;1;0.3006;0.81
3;5;3;2;0;0;1;0.3006;0.81
5;1;3;1;1;0;1;0.3006;0.81
0;3;3;2;1;1;1;0.3006;0.82
2;0;3;1;1;1;0;0.3006;0.82
3;2;3;2;0;1;1;0.3006;0.82
6;2;3;1;1;1;1;0.3006;0.82
2;0;3;1;0;1;0;0.3006;0.83
0;1;3;2;1;0;1;0.3006;0.84
3;0;3;2;1;1;1;0.3006;0.84
6;1;3;1;1;0;1;0.3006;0.84
0;1;3;2;0;1;1;0.3006;0.85
0;1;3;2;1;1;1;0.3006;0.85
0;3;3;2;0;1;1;0.3006;0.85
5;4;3;2;1;1;0;0.3006;0.85
6;0;3;1;1;0;1;0.3006;0.85
6;1;3;1;0;0;1;0.3006;0.85
5;3;3;1;0;1;1;0.3006;0.86
0;0;3;2;0;0;1;0.3006;0.87
6;5;3;1;0;0;1;0.3006;0.87
5;1;3;1;0;1;1;0.3006;0.88
0;4;3;2;0;0;1;0.3006;0.89
3;0;3;1;1;0;1;0.3006;0.89
3;2;3;0;1;1;1;0.3006;0.89
5;3;3;2;0;0;1;0.3006;0.89
0;3;3;2;1;0;1;0.3006;0.9
5;3;3;2;1;0;1;0.3006;0.9
2;0;3;1;1;0;0;0.3006;0.91
3;2;3;0;0;1;1;0.3006;0.91
5;1;3;2;1;0;1;0.3006;0.91
5;1;3;2;0;0;1;0.3006;0.92
6;1;3;2;0;0;0;0.3006;0.92
0;1;3;2;0;1;0;0.3006;0.93
6;3;3;2;1;1;1;0.3006;0.93
0;4;3;1;1;0;1;0.3006;0.94
2;0;3;1;1;1;1;0.3006;0.95
2;0;3;1;0;1;1;0.3006;0.96
3;1;3;1;1;0;0;0.3006;0.96
0;4;3;1;0;0;0;0.3006;0.97
0;5;3;1;0;0;0;0.3006;0.97
0;3;3;1;0;0;0;0.3006;0.98
0;5;3;1;1;0;0;0.3006;0.98
3;4;3;2;0;0;1;0.3006;0.98
6;1;3;2;0;0;1;0.3006;0.98
3;0;3;1;0;0;0;0.3006;0.99
3;0;3;1;1;0;0;0.3006;0.99
3;5;3;1;0;0;0;0.3006;0.99
0;2;3;1;1;1;0;0.3006;1.0
0;5;3;1;1;1;0;0.3006;1.0
3;1;3;1;0;0;0;0.3006;1.0
3;2;3;2;1;0;1;0.3006;1.0
6;4;3;2;0;0;1;0.3006;1.0
0;2;3;1;1;0;0;0.3006;1.01
0;4;3;1;0;1;0;0.3006;1.01
3;0;3;1;0;1;0;0.3006;1.01
0;0;3;2;0;1;1;0.3006;1.02
3;1;3;1;1;1;0;0.3006;1.02
3;5;3;1;0;1;0;0.3006;1.03
0;2;3;1;0;0;0;0.3006;1.04
0;4;3;2;0;1;1;0.3006;1.04
2;0;3;1;1;0;1;0.3006;1.04
3;1;3;1;0;1;0;0.3006;1.07
0;2;3;1;0;1;0;0.3006;1.08
5;1;3;2;0;1;1;0.3006;1.08
5;0;3;1;1;1;0;0.3006;1.11
0;5;3;1;0;1;0;0.3006;1.12
3;2;3;1;0;1;1;0.3006;1.12
0;0;3;2;1;0;1;0.3006;1.13
6;3;3;2;1;0;1;0.3006;1.14
0;0;3;2;1;0;0;0.3006;1.15
0;4;3;1;0;1;1;0.3006;1.15
5;3;3;2;1;1;1;0.3006;1.16
6;5;3;1;1;0;0;0.3006;1.16
3;2;3;0;1;0;0;0.3006;1.18
0;3;3;1;0;0;1;0.3006;1.19
6;2;3;1;1;0;1;0.3006;1.19
3;5;3;1;1;0;0;0.3006;1.2
6;2;3;1;1;0;0;0.3006;1.2
6;4;3;1;1;0;0;0.3006;1.2
5;1;3;1;0;0;1;0.3006;1.21
5;4;3;1;0;0;0;0.3006;1.21
6;2;3;1;0;0;0;0.3006;1.21
6;3;3;1;1;0;0;0.3006;1.21
6;5;3;1;1;1;0;0.3006;1.21
3;1;3;1;0;0;1;0.3006;1.22
3;2;3;2;0;0;1;0.3006;1.22
3;2;3;2;1;1;0;0.3006;1.23
6;3;3;1;1;1;0;0.3006;1.23
0;4;3;2;1;0;0;0.3006;1.24
0;4;3;2;1;1;0;0.3006;1.24
3;5;3;2;1;0;0;0.3006;1.24
5;4;3;1;0;1;0;0.3006;1.24
6;2;3;1;0;1;0;0.3006;1.24
6;4;3;1;0;1;0;0.3006;1.24
3;0;3;1;0;0;1;0.3006;1.25
5;2;3;1;1;1;0;0.3006;1.25
5;4;3;1;1;0;0;0.3006;1.25
5;4;3;1;1;1;0;0.3006;1.25
0;2;3;1;1;1;1;0.3006;1.26
0;3;3;1;1;1;1;0.3006;1.26
3;1;3;1;1;0;1;0.3006;1.26
5;3;3;1;0;0;0;0.3006;1.26
3;5;3;2;1;1;0;0.3006;1.27
6;3;3;1;0;1;0;0.3006;1.27
0;0;3;1;0;0;1;0.3006;1.28
0;0;3;2;1;1;0;0.3006;1.29
0;5;3;1;0;1;1;0.3006;1.29
0;5;3;1;1;1;1;0.3006;1.29
3;1;3;1;0;1;1;0.3006;1.29
3;4;3;2;1;1;0;0.3006;1.29
3;1;3;2;1;0;0;0.3006;1.3
3;3;3;2;1;0;0;0.3006;1.3
3;2;3;0;1;0;1;0.3006;1.31
3;0;3;1;0;1;1;0.3006;1.32
0;3;3;2;0;0;0;0.3006;1.33
3;0;3;2;0;1;1;0.3006;1.34
3;1;3;2;0;0;0;0.3006;1.34
3;3;3;2;0;0;1;0.3006;1.34
3;3;3;2;1;1;0;0.3006;1.34
3;5;3;2;0;0;0;0.3006;1.34
3;5;3;1;1;1;0;0.3006;1.35
3;5;3;2;0;1;1;0.3006;1.35
5;2;3;1;1;0;1;0.3006;1.35
3;3;3;2;0;1;0;0.3006;1.36
5;5;3;1;0;1;0;0.3006;1.36
3;1;3;1;1;1;1;0.3006;1.37
3;1;3;2;0;1;0;0.3006;1.37
6;1;3;2;0;1;1;0.3006;1.37
0;4;3;1;0;0;1;0.3006;1.38
6;0;3;2;1;0;0;0.3006;1.38
3;5;3;0;1;0;0;0.3006;1.39
3;5;3;0;0;0;0;0.3006;1.4
5;5;3;1;0;0;0;0.3006;1.4
3;1;3;2;1;1;0;0.3006;1.41
0;2;3;1;0;1;1;0.3006;1.42
5;4;3;2;0;0;0;0.3006;1.43
0;5;3;1;0;0;1;0.3006;1.44
0;5;3;1;1;0;1;0.3006;1.44
6;3;3;1;0;0;0;0.3006;1.44
6;3;3;2;1;0;0;0.3006;1.44
0;2;3;1;1;0;1;0.3006;1.45
6;1;3;2;1;0;0;0.3006;1.45
5;0;3;2;1;1;0;0.3006;1.47
5;4;3;1;1;0;1;0.3006;1.47
6;0;3;2;0;1;0;0.3006;1.47
6;0;3;2;1;1;0;0.3006;1.47
6;1;3;2;1;1;0;0.3006;1.47
6;3;3;2;0;0;0;0.3006;1.47
6;5;3;1;1;1;1;0.3006;1.47
3;5;3;0;1;1;0;0.3006;1.48
6;4;3;2;0;1;1;0.3006;1.48
6;4;3;2;1;1;0;0.3006;1.48
3;5;3;1;0;1;1;0.3006;1.5
5;4;3;1;0;1;1;0.3006;1.5
6;2;3;1;0;1;1;0.3006;1.5
6;3;3;1;1;1;1;0.3006;1.5
6;4;3;1;0;1;1;0.3006;1.5
6;4;3;2;1;0;0;0.3006;1.5
3;2;3;0;0;0;0;0.3006;1.51
5;3;3;2;0;1;1;0.3006;1.51
5;4;3;1;1;1;1;0.3006;1.51
3;3;3;2;1;1;1;0.3006;1.53
0;2;3;1;0;0;1;0.3006;1.54
3;5;3;2;1;0;1;0.3006;1.54
5;0;3;1;0;0;0;0.3006;1.54
6;3;3;2;0;1;0;0.3006;1.54
3;1;3;2;1;0;1;0.3006;1.55
5;4;3;1;0;0;1;0.3006;1.55
6;3;3;1;0;1;1;0.3006;1.55
3;5;3;2;1;1;1;0.3006;1.56
5;0;3;1;0;1;1;0.3006;1.56
0;0;3;2;1;1;1;0.3006;1.57
0;4;3;2;1;1;1;0.3006;1.57
2;0;3;1;0;0;0;0.3006;1.57
3;2;3;2;1;1;1;0.3006;1.58
5;0;3;1;0;1;0;0.3006;1.58
3;5;3;1;0;0;1;0.3006;1.59
3;5;3;1;1;0;1;0.3006;1.59
5;4;3;2;0;1;0;0.3006;1.59
5;5;3;1;1;0;0;0.3006;1.59
5;2;3;1;1;1;1;0.3006;1.6
6;3;3;1;1;0;1;0.3006;1.6
6;3;3;1;0;0;1;0.3006;1.61
6;4;3;1;0;0;1;0.3006;1.63
0;1;3;2;0;0;1;0.3006;1.64
3;1;3;2;0;1;1;0.3006;1.65
3;3;3;2;0;1;1;0.3006;1.65
3;3;3;2;1;0;1;0.3006;1.65
5;5;3;1;1;0;1;0.3006;1.65
0;4;3;2;1;0;1;0.3006;1.66
3;1;3;2;0;0;1;0.3006;1.66
3;4;3;2;1;1;1;0.3006;1.66
5;0;3;1;0;0;1;0.3006;1.68
5;5;3;1;1;1;1;0.3006;1.68
6;2;3;1;0;0;1;0.3006;1.68
3;1;3;2;1;1;1;0.3006;1.69
6;4;3;1;1;1;0;0.3006;1.7
3;5;3;0;0;0;1;0.3006;1.71
6;0;3;2;0;0;1;0.3006;1.71
3;5;3;0;1;1;1;0.3006;1.72
3;5;3;0;0;1;1;0.3006;1.73
5;0;3;2;0;0;0;0.3006;1.74
5;4;3;2;0;0;1;0.3006;1.76
5;0;3;2;1;1;1;0.3006;1.77
5;5;3;1;1;1;0;0.3006;1.78
6;0;3;2;0;1;1;0.3006;1.78
6;0;3;2;1;1;1;0.3006;1.78
5;4;3;2;1;0;0;0.3006;1.8
6;1;3;2;1;1;1;0.3006;1.8
6;4;3;2;1;1;1;0.3006;1.8
0;3;3;2;0;0;1;0.3006;1.81
6;5;3;1;1;0;1;0.3006;1.81
6;0;3;2;1;0;1;0.3006;1.83
5;4;3;2;1;1;1;0.3006;1.84
6;1;3;2;1;0;1;0.3006;1.84
3;2;3;0;0;0;1;0.3006;1.85
3;5;3;1;1;1;1;0.3006;1.85
5;5;3;1;0;0;1;0.3006;1.85
6;3;3;2;0;1;1;0.3006;1.85
5;0;3;2;0;1;0;0.3006;1.87
6;4;3;2;1;0;1;0.3006;1.88
3;5;3;0;0;1;0;0.3006;1.89
5;4;3;2;1;0;1;0.3006;1.89
2;0;3;1;0;0;1;0.3006;1.9
5;0;3;2;1;0;0;0.3006;1.91
6;3;3;2;0;0;1;0.3006;1.91
6;4;3;1;0;0;0;0.3006;1.94
5;5;3;1;0;1;1;0.3006;1.96
3;5;3;0;1;0;1;0.3006;2.01
5;1;3;2;1;1;1;0.3006;2.05
5;0;3;1;1;1;1;0.3006;2.06
5;0;3;2;1;0;1;0.3006;2.06
6;0;3;1;0;0;0;0.3006;2.09
5;0;3;2;0;1;1;0.3006;2.26
5;0;3;2;0;0;1;0.3006;2.32
5;4;3;2;0;1;1;0.3006;2.38
6;0;3;1;0;0;1;0.3006;2.43
6;4;3;1;1;0;1;0.3006;2.97
4;1;3;1;1;0;0;0.2992;0.6
4;3;3;1;0;0;0;0.2992;0.6
4;0;3;1;0;1;0;0.2992;0.61
4;0;3;1;1;1;0;0.2992;0.61
4;0;3;1;0;0;0;0.2992;0.62
4;1;3;1;0;0;0;0.2992;0.63
4;3;3;1;0;1;0;0.2992;0.63
4;3;3;1;1;1;0;0.2992;0.63
4;1;3;1;0;1;0;0.2992;0.65
4;5;3;1;1;1;0;0.2992;0.65
4;4;3;1;1;1;0;0.2992;0.66
4;5;3;1;0;0;0;0.2992;0.67
4;0;3;1;1;0;0;0.2992;0.7
4;5;3;1;0;1;0;0.2992;0.7
4;0;3;1;0;0;1;0.2992;0.74
4;1;3;1;1;0;1;0.2992;0.75
4;3;3;1;0;1;1;0.2992;0.75
4;5;3;1;1;1;1;0.2992;0.75
4;0;3;1;1;0;1;0.2992;0.76
4;1;3;1;0;0;1;0.2992;0.76
4;1;3;1;0;1;1;0.2992;0.76
4;3;3;1;0;0;1;0.2992;0.76
4;3;3;1;1;1;1;0.2992;0.76
4;4;3;1;1;0;1;0.2992;0.76
4;4;3;1;1;1;1;0.2992;0.79
4;5;3;1;1;0;1;0.2992;0.79
1;4;3;1;0;1;0;0.2992;0.8
4;0;3;1;1;1;1;0.2992;0.8
4;3;3;1;1;0;1;0.2992;0.8
1;3;3;1;1;1;0;0.2992;0.81
4;5;3;1;0;1;1;0.2992;0.84
4;5;3;1;0;0;1;0.2992;0.86
4;0;3;1;0;1;1;0.2992;0.87
4;1;3;1;1;1;1;0.2992;0.9
4;5;3;1;1;0;0;0.2992;0.9
1;5;3;1;1;1;0;0.2992;0.91
1;1;3;1;0;1;0;0.2992;0.92
1;3;3;1;0;1;0;0.2992;0.93
1;4;3;1;0;1;1;0.2992;0.95
1;1;3;1;1;1;0;0.2992;0.99
1;2;3;1;1;1;0;0.2992;0.99
1;2;3;1;0;1;1;0.2992;1.02
4;3;3;1;1;0;0;0.2992;1.02
1;0;3;1;0;1;0;0.2992;1.03
4;1;3;1;1;1;0;0.2992;1.05
1;0;3;1;1;1;0;0.2992;1.1
1;3;3;1;1;1;1;0.2992;1.1
4;4;3;1;1;0;0;0.2992;1.1
4;4;3;1;0;0;0;0.2992;1.11
4;2;3;1;0;0;0;0.2992;1.15
4;2;3;1;1;0;0;0.2992;1.16
4;4;3;1;0;1;0;0.2992;1.19
1;3;3;1;0;1;1;0.2992;1.2
1;0;3;1;0;1;1;0.2992;1.24
1;0;3;1;1;1;1;0.2992;1.24
1;4;3;1;1;1;1;0.2992;1.25
1;1;3;1;1;1;1;0.2992;1.27
1;2;3;1;1;1;1;0.2992;1.29
1;2;3;1;0;1;0;0.2992;1.31
1;5;3;1;0;1;0;0.2992;1.35
1;5;3;1;1;1;1;0.2992;1.36
4;2;3;1;1;1;0;0.2992;1.36
4;2;3;1;0;1;0;0.2992;1.38
4;4;3;1;0;0;1;0.2992;1.44
4;4;3;1;0;1;1;0.2992;1.44
4;2;3;1;0;0;1;0.2992;1.46
4;2;3;1;0;1;1;0.2992;1.46
4;2;3;1;1;0;1;0.2992;1.46
4;2;3;1;1;1;1;0.2992;1.57
1;4;3;1;1;1;0;0.2992;1.75
1;1;3;1;0;1;1;0.2992;1.78
1;5;3;1;0;1;1;0.2992;2.09
6;4;0;2;1;0;0;0.2942;1.84
0;3;0;2;1;0;0;0.2942;1.93
6;3;0;2;1;1;0;0.2942;2.01
0;4;4;2;1;1;0;0.2942;2.07
6;3;0;2;1;0;1;0.2942;2.11
0;4;4;2;1;0;1;0.2942;2.23
6;3;4;2;1;1;0;0.2942;2.29
6;3;4;2;1;0;1;0.2942;2.31
6;4;4;2;1;1;1;0.2942;2.35
6;3;4;2;1;1;1;0.2942;2.37
0;3;5;2;0;0;1;0.2942;2.51
0;4;5;2;0;1;1;0.2942;2.6
0;4;4;2;1;0;0;0.2942;2.64
6;3;4;2;1;0;0;0.2942;2.65
0;3;5;2;0;0;0;0.2942;2.68
6;4;0;2;1;1;0;0.2942;2.71
0;3;5;2;0;1;0;0.2942;2.78
0;3;5;2;0;1;1;0.2942;2.91
0;4;4;2;1;1;1;0.2942;2.97
6;4;5;2;0;0;1;0.2942;3.07
6;3;0;2;1;0;0;0.2942;3.15
6;3;0;2;1;1;1;0.2942;3.19
6;4;5;2;0;0;0;0.2942;3.22
6;4;4;2;1;1;0;0.2942;3.28
6;4;4;2;1;0;1;0.2942;3.48
0;3;0;2;1;0;1;0.2942;3.52
6;4;0;2;1;1;1;0.2942;3.52
0;4;0;2;1;1;0;0.2942;3.54
0;4;0;2;1;0;1;0.2942;3.66
6;4;0;2;1;0;1;0.2942;3.77
0;3;4;2;1;1;0;0.2942;3.83
6;4;4;2;1;0;0;0.2942;3.92
0;4;5;2;0;1;0;0.2942;4.16
0;4;5;2;0;0;0;0.2942;4.32
0;3;4;2;1;1;1;0.2942;4.36
6;3;5;2;0;0;0;0.2942;4.52
0;4;0;2;1;0;0;0.2942;4.54
0;4;5;2;0;0;1;0.2942;4.73
6;4;5;2;0;1;0;0.2942;4.75
6;4;5;2;0;1;1;0.2942;4.82
0;3;0;2;1;1;0;0.2942;4.83
6;3;5;2;0;0;1;0.2942;4.91
6;3;5;2;0;1;0;0.2942;4.95
0;3;0;2;1;1;1;0.2942;5.25
6;3;5;2;0;1;1;0.2942;5.43
0;4;0;2;1;1;1;0.2942;5.89
0;3;4;2;1;0;0;0.2942;6.57
0;3;4;2;1;0;1;0.2942;7.35
0;2;3;2;1;0;0;0.293;0.63
0;2;3;2;1;1;0;0.293;0.65
4;4;3;2;0;0;0;0.293;0.71
4;0;3;2;1;1;0;0.293;0.72
4;3;3;2;0;0;0;0.293;0.72
4;4;3;2;1;0;0;0.293;0.72
4;0;3;2;0;0;0;0.293;0.73
4;2;3;2;1;1;0;0.293;0.73
4;3;3;2;1;0;0;0.293;0.73
4;5;3;2;1;1;0;0.293;0.73
4;3;3;2;1;1;0;0.293;0.74
4;4;3;2;0;1;0;0.293;0.74
4;0;3;2;1;0;0;0.293;0.75
4;4;3;2;1;1;0;0.293;0.75
5;2;3;2;1;0;0;0.293;0.75
4;0;3;2;0;1;0;0.293;0.76
5;2;3;2;1;1;0;0.293;0.76
5;5;3;2;1;1;0;0.293;0.77
0;2;3;2;0;1;1;0.293;0.78
4;5;3;2;1;0;0;0.293;0.78
6;2;3;2;0;0;0;0.293;0.78
6;2;3;2;1;1;0;0.293;0.78
6;2;3;2;0;1;0;0.293;0.79
6;2;3;2;1;0;0;0.293;0.79
4;5;3;2;0;1;0;0.293;0.8
4;3;3;2;0;1;0;0.293;0.83
0;2;3;2;0;1;0;0.293;0.87
0;2;3;0;0;0;0;0.293;0.89
0;2;3;2;1;0;1;0.293;0.89
4;3;3;2;1;1;1;0.293;0.89
4;5;3;2;0;0;1;0.293;0.89
4;3;3;2;1;0;1;0.293;0.9
6;2;3;2;1;1;1;0.293;0.9
4;0;3;2;1;0;1;0.293;0.91
4;3;3;2;0;0;1;0.293;0.91
4;5;3;2;1;1;1;0.293;0.91
6;2;3;2;0;1;1;0.293;0.91
4;5;3;2;0;1;1;0.293;0.92
4;5;3;2;1;0;1;0.293;0.92
4;3;3;2;0;1;1;0.293;0.93
4;4;3;2;1;0;1;0.293;0.94
5;2;3;0;1;1;0;0.293;0.94
5;2;3;2;1;1;1;0.293;0.95
5;2;3;2;1;0;1;0.293;0.96
2;0;3;2;0;0;0;0.293;0.98
4;4;3;2;0;0;1;0.293;0.98
6;2;3;2;1;0;1;0.293;1.0
6;2;3;2;0;0;1;0.293;1.01
4;0;3;2;0;0;1;0.293;1.02
4;0;3;2;1;1;1;0.293;1.05
2;0;3;2;1;1;1;0.293;1.07
5;2;3;0;1;0;1;0.293;1.14
0;2;3;2;1;1;1;0.293;1.15
1;4;3;2;1;1;0;0.293;1.15
0;2;3;2;0;0;0;0.293;1.19
2;0;3;2;0;0;1;0.293;1.19
1;0;3;2;0;1;0;0.293;1.2
1;4;3;2;0;1;1;0.293;1.2
0;5;3;2;1;0;0;0.293;1.21
4;5;3;2;0;0;0;0.293;1.21
0;5;3;2;0;0;0;0.293;1.22
4;4;3;2;1;1;1;0.293;1.22
1;1;3;2;0;1;0;0.293;1.24
4;4;3;2;0;1;1;0.293;1.24
0;5;3;2;1;1;0;0.293;1.25
4;0;3;2;0;1;1;0.293;1.27
1;3;3;2;0;1;0;0.293;1.29
1;5;3;2;1;1;0;0.293;1.29
2;0;3;2;1;1;0;0.293;1.3
5;2;3;0;1;1;1;0.293;1.3
0;5;3;2;0;1;0;0.293;1.31
1;0;3;2;1;1;0;0.293;1.36
1;4;3;2;0;1;0;0.293;1.36
4;1;3;2;1;0;0;0.293;1.37
0;5;3;0;1;0;0;0.293;1.38
4;2;3;2;1;0;0;0.293;1.38
4;1;3;2;0;0;0;0.293;1.39
4;2;3;2;0;0;0;0.293;1.39
4;2;3;2;0;1;0;0.293;1.39
1;2;3;2;1;1;0;0.293;1.41
4;1;3;2;1;1;0;0.293;1.41
4;2;3;2;1;0;1;0.293;1.41
6;5;3;2;1;0;0;0.293;1.41
0;5;3;0;0;1;0;0.293;1.42
1;5;3;2;0;1;0;0.293;1.42
4;1;3;2;0;1;0;0.293;1.43
0;5;3;0;0;0;0;0.293;1.44
1;2;3;2;0;1;0;0.293;1.45
5;5;3;2;1;1;1;0.293;1.46
6;5;3;2;1;1;0;0.293;1.48
0;2;3;0;1;0;0;0.293;1.49
6;5;3;2;0;1;0;0.293;1.5
0;5;3;2;0;1;1;0.293;1.51
0;2;3;0;1;1;0;0.293;1.52
0;5;3;2;1;1;1;0.293;1.52
6;5;3;0;1;0;0;0.293;1.52
5;5;3;2;1;0;1;0.293;1.56
0;2;3;0;0;1;0;0.293;1.57
2;0;3;0;0;0;0;0.293;1.6
5;2;3;2;0;1;0;0.293;1.6
6;2;3;0;0;0;0;0.293;1.6
1;3;3;2;1;1;1;0.293;1.61
2;0;3;2;0;1;0;0.293;1.61
6;2;3;0;1;0;0;0.293;1.61
6;5;3;0;0;0;0;0.293;1.61
5;5;3;2;0;0;0;0.293;1.63
6;2;3;0;0;1;0;0.293;1.64
6;5;3;0;0;1;0;0.293;1.64
5;5;3;0;1;0;0;0.293;1.65
6;5;3;0;1;1;0;0.293;1.65
1;3;3;2;1;1;0;0.293;1.67
0;5;3;0;0;1;1;0.293;1.68
0;5;3;0;1;1;0;0.293;1.68
0;5;3;0;1;1;1;0.293;1.69
4;2;3;2;1;1;1;0.293;1.69
5;2;3;0;1;0;0;0.293;1.69
6;2;3;0;1;1;0;0.293;1.69
0;5;3;2;1;0;1;0.293;1.7
6;5;3;2;1;1;1;0.293;1.71
4;1;3;2;1;0;1;0.293;1.72
4;2;3;2;0;1;1;0.293;1.72
6;5;3;2;0;1;1;0.293;1.72
0;5;3;2;0;0;1;0.293;1.75
2;0;3;2;0;1;1;0.293;1.75
4;1;3;2;0;0;1;0.293;1.75
5;2;3;2;0;0;0;0.293;1.75
1;4;3;2;1;1;1;0.293;1.76
4;2;3;2;0;0;1;0.293;1.76
4;1;3;2;1;1;1;0.293;1.77
0;2;3;0;1;1;1;0.293;1.78
0;2;3;2;0;0;1;0.293;1.79
6;5;3;2;0;0;0;0.293;1.79
0;2;3;0;0;1;1;0.293;1.8
1;1;3;2;1;1;0;0.293;1.8
4;1;3;2;0;1;1;0.293;1.81
1;3;3;2;0;1;1;0.293;1.82
5;2;3;2;0;1;1;0.293;1.82
1;5;3;2;1;1;1;0.293;1.83
2;0;3;2;1;0;0;0.293;1.86
5;2;3;0;0;0;0;0.293;1.87
0;5;3;0;1;0;1;0.293;1.88
5;5;3;0;0;0;0;0.293;1.89
6;5;3;2;0;0;1;0.293;1.89
2;0;3;0;0;0;1;0.293;1.9
6;2;3;0;0;1;1;0.293;1.9
6;5;3;2;1;0;1;0.293;1.9
6;2;3;0;1;1;1;0.293;1.92
6;5;3;0;0;1;1;0.293;1.92
1;0;3;2;0;1;1;0.293;1.93
5;5;3;2;1;0;0;0.293;1.93
0;2;3;0;1;0;1;0.293;2.0
0;5;3;0;0;0;1;0.293;2.0
1;1;3;2;1;1;1;0.293;2.01
6;5;3;0;1;1;1;0.293;2.01
2;0;3;0;1;1;0;0.293;2.02
5;5;3;2;0;1;1;0.293;2.02
2;0;3;0;1;0;0;0.293;2.03
5;5;3;0;1;1;0;0.293;2.05
5;5;3;0;0;1;0;0.293;2.06
2;0;3;0;0;1;0;0.293;2.07
1;2;3;2;0;1;1;0.293;2.08
5;5;3;2;0;1;0;0.293;2.09
1;1;3;2;0;1;1;0.293;2.1
6;2;3;0;0;0;1;0.293;2.1
0;2;3;0;0;0;1;0.293;2.13
5;5;3;0;0;1;1;0.293;2.13
6;2;3;0;1;0;1;0.293;2.13
6;5;3;0;0;0;1;0.293;2.13
1;0;3;2;1;1;1;0.293;2.16
6;5;3;0;1;0;1;0.293;2.16
1;2;3;2;1;1;1;0.293;2.19
5;2;3;0;0;1;0;0.293;2.22
5;5;3;0;1;1;1;0.293;2.24
2;0;3;0;1;1;1;0.293;2.28
5;5;3;0;0;0;1;0.293;2.29
2;0;3;0;0;1;1;0.293;2.31
5;5;3;0;1;0;1;0.293;2.33
2;0;3;2;1;0;1;0.293;2.35
1;5;3;2;0;1;1;0.293;2.36
5;5;3;2;0;0;1;0.293;2.4
2;0;3;0;1;0;1;0.293;2.51
5;2;3;2;0;0;1;0.293;2.54
5;2;3;0;0;0;1;0.293;2.63
5;2;3;0;0;1;1;0.293;2.93
1;0;3;1;0;0;0;0.293;0.51
1;4;3;1;1;0;0;0.293;0.62
1;2;3;1;0;0;0;0.293;0.89
1;1;3;1;0;0;0;0.293;0.9
1;0;3;1;1;0;0;0.293;0.94
1;1;3;1;1;0;0;0.293;0.94
1;5;3;1;0;0;0;0.293;0.94
1;2;3;1;1;0;0;0.293;0.98
1;5;3;1;0;0;1;0.293;0.98
1;5;3;1;1;0;0;0.293;1.05
1;4;3;1;0;0;0;0.293;1.07
1;3;3;1;1;0;0;0.293;1.11
1;2;3;1;0;0;1;0.293;1.22
1;1;3;1;0;0;1;0.293;1.26
1;0;3;1;1;0;1;0.293;1.27
1;3;3;1;0;0;1;0.293;1.31
1;2;3;1;1;0;1;0.293;1.34
1;4;3;1;0;0;1;0.293;1.34
1;1;3;1;1;0;1;0.293;1.38
1;4;3;1;1;0;1;0.293;1.45
1;5;3;1;1;0;1;0.293;1.49
1;3;3;1;0;0;0;0.293;1.52
1;0;3;1;0;0;1;0.293;1.72
1;3;3;1;1;0;1;0.293;1.9
4;1;3;0;0;0;0;0.2885;0.81
4;0;3;0;0;1;0;0.2885;0.82
4;1;3;0;0;1;0;0.2885;0.82
4;0;3;0;0;0;0;0.2885;0.83
4;1;3;0;1;0;0;0.2885;0.83
4;1;3;0;1;1;0;0.2885;0.83
4;4;3;0;0;0;0;0.2885;0.83
4;5;3;0;1;0;0;0.2885;0.83
4;5;3;0;0;0;0;0.2885;0.85
4;3;3;0;1;1;0;0.2885;0.87
4;4;3;0;0;1;0;0.2885;0.87
4;4;3;0;1;0;0;0.2885;0.9
4;1;3;0;1;0;1;0.2885;0.98
4;4;3;0;0;1;1;0.2885;0.98
4;1;3;0;0;0;1;0.2885;0.99
4;5;3;0;0;1;1;0.2885;1.0
4;3;3;0;1;1;1;0.2885;1.01
4;0;3;0;0;0;1;0.2885;1.04
4;5;3;0;0;0;1;0.2885;1.04
4;1;3;0;1;1;1;0.2885;1.05
4;5;3;0;1;1;1;0.2885;1.05
1;0;3;0;0;1;1;0.2885;1.07
4;0;3;0;0;1;1;0.2885;1.07
4;4;3;0;1;0;1;0.2885;1.09
1;3;3;0;0;1;0;0.2885;1.13
4;1;3;0;0;1;1;0.2885;1.13
1;2;3;0;0;1;1;0.2885;1.18
4;5;3;0;0;1;0;0.2885;1.18
1;0;3;0;0;1;0;0.2885;1.26
1;2;3;0;0;1;0;0.2885;1.28
4;5;3;0;1;1;0;0.2885;1.28
1;3;3;0;0;1;1;0.2885;1.3
4;0;3;0;1;0;0;0.2885;1.32
1;5;3;0;1;1;1;0.2885;1.36
4;0;3;0;1;1;1;0.2885;1.37
1;2;3;0;1;1;0;0.2885;1.45
1;1;3;0;0;1;1;0.2885;1.48
4;4;3;0;0;0;1;0.2885;1.49
1;5;3;0;1;1;0;0.2885;1.52
4;2;3;0;1;1;0;0.2885;1.56
1;1;3;0;0;1;0;0.2885;1.57
4;2;3;0;1;0;0;0.2885;1.57
4;3;3;0;1;0;0;0.2885;1.57
1;5;3;0;0;1;0;0.2885;1.58
4;4;3;0;1;1;0;0.2885;1.6
4;3;3;0;0;0;0;0.2885;1.61
4;3;3;0;0;1;0;0.2885;1.61
4;5;3;0;1;0;1;0.2885;1.61
1;1;3;0;1;1;1;0.2885;1.62
1;2;3;0;1;1;1;0.2885;1.62
4;2;3;0;0;1;0;0.2885;1.62
1;4;3;0;1;1;1;0.2885;1.63
1;0;3;0;1;1;1;0.2885;1.65
1;3;3;0;1;1;0;0.2885;1.68
1;4;3;0;0;1;0;0.2885;1.73
1;1;3;0;1;1;0;0.2885;1.75
4;2;3;0;0;0;0;0.2885;1.8
4;4;3;0;1;1;1;0.2885;1.84
4;2;3;0;0;1;1;0.2885;1.85
4;2;3;0;1;0;1;0.2885;1.85
4;2;3;0;0;0;1;0.2885;1.87
4;3;3;0;0;0;1;0.2885;1.88
4;3;3;0;0;1;1;0.2885;1.9
4;2;3;0;1;1;1;0.2885;1.93
1;3;3;0;1;1;1;0.2885;1.94
1;0;3;0;1;1;0;0.2885;2.04
4;3;3;0;1;0;1;0.2885;2.08
1;4;3;0;1;1;0;0.2885;2.11
4;0;3;0;1;1;0;0.2885;2.12
4;0;3;0;1;0;1;0.2885;2.31
1;5;3;0;0;1;1;0.2885;2.4
1;4;3;0;0;1;1;0.2885;2.77
0;0;3;0;0;1;0;0.2882;0.75
0;4;3;0;0;1;0;0.2882;0.78
5;0;3;0;0;0;0;0.2882;0.84
5;3;3;0;1;0;0;0.2882;0.85
6;0;3;0;1;1;0;0.2882;0.88
6;4;3;0;1;1;0;0.2882;0.88
5;4;3;0;0;0;0;0.2882;0.9
6;3;3;0;0;1;0;0.2882;0.9
6;4;3;0;0;1;0;0.2882;0.91
5;0;3;0;0;1;0;0.2882;0.92
5;1;3;0;1;1;0;0.2882;0.95
6;3;3;0;1;1;0;0.2882;0.95
5;4;3;0;0;0;1;0.2882;1.02
5;0;3;0;0;0;1;0.2882;1.06
6;3;3;0;0;1;1;0.2882;1.07
6;3;3;0;1;1;1;0.2882;1.07
6;4;3;0;0;1;1;0.2882;1.07
0;0;3;0;0;0;1;0.2882;1.08
5;1;3;0;1;1;1;0.2882;1.08
5;3;3;0;1;0;1;0.2882;1.08
5;3;3;0;0;1;0;0.2882;1.1
5;3;3;0;0;1;1;0.2882;1.1
6;1;3;0;1;1;1;0.2882;1.11
0;4;3;0;0;0;1;0.2882;1.14
6;0;3;0;1;0;1;0.2882;1.14
6;3;3;0;1;0;1;0.2882;1.14
6;4;3;0;1;1;1;0.2882;1.15
6;4;3;0;0;0;1;0.2882;1.16
6;4;3;0;1;0;1;0.2882;1.22
5;3;3;0;1;1;0;0.2882;1.34
6;3;3;0;0;0;1;0.2882;1.36
0;0;3;0;1;1;1;0.2882;1.39
0;1;3;0;1;0;0;0.2882;1.43
0;1;3;0;0;1;0;0.2882;1.45
0;4;3;0;1;1;0;0.2882;1.45
0;1;3;0;1;1;0;0.2882;1.46
0;3;3;0;0;1;0;0.2882;1.46
0;3;3;0;1;1;0;0.2882;1.46
0;1;3;0;0;0;0;0.2882;1.48
0;4;3;0;0;1;1;0.2882;1.48
0;0;3;0;1;1;0;0.2882;1.62
6;1;3;0;0;0;0;0.2882;1.63
5;1;3;0;0;0;0;0.2882;1.64
5;1;3;0;1;0;0;0.2882;1.64
6;1;3;0;1;0;0;0.2882;1.64
6;1;3;0;0;1;0;0.2882;1.65
5;1;3;0;0;1;0;0.2882;1.67
5;4;3;0;1;0;0;0.2882;1.67
0;2;0;2;1;1;0;0.2882;1.69
5;3;3;0;0;0;0;0.2882;1.7
5;1;3;0;1;0;1;0.2882;1.72
5;4;3;0;1;1;0;0.2882;1.74
6;0;3;0;0;1;0;0.2882;1.74
6;1;3;0;1;1;0;0.2882;1.75
0;1;0;2;1;0;0;0.2882;1.76
0;0;3;0;0;1;1;0.2882;1.76
0;0;3;0;1;0;1;0.2882;1.77
5;3;3;0;1;1;1;0.2882;1.79
0;1;3;0;1;0;1;0.2882;1.81
5;0;3;0;1;1;0;0.2882;1.82
0;1;3;0;0;1;1;0.2882;1.83
0;1;3;0;0;0;1;0.2882;1.85
0;3;3;0;0;1;1;0.2882;1.85
0;3;3;0;1;1;1;0.2882;1.85
5;4;3;0;0;1;0;0.2882;1.85
0;4;3;0;1;1;1;0.2882;1.87
0;1;0;2;1;0;1;0.2882;1.94
6;2;0;2;1;1;0;0.2882;1.95
0;5;4;2;1;0;0;0.2882;1.97
0;3;3;0;1;0;1;0.2882;1.99
0;0;4;2;1;0;0;0.2882;1.99
0;3;3;0;0;0;1;0.2882;2.0
6;1;3;0;0;0;1;0.2882;2.03
5;4;3;0;1;1;1;0.2882;2.04
0;4;3;0;1;0;1;0.2882;2.05
5;4;3;0;0;1;1;0.2882;2.05
6;0;3;0;0;1;1;0.2882;2.05
0;5;4;2;1;0;1;0.2882;2.06
5;1;3;0;0;0;1;0.2882;2.06
6;1;3;0;0;1;1;0.2882;2.06
5;0;3;0;1;0;0;0.2882;2.08
5;1;3;0;0;1;1;0.2882;2.08
5;4;3;0;1;0;1;0.2882;2.09
6;1;3;0;1;0;1;0.2882;2.1
0;5;4;2;1;1;0;0.2882;2.11
6;0;4;2;1;1;0;0.2882;2.15
6;5;4;2;1;0;0;0.2882;2.24
0;2;0;2;1;0;0;0.2882;2.26
0;1;4;2;1;1;1;0.2882;2.26
6;0;4;2;1;0;1;0.2882;2.27
0;1;0;2;1;1;0;0.2882;2.29
6;0;3;0;0;0;1;0.2882;2.29
5;0;3;0;1;0;1;0.2882;2.38
0;0;0;2;1;1;0;0.2882;2.4
0;0;5;2;0;0;0;0.2882;2.4
0;1;3;0;1;1;1;0.2882;2.41
0;2;5;2;0;1;1;0.2882;2.44
0;1;5;2;0;1;0;0.2882;2.46
0;0;5;2;0;1;0;0.2882;2.49
0;5;4;2;1;1;1;0.2882;2.51
6;5;5;2;0;1;0;0.2882;2.53
0;0;5;2;0;1;1;0.2882;2.55
6;2;0;2;1;1;1;0.2882;2.55
5;0;3;0;0;1;1;0.2882;2.58
0;0;5;2;0;0;1;0.2882;2.61
6;0;4;2;1;0;0;0.2882;2.61
0;0;0;2;1;0;1;0.2882;2.7
5;0;3;0;1;1;1;0.2882;2.7
5;3;3;0;0;0;1;0.2882;2.75
0;2;0;2;1;1;1;0.2882;2.82
6;5;4;2;1;0;1;0.2882;2.82
6;2;0;2;1;0;1;0.2882;2.96
0;2;0;2;1;0;1;0.2882;3.0
6;5;4;2;1;1;0;0.2882;3.16
0;1;5;2;0;1;1;0.2882;3.24
0;2;4;2;1;0;1;0.2882;3.32
0;1;4;2;1;1;0;0.2882;3.34
0;2;4;2;1;0;0;0.2882;3.34
6;0;3;0;1;1;1;0.2882;3.34
0;2;5;2;0;0;0;0.2882;3.45
6;0;0;2;1;0;0;0.2882;3.48
6;1;0;2;1;0;0;0.2882;3.48
0;0;0;2;1;0;0;0.2882;3.49
6;5;0;2;1;0;0;0.2882;3.5
0;1;0;2;1;1;1;0.2882;3.6
6;5;0;2;1;1;0;0.2882;3.62
0;0;4;2;1;0;1;0.2882;3.64
6;2;0;2;1;0;0;0.2882;3.64
6;1;0;2;1;1;0;0.2882;3.65
6;0;0;2;1;1;0;0.2882;3.67
0;1;4;2;1;0;0;0.2882;3.77
6;1;0;2;1;0;1;0.2882;3.82
0;2;5;2;0;1;0;0.2882;3.83
6;5;0;2;1;0;1;0.2882;3.85
6;0;4;2;1;1;1;0.2882;3.9
6;0;0;2;1;1;1;0.2882;3.97
0;2;4;2;1;1;0;0.2882;3.98
0;0;0;2;1;1;1;0.2882;3.99
0;1;5;2;0;0;1;0.2882;3.99
6;0;0;2;1;0;1;0.2882;4.0
6;2;4;2;1;0;0;0.2882;4.02
6;1;4;2;1;0;0;0.2882;4.03
6;1;0;2;1;1;1;0.2882;4.09
6;1;4;2;1;1;0;0.2882;4.1
0;2;4;2;1;1;1;0.2882;4.14
0;5;5;2;0;0;0;0.2882;4.17
6;5;5;2;0;0;1;0.2882;4.21
6;2;4;2;1;1;0;0.2882;4.25
0;0;4;2;1;1;0;0.2882;4.26
6;5;0;2;1;1;1;0.2882;4.27
6;2;4;2;1;0;1;0.2882;4.32
0;1;4;2;1;0;1;0.2882;4.33
6;1;4;2;1;0;1;0.2882;4.33
0;5;5;2;0;1;0;0.2882;4.37
6;1;4;2;1;1;1;0.2882;4.45
6;5;5;2;0;0;0;0.2882;4.49
6;0;5;2;0;0;0;0.2882;4.51
0;5;0;2;1;0;0;0.2882;4.53
0;5;5;2;0;0;1;0.2882;4.59
0;2;5;2;0;0;1;0.2882;4.63
6;1;5;2;0;0;0;0.2882;4.64
6;0;5;2;0;1;0;0.2882;4.69
6;1;5;2;0;1;0;0.2882;4.7
0;5;5;2;0;1;1;0.2882;4.72
6;5;4;2;1;1;1;0.2882;4.74
6;2;5;2;0;1;0;0.2882;4.75
0;0;4;2;1;1;1;0.2882;4.8
6;2;5;2;0;0;0;0.2882;4.86
6;1;5;2;0;0;1;0.2882;4.92
0;5;0;2;1;1;0;0.2882;4.93
6;5;5;2;0;1;1;0.2882;5.02
6;0;5;2;0;0;1;0.2882;5.06
6;1;5;2;0;1;1;0.2882;5.06
6;2;5;2;0;1;1;0.2882;5.06
6;2;4;2;1;1;1;0.2882;5.09
6;0;5;2;0;1;1;0.2882;5.16
0;1;5;2;0;0;0;0.2882;5.19
6;2;5;2;0;0;1;0.2882;5.29
0;5;0;2;1;0;1;0.2882;5.76
0;5;0;2;1;1;1;0.2882;5.96
0;0;3;0;0;0;0;0.2874;0.76
0;4;3;0;0;0;0;0.2874;0.76
6;3;3;0;0;0;0;0.2874;0.85
6;3;3;0;1;0;0;0.2874;0.85
6;4;3;0;1;0;0;0.2874;0.85
6;4;3;0;0;0;0;0.2874;1.05
6;0;3;0;1;0;0;0.2874;1.21
0;0;3;0;1;0;0;0.2874;1.23
0;3;3;0;1;0;0;0.2874;1.42
0;4;3;0;1;0;0;0.2874;1.45
0;3;3;0;0;0;0;0.2874;1.52
6;0;3;0;0;0;0;0.2874;1.62
1;2;3;2;0;0;0;0.2871;0.71
1;0;3;2;1;0;0;0.2871;1.06
1;0;3;2;0;0;0;0.2871;1.11
1;3;3;2;0;0;0;0.2871;1.16
1;1;3;2;0;0;0;0.2871;1.19
1;4;3;2;1;0;0;0.2871;1.28
1;2;3;2;0;0;1;0.2871;1.29
1;5;3;2;1;0;0;0.2871;1.32
1;3;3;2;1;0;0;0.2871;1.35
1;5;3;2;0;0;0;0.2871;1.43
1;1;3;2;1;0;0;0.2871;1.44
1;2;3;2;1;0;0;0.2871;1.57
1;4;3;2;0;0;0;0.2871;1.6
1;1;3;2;1;0;1;0.2871;1.74
1;4;3;2;1;0;1;0.2871;1.83
1;0;3;2;0;0;1;0.2871;1.87
1;5;3;2;0;0;1;0.2871;1.92
1;1;3;2;0;0;1;0.2871;1.98
1;3;3;2;0;0;1;0.2871;1.98
1;0;3;2;1;0;1;0.2871;1.99
1;2;3;2;1;0;1;0.2871;2.3
1;3;3;2;1;0;1;0.2871;2.33
1;4;3;2;0;0;1;0.2871;2.35
1;5;3;2;1;0;1;0.2871;3.01
1;4;3;0;0;0;0;0.2828;0.73
1;0;3;0;1;0;0;0.2828;0.92
1;3;3;0;0;0;0;0.2828;0.99
1;2;3;0;0;0;0;0.2828;1.06
1;2;3;0;0;0;1;0.2828;1.07
1;1;3;0;0;0;1;0.2828;1.13
1;2;3;0;1;0;0;0.2828;1.15
1;0;3;0;0;0;0;0.2828;1.31
1;1;3;0;1;0;0;0.2828;1.32
1;3;3;0;0;0;1;0.2828;1.4
1;5;3;0;1;0;1;0.2828;1.4
1;4;3;0;1;0;0;0.2828;1.45
1;0;3;0;0;0;1;0.2828;1.54
1;1;3;0;0;0;0;0.2828;1.65
1;0;3;0;1;0;1;0.2828;1.71
1;4;3;0;0;0;1;0.2828;1.73
1;1;3;0;1;0;1;0.2828;1.84
1;3;3;0;1;0;0;0.2828;1.91
1;4;3;0;1;0;1;0.2828;1.97
1;5;3;0;0;0;0;0.2828;1.97
1;3;3;0;1;0;1;0.2828;2.01
1;5;3;0;0;0;1;0.2828;2.02
1;5;3;0;1;0;0;0.2828;2.06
1;2;3;0;1;0;1;0.2828;2.17
3;3;3;0;1;0;0;0.2778;0.74
3;3;3;0;1;1;0;0.2778;0.76
3;3;3;0;0;1;0;0.2778;0.79
3;4;3;0;1;1;0;0.2778;0.79
3;3;3;0;0;0;0;0.2778;0.88
3;3;3;0;0;0;1;0.2778;0.92
3;3;3;0;1;1;1;0.2778;0.92
3;4;3;0;1;0;1;0.2778;0.92
3;3;3;0;1;0;1;0.2778;0.93
3;4;3;0;1;0;0;0.2778;0.93
3;3;3;0;0;1;1;0.2778;0.98
3;4;3;0;1;1;1;0.2778;1.01
3;0;3;0;0;0;0;0.2778;1.38
3;0;3;0;1;0;0;0.2778;1.42
3;1;3;0;0;1;0;0.2778;1.43
3;1;3;0;0;0;0;0.2778;1.44
3;0;3;0;1;1;0;0.2778;1.45
3;1;3;0;1;1;0;0.2778;1.45
3;4;3;0;0;1;0;0.2778;1.45
3;4;3;0;0;0;0;0.2778;1.46
3;0;3;0;0;1;0;0.2778;1.65
3;0;3;0;0;0;1;0.2778;1.73
3;0;3;0;1;0;1;0.2778;1.74
3;1;3;0;0;0;1;0.2778;1.74
3;4;3;0;0;0;1;0.2778;1.74
3;1;3;0;1;0;1;0.2778;1.75
3;1;3;0;1;1;1;0.2778;1.76
3;0;3;0;0;1;1;0.2778;1.79
3;0;3;0;1;1;1;0.2778;1.79
3;1;3;0;0;1;1;0.2778;1.85
3;1;3;0;1;0;0;0.2778;1.88
3;4;3;0;0;1;1;0.2778;1.92
