#@seed 1801
#@graphSize 15
#@graphDepth 5
#@sdComp 0.3
#@sdComm 0.01
#@CCR 0.1
#@nbproc 6
#@minmk 4.1281

prio;cost;placement;desc;BIM;ins;bsa;makespan;time
6;2;4;1;0;0;0;1.0;2.02
6;2;4;1;0;1;0;1.0;2.07
6;2;4;1;0;0;1;1.0;2.98
6;5;5;1;1;0;0;1.0;3.14
6;5;5;1;1;1;0;1.0;3.16
6;2;5;2;1;0;0;1.0;3.2
6;2;5;2;1;0;1;1.0;3.21
6;3;4;2;0;0;0;1.0;3.76
6;5;4;1;0;0;0;1.0;3.8
6;2;5;2;1;1;0;1.0;3.82
6;2;4;1;0;1;1;1.0;3.91
6;5;4;1;0;1;0;1.0;3.93
6;3;4;2;0;1;0;1.0;4.0
6;5;4;1;0;0;1;1.0;4.01
0;3;4;2;0;0;1;1.0;4.04
6;3;4;2;0;0;1;1.0;4.09
6;3;4;2;0;1;1;1.0;4.09
0;3;4;2;0;1;1;1.0;4.14
6;5;4;1;0;1;1;1.0;4.15
6;5;5;1;1;1;1;1.0;4.25
5;1;4;2;0;0;0;1.0;4.31
2;0;1;1;0;0;1;1.0;4.73
2;0;1;0;0;1;1;1.0;5.02
0;4;4;2;0;0;0;1.0;5.07
5;1;4;2;0;0;1;1.0;5.07
5;1;4;2;0;1;1;1.0;5.33
6;5;5;1;1;0;1;1.0;5.53
6;4;4;2;0;1;1;1.0;5.56
2;0;1;1;0;1;0;1.0;5.6
6;5;5;2;1;0;0;1.0;5.98
6;2;5;1;1;0;1;1.0;6.0
0;3;4;2;0;1;0;1.0;6.02
2;0;1;1;0;0;0;1.0;6.06
6;5;5;2;1;1;0;1.0;6.13
6;2;5;1;1;1;0;1.0;6.24
0;4;4;2;0;1;1;1.0;6.32
6;5;5;2;1;0;1;1.0;6.32
6;2;5;1;1;0;0;1.0;6.39
6;2;5;1;1;1;1;1.0;6.55
2;0;1;1;0;1;1;1.0;6.69
6;2;5;2;1;1;1;1.0;6.7
2;0;1;0;0;0;0;1.0;6.72
0;4;4;2;0;1;0;1.0;6.77
2;0;1;0;0;1;0;1.0;6.86
0;3;4;2;0;0;0;1.0;6.94
2;0;1;0;0;0;1;1.0;6.94
6;5;5;2;1;1;1;1.0;7.27
6;4;4;2;0;1;0;1.0;7.34
0;4;4;2;0;0;1;1.0;7.36
6;4;4;2;0;0;0;1.0;7.62
6;4;4;2;0;0;1;1.0;8.11
5;1;4;2;0;1;0;1.0;8.52
4;4;0;0;0;1;1;0.9941;1.92
4;2;0;0;0;0;1;0.9941;1.94
0;4;0;0;0;0;0;0.9941;2.02
4;2;0;0;0;1;1;0.9941;2.06
0;3;0;0;0;1;0;0.9941;2.56
4;4;0;0;0;1;0;0.9941;2.56
4;2;0;0;0;1;0;0.9941;2.63
0;3;0;0;0;1;1;0.9941;2.86
4;0;0;0;0;1;1;0.9941;2.87
0;3;0;0;0;0;1;0.9941;2.94
0;4;0;0;0;0;1;0.9941;2.96
0;3;0;0;0;0;0;0.9941;3.02
6;4;0;0;0;1;1;0.9941;3.11
4;3;0;0;0;0;0;0.9941;3.19
4;4;0;0;0;0;1;0.9941;3.19
4;1;0;0;0;1;1;0.9941;3.22
6;4;0;0;0;1;0;0.9941;3.25
4;1;0;0;0;0;0;0.9941;3.45
4;5;0;0;0;1;1;0.9941;3.49
4;1;0;0;0;1;0;0.9941;3.5
4;5;0;0;0;0;0;0.9941;3.52
4;5;0;0;0;1;0;0.9941;3.53
6;3;0;0;0;0;0;0.9941;3.58
4;4;0;0;0;0;0;0.9941;3.59
4;1;0;0;0;0;1;0.9941;3.63
6;4;0;0;0;0;1;0.9941;3.66
4;5;0;0;0;0;1;0.9941;3.68
6;4;0;0;0;0;0;0.9941;3.74
4;3;0;0;0;0;1;0.9941;3.86
4;2;0;0;0;0;0;0.9941;3.98
0;4;0;0;0;1;0;0.9941;4.06
0;4;0;0;0;1;1;0.9941;4.15
6;3;0;0;0;0;1;0.9941;4.27
6;3;0;0;0;1;1;0.9941;4.36
4;0;0;0;0;1;0;0.9941;4.42
4;3;0;0;0;1;0;0.9941;4.46
4;0;0;0;0;0;0;0.9941;4.54
4;0;0;0;0;0;1;0.9941;4.65
6;3;0;0;0;1;0;0.9941;4.88
4;3;0;0;0;1;1;0.9941;4.96
3;2;0;0;0;1;0;0.9898;1.77
3;5;0;0;0;0;0;0.9898;1.83
6;0;0;0;0;0;0;0.9898;1.87
6;0;0;0;0;1;0;0.9898;1.92
3;3;0;0;0;0;0;0.9898;2.02
6;0;0;0;0;0;1;0.9898;2.48
6;0;0;0;0;1;1;0.9898;2.56
3;5;0;0;0;0;1;0.9898;2.58
3;3;0;0;0;1;1;0.9898;2.68
5;0;0;0;0;1;1;0.9898;2.7
0;5;0;0;0;0;0;0.9898;2.78
5;0;0;0;0;1;0;0.9898;2.79
0;2;0;0;0;1;1;0.9898;2.81
0;5;0;0;1;1;0;0.9898;2.85
0;5;0;0;0;1;0;0.9898;3.07
6;5;0;0;0;1;1;0.9898;3.14
5;2;0;0;0;1;0;0.9898;3.19
5;2;0;0;1;1;1;0.9898;3.21
3;2;0;0;0;1;1;0.9898;3.22
0;2;0;0;0;0;0;0.9898;3.25
0;5;0;0;1;0;1;0.9898;3.25
3;4;0;0;0;0;0;0.9898;3.26
5;2;0;0;0;1;1;0.9898;3.31
3;3;0;0;0;1;0;0.9898;3.32
0;2;0;0;1;0;0;0.9898;3.33
0;5;0;0;0;1;1;0.9898;3.35
0;2;0;0;1;1;0;0.9898;3.37
3;4;0;0;0;1;0;0.9898;3.37
0;0;0;0;0;0;0;0.9898;3.39
0;0;0;0;0;1;0;0.9898;3.4
3;2;0;0;0;0;0;0.9898;3.45
6;1;0;0;1;1;1;0.9898;3.47
5;0;0;0;0;0;0;0.9898;3.48
3;5;0;0;0;1;0;0.9898;3.5
0;5;0;0;0;0;1;0.9898;3.52
6;5;0;0;0;0;0;0.9898;3.52
0;2;0;0;0;1;0;0.9898;3.58
5;4;0;0;0;0;0;0.9898;3.58
6;2;0;0;0;1;0;0.9898;3.59
3;3;0;0;0;0;1;0.9898;3.6
5;4;0;0;0;1;0;0.9898;3.6
0;2;0;0;0;0;1;0.9898;3.61
3;4;0;0;0;0;1;0.9898;3.61
3;4;0;0;1;1;1;0.9898;3.62
0;0;0;0;0;0;1;0.9898;3.63
0;0;0;0;0;1;1;0.9898;3.67
6;2;0;0;0;0;0;0.9898;3.68
3;4;0;0;0;1;1;0.9898;3.73
5;2;0;0;0;0;0;0.9898;3.74
0;5;0;0;1;0;0;0.9898;3.8
3;5;0;0;0;1;1;0.9898;3.81
3;3;0;0;1;0;0;0.9898;3.83
5;0;0;0;0;0;1;0.9898;3.86
6;2;0;0;0;1;1;0.9898;3.88
5;3;0;0;0;0;0;0.9898;3.9
5;4;0;0;0;1;1;0.9898;3.91
6;2;0;0;0;0;1;0.9898;3.91
6;1;0;0;1;1;0;0.9898;3.96
5;4;0;0;0;0;1;0.9898;3.97
6;5;0;0;0;0;1;0.9898;4.06
5;2;0;0;0;0;1;0.9898;4.07
5;3;0;0;0;1;0;0.9898;4.08
3;4;0;0;1;1;0;0.9898;4.09
5;3;0;0;0;0;1;0.9898;4.09
6;5;0;0;0;1;0;0.9898;4.11
5;5;0;0;0;0;1;0.9898;4.18
5;5;0;0;0;0;0;0.9898;4.22
2;0;0;0;0;0;1;0.9898;4.23
6;1;0;0;1;0;1;0.9898;4.23
5;2;0;0;1;1;0;0.9898;4.25
5;2;0;0;1;0;0;0.9898;4.29
2;0;0;0;0;1;0;0.9898;4.3
2;0;0;0;0;1;1;0.9898;4.3
3;5;0;0;1;1;0;0.9898;4.3
3;5;0;0;1;1;1;0.9898;4.45
3;3;0;0;1;0;1;0.9898;4.52
3;2;0;0;1;0;1;0.9898;4.66
3;2;0;0;0;0;1;0.9898;4.7
5;5;0;0;0;1;0;0.9898;4.79
5;5;0;0;1;1;1;0.9898;4.9
5;2;0;0;1;0;1;0.9898;4.92
5;3;0;0;0;1;1;0.9898;4.99
0;2;0;0;1;0;1;0.9898;5.02
6;1;0;0;1;0;0;0.9898;5.02
0;5;0;0;1;1;1;0.9898;5.19
3;5;0;0;1;0;1;0.9898;5.35
5;5;0;0;0;1;1;0.9898;5.42
3;2;0;0;1;0;0;0.9898;5.67
0;2;0;0;1;1;1;0.9898;5.94
2;0;0;0;0;0;0;0.9898;6.0
3;2;0;0;1;1;1;0.9898;6.31
5;5;0;0;1;1;0;0.9898;6.4
3;4;0;0;1;0;0;0.9898;6.48
3;2;0;0;1;1;0;0.9898;6.51
3;5;0;0;1;0;0;0.9898;6.52
3;3;0;0;1;1;0;0.9898;6.87
3;4;0;0;1;0;1;0.9898;7.12
3;3;0;0;1;1;1;0.9898;7.21
5;5;0;0;1;0;1;0.9898;7.69
5;5;0;0;1;0;0;0.9898;8.0
3;1;0;1;0;0;0;0.9876;0.89
3;0;0;1;0;0;0;0.9876;0.9
0;4;0;1;0;1;0;0.9876;0.91
3;2;0;1;0;1;0;0.9876;0.91
3;2;0;1;0;0;0;0.9876;0.94
3;0;0;1;0;1;0;0.9876;0.95
3;0;0;1;0;0;1;0.9876;0.99
3;1;0;1;0;0;1;0.9876;0.99
3;1;0;1;0;1;0;0.9876;0.99
0;4;0;1;0;1;1;0.9876;1.01
3;1;0;1;0;1;1;0.9876;1.01
3;2;0;1;0;1;1;0.9876;1.02
5;2;0;1;0;0;0;0.9876;1.02
6;0;0;1;0;0;0;0.9876;1.02
6;4;0;1;0;0;0;0.9876;1.03
6;4;0;1;0;1;0;0.9876;1.04
6;0;0;1;0;1;0;0.9876;1.06
0;4;0;1;0;0;1;0.9876;1.07
0;3;0;1;0;0;1;0.9876;1.1
0;3;0;1;0;0;0;0.9876;1.13
5;1;0;1;0;0;0;0.9876;1.13
6;0;0;1;0;0;1;0.9876;1.15
6;4;0;1;0;1;1;0.9876;1.16
3;2;0;1;0;0;1;0.9876;1.29
3;5;0;1;0;0;0;0.9876;1.3
3;5;0;1;0;1;0;0.9876;1.32
0;3;0;1;0;1;1;0.9876;1.33
3;4;0;1;0;0;0;0.9876;1.34
3;5;0;1;0;0;1;0.9876;1.46
3;5;0;1;0;1;1;0.9876;1.51
0;3;0;1;0;1;0;0.9876;1.58
6;2;0;1;0;0;0;0.9876;1.58
6;2;0;1;0;0;1;0.9876;1.6
5;1;0;1;0;0;1;0.9876;1.61
6;5;0;1;0;1;0;0.9876;1.65
0;5;0;1;0;1;1;0.9876;1.67
0;2;0;1;0;0;0;0.9876;1.7
0;0;0;1;0;0;0;0.9876;1.75
6;2;0;1;0;1;0;0.9876;1.75
0;2;0;1;0;1;0;0.9876;1.76
3;4;0;1;0;1;0;0.9876;1.76
6;0;0;1;0;1;1;0.9876;1.78
0;1;0;1;0;1;0;0.9876;1.79
0;4;0;1;0;0;0;0.9876;1.81
0;5;0;1;0;1;0;0.9876;1.82
0;5;0;1;0;0;0;0.9876;1.83
3;0;0;1;0;1;1;0.9876;1.83
3;3;0;1;0;0;0;0.9876;1.86
3;3;0;1;0;1;0;0.9876;1.89
5;5;0;1;0;0;0;0.9876;1.89
6;4;0;1;0;0;1;0.9876;1.89
6;3;0;1;0;1;0;0.9876;1.9
0;2;0;1;0;0;1;0.9876;1.91
3;4;0;1;0;0;1;0.9876;1.92
6;5;0;1;0;1;1;0.9876;1.95
6;3;0;1;0;0;0;0.9876;1.97
6;5;0;1;0;0;0;0.9876;1.97
0;1;0;1;0;1;1;0.9876;1.98
0;0;0;1;0;1;1;0.9876;1.99
0;2;0;1;0;1;1;0.9876;1.99
3;4;0;1;0;1;1;0.9876;2.0
6;1;0;1;0;0;0;0.9876;2.02
5;5;0;1;0;1;0;0.9876;2.03
6;2;0;1;0;1;1;0.9876;2.05
6;3;0;1;0;0;1;0.9876;2.05
3;3;0;1;0;0;1;0.9876;2.07
5;4;0;1;0;1;0;0.9876;2.07
6;1;0;1;0;1;0;0.9876;2.1
3;3;0;1;0;1;1;0.9876;2.12
5;4;0;1;0;0;0;0.9876;2.14
0;0;0;1;0;1;0;0.9876;2.18
6;1;0;1;0;0;1;0.9876;2.2
5;4;0;1;0;0;1;0.9876;2.21
0;5;4;1;0;1;0;0.9876;2.22
6;1;0;1;0;1;1;0.9876;2.23
5;1;0;1;0;1;0;0.9876;2.24
5;2;0;1;0;1;0;0.9876;2.26
5;4;0;1;0;1;1;0.9876;2.27
6;0;4;1;0;1;0;0.9876;2.28
0;1;0;1;0;0;1;0.9876;2.31
0;1;4;1;0;1;1;0.9876;2.31
5;5;4;1;0;1;1;0.9876;2.36
5;3;0;1;0;1;0;0.9876;2.37
5;3;0;1;0;0;0;0.9876;2.4
5;3;0;1;0;0;1;0.9876;2.4
6;3;0;1;0;1;1;0.9876;2.44
6;0;4;1;0;1;1;0.9876;2.44
5;1;0;1;0;1;1;0.9876;2.45
3;1;0;1;1;0;0;0.9876;2.5
6;5;0;1;0;0;1;0.9876;2.51
5;3;0;1;0;1;1;0.9876;2.54
5;0;0;1;0;1;0;0.9876;2.56
3;5;0;1;1;0;1;0.9876;2.58
3;5;4;1;1;0;0;0.9876;2.58
5;0;0;1;0;1;1;0.9876;2.65
3;5;0;1;1;1;0;0.9876;2.66
5;5;0;1;0;1;1;0.9876;2.66
5;5;0;1;0;0;1;0.9876;2.68
3;0;0;1;1;1;0;0.9876;2.69
5;5;4;1;0;1;0;0.9876;2.69
0;5;0;1;0;0;1;0.9876;2.7
3;5;0;1;1;1;1;0.9876;2.71
3;5;4;1;1;0;1;0.9876;2.71
0;0;0;1;0;0;1;0.9876;2.73
0;5;4;1;0;1;1;0.9876;2.73
5;2;0;1;0;1;1;0.9876;2.77
5;2;4;1;0;1;1;0.9876;2.87
3;2;4;1;1;1;1;0.9876;2.9
3;5;4;1;1;1;1;0.9876;2.93
0;2;4;1;0;0;0;0.9876;3.0
0;1;0;1;0;0;0;0.9876;3.03
3;5;4;1;1;1;0;0.9876;3.04
0;2;4;1;0;0;1;0.9876;3.06
6;0;4;1;0;0;1;0.9876;3.1
5;2;0;1;0;0;1;0.9876;3.15
5;0;0;1;0;0;0;0.9876;3.21
0;2;4;1;0;1;1;0.9876;3.22
1;2;4;0;0;1;0;0.9876;3.25
3;5;0;1;1;0;0;0.9876;3.29
3;1;4;1;1;1;0;0.9876;3.29
3;1;4;1;1;1;1;0.9876;3.3
3;4;0;1;1;0;0;0.9876;3.42
3;4;0;1;1;1;0;0.9876;3.44
1;2;4;0;0;1;1;0.9876;3.45
3;1;0;1;1;0;1;0.9876;3.46
3;0;5;1;0;1;0;0.9876;3.5
0;0;4;1;0;1;1;0.9876;3.56
3;4;0;1;1;1;1;0.9876;3.59
6;1;4;1;0;1;0;0.9876;3.62
3;0;5;1;0;1;1;0.9876;3.64
3;0;5;1;0;0;0;0.9876;3.67
0;5;4;1;0;0;0;0.9876;3.72
5;0;0;1;0;0;1;0.9876;3.76
1;2;4;0;0;0;1;0.9876;3.88
0;0;4;1;0;0;0;0.9876;3.96
5;0;4;1;0;0;0;0.9876;3.99
0;1;4;1;0;1;0;0.9876;4.01
3;1;4;1;1;0;0;0.9876;4.03
0;1;4;1;0;0;0;0.9876;4.04
0;5;4;1;0;0;1;0.9876;4.05
0;0;4;1;0;1;0;0.9876;4.09
5;5;5;1;1;1;0;0.9876;4.12
6;1;4;1;0;1;1;0.9876;4.14
3;2;0;1;1;0;0;0.9876;4.15
0;0;4;1;0;0;1;0.9876;4.17
1;2;4;0;0;0;0;0.9876;4.17
0;2;4;1;0;1;0;0.9876;4.18
5;5;4;1;0;0;0;0.9876;4.19
1;1;4;0;0;1;0;0.9876;4.2
5;2;4;1;0;0;0;0.9876;4.21
5;0;5;2;1;1;1;0.9876;4.23
6;1;4;1;0;0;0;0.9876;4.28
6;0;4;1;0;0;0;0.9876;4.3
5;5;5;1;1;0;0;0.9876;4.34
0;1;4;1;0;0;1;0.9876;4.36
5;3;4;1;0;0;0;0.9876;4.37
5;2;4;1;0;0;1;0.9876;4.38
5;2;4;1;0;1;0;0.9876;4.39
6;1;4;1;0;0;1;0.9876;4.42
5;0;4;1;0;0;1;0.9876;4.45
5;5;5;1;1;0;1;0.9876;4.45
5;5;4;1;0;0;1;0.9876;4.46
5;3;4;1;0;1;0;0.9876;4.48
1;0;4;0;0;1;1;0.9876;4.49
5;1;4;1;0;1;0;0.9876;4.49
2;0;0;1;0;1;1;0.9876;4.51
5;1;4;1;0;0;0;0.9876;4.53
5;3;4;1;0;0;1;0.9876;4.54
3;3;4;1;1;0;0;0.9876;4.56
3;3;4;1;1;0;1;0.9876;4.56
5;0;4;1;0;1;0;0.9876;4.56
5;5;5;1;1;1;1;0.9876;4.56
3;0;5;1;0;0;1;0.9876;4.57
5;1;5;2;1;0;0;0.9876;4.58
5;0;5;1;1;0;1;0.9876;4.59
5;1;4;1;0;1;1;0.9876;4.64
1;0;4;0;0;0;1;0.9876;4.65
5;3;4;1;0;1;1;0.9876;4.68
3;0;0;1;1;0;0;0.9876;4.69
3;3;4;1;1;1;0;0.9876;4.69
5;1;4;1;0;0;1;0.9876;4.69
3;0;0;1;1;0;1;0.9876;4.74
5;4;4;1;0;0;0;0.9876;4.78
5;0;4;1;0;1;1;0.9876;4.8
1;0;4;0;0;1;0;0.9876;4.87
5;5;5;2;1;0;1;0.9876;4.87
1;0;5;0;1;1;1;0.9876;4.91
3;3;4;1;1;1;1;0.9876;4.91
3;0;0;1;1;1;1;0.9876;4.92
3;2;4;0;1;0;0;0.9876;4.93
3;4;0;1;1;0;1;0.9876;4.94
5;0;5;1;1;1;0;0.9876;4.94
3;2;0;1;1;0;1;0.9876;4.96
5;5;5;2;1;0;0;0.9876;4.96
3;2;4;1;1;0;0;0.9876;4.98
3;4;4;1;1;0;0;0.9876;4.98
3;4;5;1;0;1;0;0.9876;4.98
5;4;4;1;0;0;1;0.9876;4.99
3;3;0;1;1;0;0;0.9876;5.03
6;1;5;1;1;0;1;0.9876;5.03
3;2;0;1;1;1;0;0.9876;5.04
5;0;5;2;1;1;0;0.9876;5.04
3;0;4;1;1;0;0;0.9876;5.06
3;3;0;1;1;1;0;0.9876;5.11
3;2;4;1;1;1;0;0.9876;5.11
3;2;0;1;1;1;1;0.9876;5.13
3;1;0;1;1;1;1;0.9876;5.15
3;3;0;1;1;1;1;0.9876;5.17
6;1;5;2;1;0;1;0.9876;5.19
3;4;4;1;1;0;1;0.9876;5.22
0;2;5;1;1;1;0;0.9876;5.24
1;5;4;0;0;0;0;0.9876;5.24
3;2;4;1;1;0;1;0.9876;5.24
3;0;4;1;1;1;0;0.9876;5.26
3;0;4;1;1;0;1;0.9876;5.27
3;5;5;1;0;0;1;0.9876;5.3
3;4;5;0;0;1;0;0.9876;5.32
3;1;0;1;1;1;0;0.9876;5.33
3;4;4;1;1;1;0;0.9876;5.35
0;5;5;2;1;1;0;0.9876;5.39
3;5;5;1;0;1;0;0.9876;5.39
3;3;0;1;1;0;1;0.9876;5.4
5;4;4;1;0;1;0;0.9876;5.43
2;0;0;1;0;0;0;0.9876;5.47
3;4;4;1;1;1;1;0.9876;5.47
0;1;5;2;1;1;0;0.9876;5.49
1;0;4;0;0;0;0;0.9876;5.52
1;5;4;0;0;0;1;0.9876;5.53
2;0;0;1;0;1;0;0.9876;5.53
3;1;4;1;1;0;1;0.9876;5.55
3;0;4;1;1;1;1;0.9876;5.56
1;1;4;0;0;0;1;0.9876;5.65
1;1;4;0;0;1;1;0.9876;5.67
3;2;4;0;1;0;1;0.9876;5.69
3;5;5;0;0;0;0;0.9876;5.69
5;2;5;2;1;1;1;0.9876;5.74
6;1;5;2;1;0;0;0.9876;5.79
0;2;5;1;1;1;1;0.9876;5.8
2;0;0;1;0;0;1;0.9876;5.81
3;5;5;1;0;0;0;0.9876;5.85
3;1;5;1;0;1;1;0.9876;5.9
3;5;5;0;0;0;1;0.9876;5.97
6;0;5;2;1;0;1;0.9876;5.99
0;0;5;1;1;1;0;0.9876;6.0
3;4;5;1;0;0;0;0.9876;6.01
0;5;5;2;1;0;1;0.9876;6.06
5;4;4;1;0;1;1;0.9876;6.09
3;3;4;0;1;0;0;0.9876;6.12
5;2;5;2;1;0;1;0.9876;6.14
3;2;5;1;0;0;0;0.9876;6.15
6;0;5;1;1;0;1;0.9876;6.17
1;5;4;0;0;1;1;0.9876;6.2
0;1;5;2;1;0;1;0.9876;6.21
3;4;5;0;0;0;1;0.9876;6.31
1;5;5;0;1;0;0;0.9876;6.32
3;3;5;1;0;0;0;0.9876;6.32
1;0;5;0;1;0;1;0.9876;6.34
3;3;5;0;0;1;1;0.9876;6.36
1;5;4;0;0;1;0;0.9876;6.37
5;0;5;1;1;0;0;0.9876;6.4
6;0;5;2;1;1;1;0.9876;6.47
3;4;4;0;1;0;0;0.9876;6.51
0;5;5;1;1;1;1;0.9876;6.54
0;2;5;2;1;1;1;0.9876;6.59
6;1;5;1;1;0;0;0.9876;6.6
5;5;5;2;1;1;1;0.9876;6.61
3;3;5;1;0;0;1;0.9876;6.64
0;1;5;2;1;0;0;0.9876;6.68
3;2;5;1;0;0;1;0.9876;6.7
1;1;5;0;1;1;1;0.9876;6.75
3;4;4;0;1;0;1;0.9876;6.75
3;4;4;0;1;1;0;0.9876;6.75
3;3;5;1;0;1;0;0.9876;6.76
5;2;5;1;1;0;0;0.9876;6.76
1;2;5;0;1;1;1;0.9876;6.77
0;0;5;2;1;0;1;0.9876;6.78
1;0;5;0;1;1;0;0.9876;6.79
3;3;4;0;1;1;0;0.9876;6.81
3;1;5;1;0;0;1;0.9876;6.82
6;0;5;1;1;1;1;0.9876;6.82
3;2;4;0;1;1;0;0.9876;6.83
3;3;4;0;1;0;1;0.9876;6.84
5;5;5;2;1;1;0;0.9876;6.84
3;5;4;0;1;0;1;0.9876;6.92
1;0;5;0;1;0;0;0.9876;6.96
5;2;5;1;1;0;1;0.9876;6.98
3;4;5;1;0;1;1;0.9876;7.05
3;2;5;1;0;1;0;0.9876;7.07
0;5;5;1;1;0;0;0.9876;7.1
1;1;5;0;1;1;0;0.9876;7.1
3;5;4;0;1;1;1;0.9876;7.14
0;2;5;1;1;0;0;0.9876;7.16
3;3;5;1;0;1;1;0.9876;7.17
3;4;5;1;0;0;1;0.9876;7.17
3;5;4;0;1;0;0;0.9876;7.18
1;1;4;0;0;0;0;0.9876;7.19
3;4;4;0;1;1;1;0.9876;7.19
0;1;5;1;1;1;0;0.9876;7.24
0;5;5;2;1;0;0;0.9876;7.25
3;3;4;0;1;1;1;0.9876;7.27
0;5;5;1;1;1;0;0.9876;7.3
3;2;5;1;0;1;1;0.9876;7.3
6;0;5;2;1;0;0;0.9876;7.31
0;5;5;1;1;0;1;0.9876;7.36
0;2;5;1;1;0;1;0.9876;7.38
0;0;5;2;1;0;0;0.9876;7.41
0;1;5;1;1;0;1;0.9876;7.42
5;1;5;2;1;0;1;0.9876;7.42
1;2;5;0;1;0;1;0.9876;7.43
5;0;5;2;1;0;0;0.9876;7.43
0;0;5;2;1;1;0;0.9876;7.44
5;2;5;2;1;0;0;0.9876;7.46
1;5;5;0;1;1;0;0.9876;7.47
0;0;5;2;1;1;1;0.9876;7.48
0;1;5;1;1;0;0;0.9876;7.49
6;0;5;1;1;1;0;0.9876;7.51
0;1;5;1;1;1;1;0.9876;7.53
3;5;5;0;0;1;1;0.9876;7.53
5;1;5;1;1;0;0;0.9876;7.53
5;2;5;1;1;1;0;0.9876;7.53
3;5;5;1;0;1;1;0.9876;7.54
5;2;5;2;1;1;0;0.9876;7.56
5;1;5;2;1;1;0;0.9876;7.6
5;0;5;2;1;0;1;0.9876;7.67
3;5;4;0;1;1;0;0.9876;7.68
0;0;5;1;1;1;1;0.9876;7.7
3;1;5;1;0;1;0;0.9876;7.71
1;2;5;0;1;0;0;0.9876;7.77
1;5;5;0;1;0;1;0.9876;7.77
6;0;5;2;1;1;0;0.9876;7.77
0;2;5;2;1;0;1;0.9876;7.82
1;4;5;0;1;0;0;0.9876;7.85
5;1;5;1;1;1;0;0.9876;7.86
3;4;5;0;0;0;0;0.9876;7.87
5;1;5;1;1;0;1;0.9876;7.89
6;1;5;2;1;1;0;0.9876;8.01
3;2;4;0;1;1;1;0.9876;8.02
5;0;5;1;1;1;1;0.9876;8.06
5;1;5;1;1;1;1;0.9876;8.06
6;1;5;1;1;1;1;0.9876;8.1
3;2;5;0;0;0;1;0.9876;8.14
0;1;5;2;1;1;1;0.9876;8.17
1;1;5;0;1;0;0;0.9876;8.29
1;3;5;0;1;0;0;0.9876;8.33
6;1;5;2;1;1;1;0.9876;8.33
0;5;5;2;1;1;1;0.9876;8.36
6;1;5;1;1;1;0;0.9876;8.39
1;2;5;0;1;1;0;0.9876;8.4
1;3;5;0;1;1;0;0.9876;8.43
1;4;5;0;1;1;1;0.9876;8.46
3;4;5;0;0;1;1;0.9876;8.56
1;5;5;0;1;1;1;0.9876;8.57
1;3;5;0;1;1;1;0.9876;8.6
1;1;5;0;1;0;1;0.9876;8.62
6;0;5;1;1;0;0;0.9876;8.69
3;1;5;1;0;0;0;0.9876;8.7
5;2;5;1;1;1;1;0.9876;8.7
0;2;5;2;1;1;0;0.9876;8.75
5;1;5;2;1;1;1;0.9876;8.77
0;2;5;2;1;0;0;0.9876;8.82
1;3;5;0;1;0;1;0.9876;8.82
0;0;5;1;1;0;0;0.9876;9.0
3;2;5;0;0;1;1;0.9876;9.11
1;4;5;0;1;1;0;0.9876;9.22
0;0;5;1;1;0;1;0.9876;9.4
3;3;5;0;0;1;0;0.9876;9.89
3;2;5;0;0;0;0;0.9876;9.91
3;2;5;0;0;1;0;0.9876;10.23
1;4;5;0;1;0;1;0.9876;10.51
3;3;5;0;0;0;0;0.9876;10.98
3;5;5;0;0;1;0;0.9876;11.01
3;3;5;0;0;0;1;0.9876;11.27
4;4;0;1;0;1;0;0.9802;0.99
4;4;0;1;0;0;0;0.9802;1.01
4;3;0;1;0;0;0;0.9802;1.04
4;0;0;1;0;1;0;0.9802;1.06
4;4;0;1;0;0;1;0.9802;1.08
4;5;0;1;0;0;1;0.9802;1.09
4;5;0;1;0;1;0;0.9802;1.1
4;5;0;1;0;1;1;0.9802;1.11
4;0;0;1;0;0;1;0.9802;1.12
4;3;0;1;0;0;1;0.9802;1.12
4;3;0;1;0;1;0;0.9802;1.21
4;4;0;1;0;1;1;0.9802;1.24
4;0;0;1;0;1;1;0.9802;1.28
4;0;0;1;0;0;0;0.9802;1.3
4;5;0;1;0;0;0;0.9802;1.53
4;2;0;1;0;1;0;0.9802;1.96
0;4;4;1;0;1;1;0.9802;2.07
6;4;4;1;0;0;0;0.9802;2.07
4;3;0;1;0;1;1;0.9802;2.09
6;4;4;1;0;1;1;0.9802;2.16
4;2;0;1;0;1;1;0.9802;2.18
1;3;0;1;1;1;0;0.9802;2.22
4;2;0;1;0;0;0;0.9802;2.32
6;0;0;1;1;0;0;0.9802;2.35
4;0;0;1;1;0;0;0.9802;2.38
4;1;0;1;0;0;0;0.9802;2.38
6;0;0;1;1;1;0;0.9802;2.42
4;0;0;1;1;0;1;0.9802;2.46
4;4;0;1;1;1;0;0.9802;2.46
6;4;4;1;0;0;1;0.9802;2.46
1;2;0;1;1;1;0;0.9802;2.48
1;1;4;1;1;1;1;0.9802;2.5
4;4;0;1;1;0;1;0.9802;2.5
6;1;0;1;1;1;0;0.9802;2.5
4;2;0;1;0;0;1;0.9802;2.52
4;1;0;1;1;1;0;0.9802;2.53
6;0;4;1;1;0;0;0.9802;2.54
4;0;4;1;1;0;0;0.9802;2.56
6;1;4;1;1;1;0;0.9802;2.56
1;5;4;1;1;0;0;0.9802;2.58
4;2;0;1;1;1;1;0.9802;2.58
4;1;0;1;0;1;0;0.9802;2.6
6;0;0;1;1;1;1;0.9802;2.61
6;1;0;1;1;1;1;0.9802;2.65
6;5;4;1;1;1;1;0.9802;2.65
4;4;0;1;1;1;1;0.9802;2.69
4;3;4;1;1;1;1;0.9802;2.71
1;1;4;1;1;1;0;0.9802;2.72
4;1;0;1;0;0;1;0.9802;2.74
4;3;0;1;1;0;0;0.9802;2.79
1;4;4;1;1;0;0;0.9802;2.8
6;4;4;1;0;1;0;0.9802;2.81
4;1;0;1;0;1;1;0.9802;2.84
1;3;0;1;1;0;1;0.9802;2.87
6;5;4;1;1;0;0;0.9802;2.9
4;5;0;1;1;0;0;0.9802;2.96
1;2;5;1;0;1;0;0.9802;3.0
4;1;0;1;1;1;1;0.9802;3.05
6;0;0;1;1;0;1;0.9802;3.05
1;2;5;1;0;0;0;0.9802;3.06
1;2;4;1;1;0;0;0.9802;3.08
6;0;4;1;1;0;1;0.9802;3.11
1;2;4;1;1;1;0;0.9802;3.14
4;3;5;1;0;0;0;0.9802;3.16
1;2;0;1;1;0;1;0.9802;3.21
6;1;4;1;1;0;1;0.9802;3.21
0;4;4;1;0;1;0;0.9802;3.24
0;4;4;1;0;0;1;0.9802;3.29
1;2;4;0;1;0;0;0.9802;3.3
4;0;0;1;1;1;0;0.9802;3.31
4;4;4;1;1;1;1;0.9802;3.33
1;2;0;1;1;0;0;0.9802;3.34
6;2;0;1;1;0;0;0.9802;3.35
4;1;0;1;1;0;1;0.9802;3.36
1;0;0;1;1;1;0;0.9802;3.4
6;5;5;1;0;0;1;0.9802;3.4
1;0;5;1;0;0;1;0.9802;3.46
4;0;4;1;1;1;1;0.9802;3.46
4;3;0;1;1;0;1;0.9802;3.47
6;5;4;1;1;1;0;0.9802;3.48
4;3;0;1;1;1;0;0.9802;3.49
0;4;5;1;1;0;0;0.9802;3.5
4;1;0;1;1;0;0;0.9802;3.5
4;3;0;1;1;1;1;0.9802;3.5
0;3;4;1;0;0;0;0.9802;3.54
6;2;0;1;1;0;1;0.9802;3.57
4;2;5;1;0;1;1;0.9802;3.59
6;3;4;1;0;1;1;0.9802;3.61
1;0;0;1;1;0;1;0.9802;3.62
1;0;0;1;1;0;0;0.9802;3.64
4;0;4;1;1;1;0;0.9802;3.65
0;4;5;2;1;0;0;0.9802;3.66
6;5;5;1;0;0;0;0.9802;3.66
4;2;5;1;0;1;0;0.9802;3.73
6;0;5;1;0;0;0;0.9802;3.75
6;3;5;2;1;1;0;0.9802;3.76
0;4;4;1;0;0;0;0.9802;3.77
1;0;5;1;0;0;0;0.9802;3.77
6;1;0;1;1;0;1;0.9802;3.78
1;3;0;1;1;0;0;0.9802;3.82
0;3;4;1;0;0;1;0.9802;3.83
0;2;4;0;0;0;0;0.9802;3.86
6;3;4;1;0;0;0;0.9802;3.86
0;4;5;1;1;1;1;0.9802;3.88
5;3;4;0;0;0;0;0.9802;3.88
6;5;0;1;1;0;0;0.9802;3.89
0;3;4;1;0;1;1;0.9802;3.9
5;3;4;0;0;1;0;0.9802;3.9
1;2;5;1;0;1;1;0.9802;3.91
6;1;4;1;1;0;0;0.9802;3.92
6;1;4;1;1;1;1;0.9802;3.92
4;5;5;1;0;0;0;0.9802;3.96
0;3;4;1;0;1;0;0.9802;3.97
6;0;5;1;0;1;1;0.9802;3.97
1;5;5;0;0;0;0;0.9802;3.99
6;3;4;1;0;1;0;0.9802;4.01
0;2;4;0;0;1;0;0.9802;4.03
1;3;0;1;1;1;1;0.9802;4.04
5;3;4;0;0;0;1;0.9802;4.06
6;3;4;1;0;0;1;0.9802;4.06
4;2;4;1;1;1;1;0.9802;4.08
6;0;5;1;0;0;1;0.9802;4.1
1;0;5;1;0;1;0;0.9802;4.11
5;5;4;0;0;1;0;0.9802;4.11
1;5;5;0;0;1;1;0.9802;4.12
1;2;5;1;0;0;1;0.9802;4.13
4;2;0;1;1;1;0;0.9802;4.13
1;5;0;1;1;0;0;0.9802;4.14
1;5;5;0;0;1;0;0.9802;4.14
0;4;5;2;1;0;1;0.9802;4.21
1;4;0;1;1;1;1;0.9802;4.21
1;1;4;0;1;0;1;0.9802;4.22
1;1;5;1;0;0;0;0.9802;4.22
4;0;4;1;1;0;1;0.9802;4.23
4;4;4;1;1;0;0;0.9802;4.24
1;2;0;1;1;1;1;0.9802;4.26
6;0;5;1;0;1;0;0.9802;4.27
6;3;5;2;1;1;1;0.9802;4.27
1;5;4;0;1;0;0;0.9802;4.29
6;2;0;1;1;1;1;0.9802;4.3
1;0;0;1;1;1;1;0.9802;4.32
1;1;0;1;1;1;0;0.9802;4.34
1;3;4;1;1;0;0;0.9802;4.34
4;4;4;1;1;1;0;0.9802;4.34
1;5;0;1;1;0;1;0.9802;4.35
0;2;4;0;0;0;1;0.9802;4.36
6;5;0;1;1;0;1;0.9802;4.36
1;4;0;1;1;1;0;0.9802;4.39
4;0;5;1;0;1;1;0.9802;4.39
1;1;4;0;1;0;0;0.9802;4.42
4;2;4;1;1;0;1;0.9802;4.43
1;2;4;1;1;0;1;0.9802;4.49
4;2;0;1;1;0;0;0.9802;4.51
6;1;0;1;1;0;0;0.9802;4.51
1;2;5;0;0;1;0;0.9802;4.53
6;3;5;1;1;0;0;0.9802;4.53
0;4;5;2;1;1;1;0.9802;4.54
0;4;5;1;1;1;0;0.9802;4.55
1;1;0;1;1;0;0;0.9802;4.58
0;4;5;1;1;0;1;0.9802;4.59
1;4;4;1;1;0;1;0.9802;4.59
6;0;4;1;1;1;0;0.9802;4.59
6;5;5;1;0;1;1;0.9802;4.6
0;0;4;0;0;0;1;0.9802;4.61
1;1;0;1;1;0;1;0.9802;4.62
1;3;4;1;1;0;1;0.9802;4.62
1;1;0;1;1;1;1;0.9802;4.64
1;0;4;0;1;0;1;0.9802;4.67
4;2;5;1;0;0;1;0.9802;4.68
4;5;0;1;1;0;1;0.9802;4.69
6;2;4;1;1;0;0;0.9802;4.7
1;5;4;0;1;0;1;0.9802;4.72
4;2;0;1;1;0;1;0.9802;4.72
4;5;4;1;1;0;0;0.9802;4.72
6;5;4;1;1;0;1;0.9802;4.74
5;3;4;0;0;1;1;0.9802;4.76
1;4;0;1;1;0;1;0.9802;4.77
4;2;4;1;1;0;0;0.9802;4.77
1;1;4;1;1;0;0;0.9802;4.79
1;1;4;1;1;0;1;0.9802;4.79
4;4;0;1;1;0;0;0.9802;4.79
1;2;4;1;1;1;1;0.9802;4.8
4;5;0;1;1;1;0;0.9802;4.81
1;1;5;1;0;0;1;0.9802;4.82
1;1;5;0;0;1;0;0.9802;4.86
6;4;5;1;1;1;0;0.9802;4.88
6;2;5;1;0;1;0;0.9802;4.89
1;1;5;0;0;1;1;0.9802;4.91
4;5;4;1;1;1;0;0.9802;4.92
1;0;4;1;1;1;1;0.9802;4.94
4;5;4;1;1;0;1;0.9802;4.95
5;4;5;1;1;0;0;0.9802;4.96
6;2;0;1;1;1;0;0.9802;4.97
4;1;4;1;1;0;1;0.9802;4.98
4;1;4;1;1;1;0;0.9802;4.99
6;2;4;1;1;0;1;0.9802;5.0
1;4;4;0;1;1;0;0.9802;5.02
4;1;4;1;1;0;0;0.9802;5.04
4;4;4;1;1;0;1;0.9802;5.04
1;4;4;1;1;1;1;0.9802;5.07
1;0;5;1;0;1;1;0.9802;5.08
5;4;4;0;0;0;1;0.9802;5.08
1;5;5;1;0;1;0;0.9802;5.09
4;2;4;1;1;1;0;0.9802;5.13
4;5;0;1;1;1;1;0.9802;5.14
0;2;4;0;0;1;1;0.9802;5.15
1;2;5;0;0;0;1;0.9802;5.15
1;5;5;1;0;0;1;0.9802;5.15
6;1;5;1;0;1;1;0.9802;5.16
1;0;4;0;1;0;0;0.9802;5.17
0;3;5;1;1;1;0;0.9802;5.18
1;1;4;0;1;1;1;0.9802;5.18
4;1;4;1;1;1;1;0.9802;5.18
1;0;4;1;1;0;0;0.9802;5.19
4;5;4;1;1;1;1;0.9802;5.19
6;3;5;2;1;0;0;0.9802;5.21
1;4;4;0;1;1;1;0.9802;5.24
5;5;4;0;0;0;1;0.9802;5.25
1;5;4;1;1;0;1;0.9802;5.28
5;2;4;0;0;0;0;0.9802;5.28
6;0;4;1;1;1;1;0.9802;5.29
1;3;4;1;1;1;1;0.9802;5.32
6;5;0;1;1;1;0;0.9802;5.33
6;2;5;1;0;0;0;0.9802;5.37
4;0;0;1;1;1;1;0.9802;5.38
6;2;4;1;1;1;0;0.9802;5.39
6;2;4;1;1;1;1;0.9802;5.39
6;4;5;2;1;1;0;0.9802;5.39
4;3;4;1;1;0;1;0.9802;5.4
6;1;5;1;0;0;1;0.9802;5.43
1;1;5;1;0;1;1;0.9802;5.45
6;5;0;1;1;1;1;0.9802;5.47
1;2;4;0;1;0;1;0.9802;5.49
1;5;4;1;1;1;0;0.9802;5.51
6;3;5;2;1;0;1;0.9802;5.52
5;4;4;0;0;0;0;0.9802;5.53
6;4;5;1;1;0;0;0.9802;5.53
1;5;5;0;0;0;1;0.9802;5.54
1;5;5;1;0;0;0;0.9802;5.56
0;3;5;1;1;0;0;0.9802;5.58
1;4;0;1;1;0;0;0.9802;5.63
6;2;5;1;0;1;1;0.9802;5.63
5;4;5;2;1;1;1;0.9802;5.65
4;5;5;1;0;0;1;0.9802;5.69
1;1;4;0;1;1;0;0.9802;5.72
4;3;4;1;1;1;0;0.9802;5.74
1;5;0;1;1;1;0;0.9802;5.76
1;4;5;1;0;0;0;0.9802;5.76
6;4;5;2;1;0;1;0.9802;5.76
6;1;5;1;0;1;0;0.9802;5.77
6;2;5;1;0;0;1;0.9802;5.77
0;0;4;0;0;0;0;0.9802;5.78
1;0;4;1;1;1;0;0.9802;5.78
1;0;5;0;0;0;0;0.9802;5.79
1;3;5;1;0;1;0;0.9802;5.82
1;5;0;1;1;1;1;0.9802;5.87
4;3;4;1;1;0;0;0.9802;5.87
1;3;4;0;1;1;1;0.9802;5.88
1;2;5;0;0;1;1;0.9802;5.92
1;4;5;1;0;0;1;0.9802;5.92
1;4;5;1;0;1;1;0.9802;5.94
6;4;5;1;1;1;1;0.9802;5.96
5;0;5;0;1;1;1;0.9802;5.97
1;0;4;1;1;0;1;0.9802;5.99
1;2;4;0;1;1;1;0.9802;6.0
1;3;4;1;1;1;0;0.9802;6.02
1;4;5;0;0;0;0;0.9802;6.02
4;0;5;1;0;0;0;0.9802;6.02
1;0;4;0;1;1;0;0.9802;6.05
4;4;5;1;0;0;0;0.9802;6.08
0;5;5;0;1;1;0;0.9802;6.11
5;5;5;0;1;1;1;0.9802;6.14
0;0;4;0;0;1;1;0.9802;6.15
4;2;5;1;0;0;0;0.9802;6.15
6;5;5;1;0;1;0;0.9802;6.17
6;3;5;1;1;0;1;0.9802;6.2
5;5;4;0;0;1;1;0.9802;6.21
1;2;4;0;1;1;0;0.9802;6.23
4;3;5;1;0;0;1;0.9802;6.24
4;1;5;1;0;0;0;0.9802;6.26
4;4;5;1;0;0;1;0.9802;6.26
1;4;5;1;0;1;0;0.9802;6.29
4;4;5;1;0;1;0;0.9802;6.3
4;3;5;1;0;1;0;0.9802;6.31
5;0;5;0;1;1;0;0.9802;6.33
6;3;5;0;1;0;1;0.9802;6.34
6;4;5;2;1;0;0;0.9802;6.34
5;3;5;1;1;1;1;0.9802;6.35
4;5;5;1;0;1;0;0.9802;6.36
6;3;5;0;1;1;0;0.9802;6.38
1;4;4;1;1;1;0;0.9802;6.42
4;5;5;1;0;1;1;0.9802;6.42
6;4;5;0;1;1;1;0.9802;6.42
6;1;5;1;0;0;0;0.9802;6.45
1;0;4;0;1;1;1;0.9802;6.48
5;1;5;0;1;0;0;0.9802;6.48
1;3;4;0;1;1;0;0.9802;6.49
0;0;4;0;0;1;0;0.9802;6.5
0;2;5;0;1;1;1;0.9802;6.52
1;3;4;0;1;0;0;0.9802;6.55
1;3;4;0;1;0;1;0.9802;6.55
1;3;5;1;0;0;1;0.9802;6.57
5;3;5;2;1;0;0;0.9802;6.57
4;1;5;1;0;1;1;0.9802;6.58
0;2;5;0;1;1;0;0.9802;6.59
1;5;5;1;0;1;1;0.9802;6.62
5;4;5;1;1;1;0;0.9802;6.62
1;1;5;0;0;0;0;0.9802;6.63
4;3;5;1;0;1;1;0.9802;6.63
4;4;5;1;0;1;1;0.9802;6.64
5;0;5;0;1;0;1;0.9802;6.65
5;4;5;2;1;0;0;0.9802;6.71
4;0;5;1;0;0;1;0.9802;6.72
1;5;4;1;1;1;1;0.9802;6.74
4;1;5;1;0;0;1;0.9802;6.77
4;1;5;1;0;1;0;0.9802;6.8
1;3;5;1;0;0;0;0.9802;6.84
5;5;5;0;1;0;1;0.9802;6.88
5;4;5;2;1;1;0;0.9802;6.92
5;4;5;1;1;1;1;0.9802;6.95
0;3;5;1;1;1;1;0.9802;6.99
6;4;5;0;1;1;0;0.9802;6.99
5;0;4;0;0;0;0;0.9802;7.0
5;0;4;0;0;0;1;0.9802;7.0
0;4;5;2;1;1;0;0.9802;7.01
1;5;4;0;1;1;0;0.9802;7.07
6;4;5;1;1;0;1;0.9802;7.08
5;4;4;0;0;1;0;0.9802;7.13
6;3;5;1;1;1;0;0.9802;7.15
5;2;5;0;1;1;1;0.9802;7.18
6;3;5;0;1;1;1;0.9802;7.19
4;0;5;1;0;1;0;0.9802;7.22
5;3;5;1;1;0;0;0.9802;7.25
6;3;5;1;1;1;1;0.9802;7.27
5;3;5;1;1;0;1;0.9802;7.28
1;4;4;0;1;0;0;0.9802;7.29
5;4;4;0;0;1;1;0.9802;7.3
1;3;5;1;0;1;1;0.9802;7.39
1;2;5;0;0;0;0;0.9802;7.44
5;4;5;2;1;0;1;0.9802;7.44
0;3;5;2;1;0;1;0.9802;7.47
5;4;5;1;1;0;1;0.9802;7.47
1;4;4;0;1;0;1;0.9802;7.48
5;3;5;2;1;1;1;0.9802;7.59
1;5;4;0;1;1;1;0.9802;7.61
1;0;5;0;0;0;1;0.9802;7.61
0;5;5;0;1;1;1;0.9802;7.62
5;3;5;1;1;1;0;0.9802;7.7
5;0;4;0;0;1;1;0.9802;7.75
6;4;5;2;1;1;1;0.9802;7.76
0;5;4;0;0;0;0;0.9802;7.78
1;3;5;0;0;1;1;0.9802;7.79
5;3;5;2;1;0;1;0.9802;7.82
5;3;5;2;1;1;0;0.9802;7.84
1;4;5;0;0;0;1;0.9802;7.85
5;5;4;0;0;0;0;0.9802;7.86
1;1;5;0;0;0;1;0.9802;7.87
0;3;5;1;1;0;1;0.9802;7.91
0;5;4;0;0;0;1;0.9802;7.92
0;5;4;0;0;1;0;0.9802;7.96
0;3;5;2;1;0;0;0.9802;7.96
5;2;4;0;0;0;1;0.9802;7.98
1;0;5;0;0;1;1;0.9802;8.05
1;4;5;0;0;1;0;0.9802;8.05
5;2;4;0;0;1;1;0.9802;8.05
0;5;5;0;1;0;1;0.9802;8.07
1;4;5;0;0;1;1;0.9802;8.11
5;0;4;0;0;1;0;0.9802;8.18
5;2;4;0;0;1;0;0.9802;8.2
1;1;5;1;0;1;0;0.9802;8.21
1;0;5;0;0;1;0;0.9802;8.31
5;4;5;0;1;0;0;0.9802;8.49
0;3;5;2;1;1;1;0.9802;8.53
5;2;5;0;1;1;0;0.9802;8.59
0;5;5;0;1;0;0;0.9802;8.6
1;3;5;0;0;0;1;0.9802;8.62
0;5;4;0;0;1;1;0.9802;8.7
1;3;5;0;0;0;0;0.9802;8.83
5;5;5;0;1;1;0;0.9802;9.04
5;5;5;0;1;0;0;0.9802;9.38
6;4;5;0;1;0;1;0.9802;9.38
5;4;5;0;1;0;1;0.9802;9.4
0;0;5;0;1;1;1;0.9802;9.43
5;3;5;0;1;0;0;0.9802;9.7
0;3;5;2;1;1;0;0.9802;9.71
6;3;5;0;1;0;0;0.9802;9.74
1;3;5;0;0;1;0;0.9802;9.75
5;4;5;0;1;1;0;0.9802;9.84
5;4;5;0;1;1;1;0.9802;10.04
5;3;5;0;1;0;1;0.9802;10.12
5;3;5;0;1;1;1;0.9802;10.14
0;4;5;0;1;1;0;0.9802;10.15
5;3;5;0;1;1;0;0.9802;10.23
5;1;5;0;1;0;1;0.9802;10.27
6;4;5;0;1;0;0;0.9802;10.37
0;4;5;0;1;0;1;0.9802;10.49
5;0;5;0;1;0;0;0.9802;10.58
0;2;5;0;1;0;1;0.9802;10.73
0;3;5;0;1;1;0;0.9802;10.75
5;2;5;0;1;0;0;0.9802;10.94
0;0;5;0;1;1;0;0.9802;11.0
0;1;5;0;1;0;1;0.9802;11.18
5;1;5;0;1;1;1;0.9802;11.18
0;3;5;0;1;1;1;0.9802;11.39
0;2;5;0;1;0;0;0.9802;11.42
0;4;5;0;1;0;0;0.9802;11.63
0;3;5;0;1;0;1;0.9802;11.9
5;2;5;0;1;0;1;0.9802;12.04
0;1;5;0;1;1;1;0.9802;12.21
0;1;5;0;1;1;0;0.9802;12.52
0;0;5;0;1;0;0;0.9802;12.82
5;1;5;0;1;1;0;0.9802;13.01
0;1;5;0;1;0;0;0.9802;13.02
0;4;5;0;1;1;1;0.9802;13.58
0;3;5;0;1;0;0;0.9802;14.36
0;0;5;0;1;0;1;0.9802;14.94
4;3;4;1;0;0;0;0.979;1.81
4;3;4;1;0;0;1;0.979;1.87
4;2;4;1;0;1;0;0.979;1.92
0;5;0;1;1;1;0;0.979;1.94
4;2;4;1;0;0;0;0.979;1.96
4;5;4;1;0;0;1;0.979;1.98
4;3;4;1;0;1;1;0.979;2.02
0;2;4;1;1;0;0;0.979;2.04
4;2;4;1;0;0;1;0.979;2.04
4;0;4;1;0;1;0;0.979;2.09
0;5;0;1;1;1;1;0.979;2.1
0;2;4;1;1;1;0;0.979;2.22
5;2;0;1;1;0;1;0.979;2.22
0;5;0;1;1;0;1;0.979;2.23
4;5;4;1;0;1;0;0.979;2.24
5;5;4;1;1;0;1;0.979;2.26
0;1;4;1;1;1;1;0.979;2.27
0;2;4;1;1;0;1;0.979;2.27
4;3;4;1;0;1;0;0.979;2.27
5;5;4;1;1;0;0;0.979;2.31
5;5;4;1;1;1;1;0.979;2.35
0;2;4;1;1;1;1;0.979;2.4
5;5;4;1;1;1;0;0.979;2.41
0;1;4;1;1;1;0;0.979;2.42
0;5;4;1;1;0;0;0.979;2.42
6;4;0;1;1;1;1;0.979;2.48
6;4;4;1;1;0;0;0.979;2.52
0;5;4;1;1;1;1;0.979;2.61
0;1;4;1;1;0;0;0.979;2.66
4;5;4;1;0;0;0;0.979;2.72
5;2;0;1;1;0;0;0.979;2.72
4;0;4;1;0;1;1;0.979;2.79
4;0;4;1;0;0;1;0.979;2.8
6;4;0;1;1;1;0;0.979;2.82
4;4;4;1;0;1;0;0.979;2.87
0;2;4;0;1;0;0;0.979;2.88
6;4;4;1;1;0;1;0.979;2.94
5;2;4;1;1;0;0;0.979;2.99
6;3;4;1;1;1;1;0.979;3.02
5;5;5;1;0;0;0;0.979;3.05
4;1;5;2;1;0;0;0.979;3.1
0;5;0;1;1;0;0;0.979;3.11
4;2;5;1;1;0;0;0.979;3.11
5;5;4;0;1;1;0;0.979;3.12
0;0;4;1;1;1;0;0.979;3.19
5;5;4;0;1;0;1;0.979;3.2
6;3;0;1;1;1;0;0.979;3.24
5;5;5;1;0;1;1;0.979;3.25
4;1;5;1;1;1;1;0.979;3.28
4;2;5;1;1;1;1;0.979;3.32
5;1;0;1;1;0;1;0.979;3.32
0;2;5;1;0;0;1;0.979;3.37
6;4;4;0;1;1;0;0.979;3.4
4;2;5;1;1;0;1;0.979;3.41
0;2;5;1;0;0;0;0.979;3.5
0;2;4;0;1;1;0;0.979;3.51
6;4;4;0;1;0;1;0.979;3.51
4;4;4;1;0;0;0;0.979;3.54
0;2;4;0;1;0;1;0.979;3.55
6;3;0;1;1;1;1;0.979;3.57
4;1;5;2;1;0;1;0.979;3.58
5;2;4;1;1;0;1;0.979;3.6
6;4;4;0;1;1;1;0.979;3.6
4;4;4;1;0;0;1;0.979;3.61
0;1;0;1;1;0;0;0.979;3.62
0;2;0;1;1;0;0;0.979;3.64
0;5;5;0;0;0;0;0.979;3.65
0;5;5;0;0;0;1;0.979;3.65
4;1;5;2;1;1;1;0.979;3.66
0;5;5;0;0;1;0;0.979;3.71
4;5;5;1;1;1;1;0.979;3.72
5;1;0;1;1;1;0;0.979;3.72
4;1;5;1;1;1;0;0.979;3.74
0;2;5;0;0;1;0;0.979;3.76
4;2;5;1;1;1;0;0.979;3.78
0;1;0;1;1;1;0;0.979;3.79
0;2;0;1;1;1;0;0.979;3.79
0;5;5;0;0;1;1;0.979;3.8
4;0;4;1;0;0;0;0.979;3.8
4;1;4;1;0;1;0;0.979;3.81
5;5;5;1;0;0;1;0.979;3.81
6;4;0;1;1;0;1;0.979;3.81
0;0;0;1;1;1;1;0.979;3.82
0;1;0;1;1;0;1;0.979;3.82
0;2;0;1;1;0;1;0.979;3.83
4;1;4;1;0;1;1;0.979;3.84
0;0;0;1;1;0;0;0.979;3.85
0;0;4;1;1;0;0;0.979;3.85
6;3;4;1;1;1;0;0.979;3.91
4;1;4;1;0;0;0;0.979;3.92
4;2;4;1;0;1;1;0.979;3.93
5;2;5;0;0;1;0;0.979;3.95
6;4;4;0;1;0;0;0.979;3.95
4;1;4;1;0;0;1;0.979;3.97
0;1;5;1;0;0;1;0.979;3.98
6;0;4;0;0;0;0;0.979;4.01
0;1;0;1;1;1;1;0.979;4.02
0;2;5;0;0;0;0;0.979;4.03
4;4;4;1;0;1;1;0.979;4.05
4;1;5;2;1;1;0;0.979;4.05
6;0;4;0;0;1;0;0.979;4.06
4;1;5;1;1;0;1;0.979;4.07
0;5;4;1;1;1;0;0.979;4.08
5;2;5;0;0;0;1;0.979;4.09
6;0;4;0;0;0;1;0.979;4.09
0;1;4;1;1;0;1;0.979;4.11
6;3;4;0;1;0;1;0.979;4.13
5;5;0;1;1;0;1;0.979;4.14
0;2;0;1;1;1;1;0.979;4.15
6;4;4;1;1;1;0;0.979;4.15
0;0;4;1;1;0;1;0.979;4.17
0;1;5;1;0;0;0;0.979;4.17
4;5;4;1;0;1;1;0.979;4.18
5;1;4;1;1;0;0;0.979;4.18
6;3;4;1;1;0;0;0.979;4.2
6;3;0;1;1;0;1;0.979;4.23
5;1;0;1;1;1;1;0.979;4.24
5;5;0;1;1;1;0;0.979;4.26
0;0;0;1;1;0;1;0.979;4.28
0;1;5;1;0;1;0;0.979;4.28
0;2;5;0;0;1;1;0.979;4.31
5;1;4;1;1;1;1;0.979;4.33
0;0;4;1;1;1;1;0.979;4.34
5;2;4;1;1;1;0;0.979;4.35
5;2;0;1;1;1;1;0.979;4.36
5;1;4;1;1;0;1;0.979;4.38
5;1;4;1;1;1;0;0.979;4.38
5;2;0;1;1;1;0;0.979;4.41
0;1;5;1;0;1;1;0.979;4.42
5;2;4;1;1;1;1;0.979;4.53
5;5;0;1;1;1;1;0.979;4.54
5;1;0;1;1;0;0;0.979;4.56
5;1;5;1;0;0;1;0.979;4.65
6;3;0;1;1;0;0;0.979;4.7
5;5;0;1;1;0;0;0.979;4.71
4;5;5;1;1;1;0;0.979;4.72
0;0;0;1;1;1;0;0.979;4.86
6;4;0;1;1;0;0;0.979;4.87
0;5;4;0;1;1;1;0.979;4.9
6;3;4;0;1;1;0;0.979;4.91
0;5;4;1;1;0;1;0.979;4.95
4;5;5;2;1;0;0;0.979;4.95
5;5;4;0;1;0;0;0.979;5.04
6;3;4;1;1;0;1;0.979;5.06
5;2;5;1;0;1;1;0.979;5.15
0;5;5;1;0;0;0;0.979;5.17
4;1;5;0;1;0;0;0.979;5.18
6;4;5;1;0;1;0;0.979;5.29
0;2;5;1;0;1;0;0.979;5.34
4;5;5;0;1;1;1;0.979;5.34
4;0;5;2;1;0;0;0.979;5.36
6;1;5;0;1;1;0;0.979;5.38
0;5;5;1;0;0;1;0.979;5.39
6;4;4;1;1;1;1;0.979;5.42
5;2;4;0;1;0;1;0.979;5.48
0;0;5;1;0;0;0;0.979;5.49
4;2;5;0;1;0;0;0.979;5.49
0;0;5;1;0;1;0;0.979;5.5
6;4;5;1;0;0;0;0.979;5.52
0;2;5;1;0;1;1;0.979;5.55
5;2;5;0;0;0;0;0.979;5.57
6;3;5;1;0;1;1;0.979;5.57
6;3;5;1;0;0;1;0.979;5.58
5;1;5;1;0;1;0;0.979;5.61
0;5;5;1;0;1;0;0.979;5.64
6;4;5;1;0;0;1;0.979;5.64
6;3;5;1;0;0;0;0.979;5.65
5;5;5;1;0;1;0;0.979;5.66
0;5;5;1;0;1;1;0.979;5.67
5;2;5;1;0;1;0;0.979;5.67
4;0;5;1;1;0;0;0.979;5.69
0;0;5;1;0;1;1;0.979;5.71
4;1;5;0;1;0;1;0.979;5.73
4;1;5;1;1;0;0;0.979;5.74
5;2;5;1;0;0;0;0.979;5.76
5;5;4;0;1;1;1;0.979;5.78
5;1;5;1;0;1;1;0.979;5.81
0;2;5;0;0;0;1;0.979;5.84
5;2;5;1;0;0;1;0.979;5.85
5;1;5;1;0;0;0;0.979;5.88
4;5;4;0;0;1;0;0.979;5.9
4;0;5;1;1;1;0;0.979;5.9
5;2;4;0;1;0;0;0.979;5.9
4;5;5;1;1;0;1;0.979;5.93
5;5;5;0;0;0;0;0.979;5.96
0;2;4;0;1;1;1;0.979;6.0
4;0;5;2;1;1;0;0.979;6.02
5;2;4;0;1;1;0;0.979;6.02
4;0;5;1;1;0;1;0.979;6.03
4;5;5;1;1;0;0;0.979;6.05
0;5;4;0;1;1;0;0.979;6.08
4;0;5;1;1;1;1;0.979;6.12
5;2;4;0;1;1;1;0.979;6.19
4;5;5;2;1;1;0;0.979;6.2
4;5;5;2;1;0;1;0.979;6.26
6;3;5;1;0;1;0;0.979;6.32
4;5;4;0;0;1;1;0.979;6.38
4;0;5;2;1;0;1;0.979;6.42
4;2;5;2;1;0;1;0.979;6.54
5;5;5;0;0;0;1;0.979;6.55
6;3;5;0;0;0;0;0.979;6.55
0;0;5;1;0;0;1;0.979;6.56
4;0;5;2;1;1;1;0.979;6.56
0;5;4;0;1;0;0;0.979;6.58
4;5;5;2;1;1;1;0.979;6.7
4;0;4;0;0;0;0;0.979;6.71
5;2;5;0;0;1;1;0.979;6.75
6;4;5;1;0;1;1;0.979;6.83
4;0;4;0;0;1;1;0.979;6.89
4;2;5;2;1;0;0;0.979;6.9
6;3;4;0;1;0;0;0.979;6.92
4;2;5;2;1;1;0;0.979;6.96
6;3;4;0;1;1;1;0.979;6.97
4;2;4;0;0;0;0;0.979;6.99
4;2;4;0;0;1;0;0.979;7.07
5;5;5;0;0;1;0;0.979;7.17
4;2;5;2;1;1;1;0.979;7.18
4;0;4;0;0;1;0;0.979;7.22
4;2;4;0;0;1;1;0.979;7.27
4;5;4;0;0;0;0;0.979;7.3
4;0;4;0;0;0;1;0.979;7.41
6;3;5;0;0;0;1;0.979;7.47
4;2;4;0;0;0;1;0.979;7.51
6;0;5;0;1;1;1;0.979;7.6
4;1;5;0;1;1;0;0.979;7.62
4;5;5;0;1;1;0;0.979;7.68
4;5;4;0;0;0;1;0.979;7.79
6;1;5;0;1;0;1;0.979;7.81
6;4;5;0;0;0;0;0.979;7.89
6;1;4;0;0;1;0;0.979;7.9
6;1;4;0;0;0;1;0.979;7.93
6;4;5;0;0;1;0;0.979;7.96
6;0;4;0;0;1;1;0.979;7.97
6;1;4;0;0;1;1;0.979;8.03
6;3;5;0;0;1;0;0.979;8.05
6;4;5;0;0;1;1;0.979;8.1
6;1;4;0;0;0;0;0.979;8.15
4;2;5;0;1;0;1;0.979;8.2
6;4;5;0;0;0;1;0.979;8.24
4;2;5;0;1;1;0;0.979;8.27
6;1;5;0;1;0;0;0.979;8.37
6;3;5;0;0;1;1;0.979;8.39
5;5;5;0;0;1;1;0.979;8.44
6;1;5;0;1;1;1;0.979;8.76
0;5;4;0;1;0;1;0.979;9.02
4;0;5;0;1;0;0;0.979;9.14
4;2;5;0;1;1;1;0.979;9.16
4;5;5;0;1;0;0;0.979;9.32
4;0;5;0;1;1;0;0.979;9.51
4;5;5;0;1;0;1;0.979;9.72
4;0;5;0;1;0;1;0.979;9.76
4;0;5;0;1;1;1;0.979;9.87
4;1;5;0;1;1;1;0.979;9.94
6;0;5;0;1;0;0;0.979;10.29
6;0;5;0;1;0;1;0.979;10.76
6;0;5;0;1;1;0;0.979;11.26
6;1;0;2;0;0;0;0.9726;1.69
6;1;0;2;0;1;0;0.9726;1.71
6;1;0;2;0;1;1;0.9726;1.87
6;1;0;2;0;0;1;0.9726;2.35
0;1;0;2;0;1;1;0.9726;2.55
0;1;0;2;0;1;0;0.9726;3.16
5;1;0;2;0;1;0;0.9726;3.28
5;1;0;2;0;0;0;0.9726;3.3
0;1;0;2;0;0;0;0.9726;3.39
0;1;0;2;0;0;1;0.9726;3.4
5;1;0;2;0;1;1;0.9726;3.71
5;1;0;2;0;0;1;0.9726;3.8
0;1;4;2;0;0;0;0.9726;3.98
0;1;4;2;0;1;1;0.9726;4.05
0;0;4;2;0;1;1;0.9726;4.26
5;4;4;2;0;1;0;0.9726;5.33
0;1;4;2;0;1;0;0.9726;6.51
0;1;4;2;0;0;1;0.9726;6.89
5;4;4;2;0;0;0;0.9726;7.04
6;0;4;2;0;1;1;0.9726;7.16
0;0;4;2;0;0;0;0.9726;7.29
0;0;4;2;0;1;0;0.9726;7.39
6;0;4;2;0;0;0;0.9726;7.45
0;0;4;2;0;0;1;0.9726;7.58
6;0;4;2;0;1;0;0.9726;7.59
5;0;4;2;0;0;0;0.9726;7.68
5;4;4;2;0;0;1;0.9726;7.85
6;0;4;2;0;0;1;0.9726;7.93
5;4;4;2;0;1;1;0.9726;8.45
5;0;4;2;0;1;0;0.9726;8.48
5;0;4;2;0;0;1;0.9726;9.0
5;0;4;2;0;1;1;0.9726;9.26
5;3;4;2;0;1;1;0.9726;9.33
5;3;4;2;0;1;0;0.9726;9.96
5;3;4;2;0;0;1;0.9726;10.73
5;3;4;2;0;0;0;0.9726;11.76
6;4;4;2;1;0;0;0.9673;3.35
6;4;4;2;1;0;1;0.9673;3.49
6;4;4;2;1;1;0;0.9673;3.84
6;4;4;2;1;1;1;0.9673;3.91
6;3;0;2;1;0;1;0.9673;4.05
6;3;0;2;1;0;0;0.9673;4.33
6;3;5;2;0;1;1;0.9673;4.39
6;3;5;2;0;0;1;0.9673;4.45
6;3;0;2;1;1;0;0.9673;4.77
6;3;4;2;1;0;0;0.9673;5.0
6;4;5;2;0;0;0;0.9673;5.14
6;4;0;2;1;1;0;0.9673;5.61
6;3;4;2;1;1;0;0.9673;5.65
6;3;0;2;1;1;1;0.9673;5.93
6;4;0;2;1;0;1;0.9673;5.93
6;4;0;2;1;1;1;0.9673;5.94
6;4;5;2;0;1;1;0.9673;5.94
6;4;0;2;1;0;0;0.9673;6.0
6;4;5;2;0;1;0;0.9673;6.06
6;3;5;2;0;1;0;0.9673;6.21
6;3;4;2;1;0;1;0.9673;6.44
6;3;4;2;1;1;1;0.9673;6.56
6;3;5;2;0;0;0;0.9673;6.81
6;4;5;2;0;0;1;0.9673;7.97
0;0;1;2;0;1;0;0.9632;1.78
0;0;1;2;0;0;1;0.9632;1.91
0;0;1;2;0;1;1;0.9632;1.98
0;0;1;2;0;0;0;0.9632;2.32
6;0;1;2;0;0;1;0.9632;3.22
6;0;1;2;0;1;0;0.9632;3.29
6;0;1;2;0;1;1;0.9632;3.85
6;0;1;2;0;0;0;0.9632;4.01
1;3;3;1;0;1;0;0.9586;0.88
1;4;3;1;1;1;0;0.9586;1.05
1;2;3;1;1;1;0;0.9586;1.11
5;0;3;1;1;0;0;0.9586;1.22
1;2;3;1;1;1;1;0.9586;1.23
1;3;3;1;0;1;1;0.9586;1.29
1;4;3;1;1;1;1;0.9586;1.3
1;4;3;1;0;1;1;0.9586;1.37
5;5;3;1;1;1;0;0.9586;1.52
5;4;3;1;1;0;0;0.9586;1.59
1;1;3;1;1;1;0;0.9586;1.61
1;5;3;1;1;1;0;0.9586;1.63
1;0;3;1;0;1;0;0.9586;1.64
1;4;3;1;0;1;0;0.9586;1.65
1;5;3;1;0;1;0;0.9586;1.65
1;3;3;1;1;1;0;0.9586;1.66
1;1;3;1;0;1;0;0.9586;1.67
1;0;3;1;1;1;0;0.9586;1.7
5;4;3;1;1;1;0;0.9586;1.88
5;4;3;1;1;0;1;0.9586;1.93
1;2;3;1;0;1;1;0.9586;1.95
1;2;3;1;0;1;0;0.9586;1.96
5;0;3;1;1;1;0;0.9586;2.01
5;4;3;1;0;0;0;0.9586;2.09
5;0;3;1;0;0;0;0.9586;2.17
5;3;3;1;1;0;0;0.9586;2.17
1;0;3;1;0;1;1;0.9586;2.2
5;5;3;1;1;0;0;0.9586;2.2
5;5;3;1;1;0;1;0.9586;2.22
5;4;3;1;0;1;0;0.9586;2.3
1;0;3;1;1;1;1;0.9586;2.34
1;1;3;1;0;1;1;0.9586;2.36
1;3;3;1;1;1;1;0.9586;2.36
1;5;3;1;1;1;1;0.9586;2.36
5;5;3;1;0;0;0;0.9586;2.41
5;5;3;1;0;0;1;0.9586;2.41
5;0;3;1;0;1;0;0.9586;2.42
5;4;3;1;0;1;1;0.9586;2.42
1;1;3;1;1;1;1;0.9586;2.44
5;3;3;1;0;1;0;0.9586;2.44
5;5;3;1;0;1;1;0.9586;2.44
5;2;3;1;1;1;0;0.9586;2.47
1;5;3;1;0;1;1;0.9586;2.6
5;3;3;1;0;0;0;0.9586;2.64
5;5;3;1;0;1;0;0.9586;2.64
5;5;3;1;1;1;1;0.9586;2.68
5;4;3;1;0;0;1;0.9586;2.69
5;0;3;1;1;0;1;0.9586;2.81
5;0;3;1;1;1;1;0.9586;2.82
5;2;3;1;0;1;0;0.9586;2.85
5;0;3;1;0;1;1;0.9586;2.86
5;3;3;1;1;0;1;0.9586;2.87
5;4;3;1;1;1;1;0.9586;2.87
5;2;3;1;1;0;0;0.9586;2.93
5;3;3;1;1;1;0;0.9586;3.02
5;0;3;1;0;0;1;0.9586;3.21
5;3;3;1;0;1;1;0.9586;3.44
5;2;3;1;1;1;1;0.9586;3.68
5;3;3;1;0;0;1;0.9586;3.86
5;2;3;1;0;1;1;0.9586;3.9
5;2;3;1;0;0;0;0.9586;3.96
5;2;3;1;1;0;1;0.9586;4.22
5;2;3;1;0;0;1;0.9586;4.46
5;3;3;1;1;1;1;0.9586;4.94
1;2;0;1;0;1;0;0.9555;0.84
1;2;0;1;0;0;0;0.9555;0.85
1;2;0;1;0;0;1;0.9555;0.94
1;2;0;1;0;1;1;0.9555;0.96
1;0;0;1;0;0;0;0.9555;1.07
1;1;0;1;0;0;0;0.9555;1.17
1;0;0;1;0;1;1;0.9555;1.19
1;0;0;1;0;0;1;0.9555;1.32
1;0;0;1;0;1;0;0.9555;1.45
1;5;0;1;0;0;0;0.9555;1.56
1;5;0;1;0;1;0;0.9555;1.62
1;1;0;1;0;0;1;0.9555;1.63
1;3;0;1;0;0;0;0.9555;1.65
1;3;0;1;0;1;0;0.9555;1.68
1;3;0;1;0;1;1;0.9555;1.72
1;4;0;1;0;1;1;0.9555;1.74
1;1;0;1;0;1;0;0.9555;1.75
1;5;0;1;0;0;1;0.9555;1.78
1;1;4;1;0;0;0;0.9555;1.78
1;1;4;1;0;0;1;0.9555;1.81
1;5;0;1;0;1;1;0.9555;1.82
1;3;0;1;0;0;1;0.9555;1.86
1;4;0;1;0;1;0;0.9555;1.89
1;4;0;1;0;0;0;0.9555;1.9
1;1;4;1;0;1;0;0.9555;1.91
1;1;0;1;0;1;1;0.9555;1.94
1;4;0;1;0;0;1;0.9555;2.1
1;4;4;1;0;0;0;0.9555;2.15
1;4;4;1;0;1;0;0.9555;2.21
1;3;4;1;0;0;0;0.9555;2.44
1;4;4;1;0;1;1;0.9555;2.86
1;0;4;1;0;0;0;0.9555;2.96
1;5;4;1;0;0;0;0.9555;2.97
1;2;5;1;1;1;1;0.9555;2.98
1;0;4;1;0;1;0;0.9555;3.0
1;4;5;2;1;1;1;0.9555;3.01
1;4;4;1;0;0;1;0.9555;3.06
1;0;4;1;0;0;1;0.9555;3.18
1;2;4;1;0;1;0;0.9555;3.21
1;0;5;2;1;1;1;0.9555;3.25
1;3;4;1;0;1;1;0.9555;3.31
1;2;4;1;0;0;0;0.9555;3.33
1;3;4;1;0;1;0;0.9555;3.34
1;5;4;1;0;1;0;0.9555;3.36
1;4;5;2;1;1;0;0.9555;3.47
1;1;4;1;0;1;1;0.9555;3.53
1;0;5;1;1;1;1;0.9555;3.54
1;0;5;1;1;1;0;0.9555;3.58
1;0;5;2;1;1;0;0.9555;3.6
1;5;4;1;0;0;1;0.9555;3.66
1;2;4;1;0;1;1;0.9555;3.71
1;2;5;1;1;1;0;0.9555;3.89
1;2;4;1;0;0;1;0.9555;4.0
1;3;4;1;0;0;1;0.9555;4.27
1;5;4;1;0;1;1;0.9555;4.31
1;2;5;1;1;0;0;0.9555;4.34
1;5;5;2;1;0;0;0.9555;4.51
1;4;5;1;1;0;1;0.9555;4.6
1;0;4;1;0;1;1;0.9555;4.66
1;3;5;1;1;1;1;0.9555;4.73
1;5;5;2;1;0;1;0.9555;4.74
1;3;5;2;1;1;1;0.9555;4.84
1;1;5;2;1;0;1;0.9555;4.96
1;4;5;2;1;0;1;0.9555;4.96
1;1;5;2;1;0;0;0.9555;5.1
1;3;5;1;1;0;0;0.9555;5.15
1;0;5;2;1;0;1;0.9555;5.24
1;4;5;2;1;0;0;0.9555;5.29
1;0;5;1;1;0;0;0.9555;5.33
1;4;5;1;1;0;0;0.9555;5.33
1;1;5;2;1;1;0;0.9555;5.44
1;1;5;1;1;0;0;0.9555;5.46
1;5;5;1;1;0;1;0.9555;5.47
1;5;5;1;1;0;0;0.9555;5.51
1;3;5;2;1;1;0;0.9555;5.52
1;4;5;1;1;1;0;0.9555;5.53
1;5;5;2;1;1;0;0.9555;5.57
1;1;5;1;1;0;1;0.9555;5.62
1;4;5;1;1;1;1;0.9555;5.62
1;0;5;1;1;0;1;0.9555;5.63
1;5;5;1;1;1;0;0.9555;5.64
1;5;5;2;1;1;1;0.9555;5.65
1;1;5;2;1;1;1;0.9555;5.71
1;3;5;2;1;0;0;0.9555;5.71
1;5;5;1;1;1;1;0.9555;5.72
1;1;5;1;1;1;1;0.9555;5.74
1;2;5;2;1;0;0;0.9555;5.76
1;1;5;1;1;1;0;0.9555;5.95
1;2;5;1;1;0;1;0.9555;6.0
1;3;5;2;1;0;1;0.9555;6.06
1;3;5;1;1;1;0;0.9555;6.09
1;0;5;2;1;0;0;0.9555;6.5
1;2;5;2;1;1;1;0.9555;6.73
1;2;5;2;1;0;1;0.9555;7.16
1;3;5;1;1;0;1;0.9555;7.57
1;2;5;2;1;1;0;0.9555;9.29
3;2;1;1;0;1;1;0.9553;1.16
3;1;1;1;0;1;0;0.9553;2.02
3;2;1;1;0;0;1;0.9553;2.03
3;1;1;1;0;0;0;0.9553;2.04
3;1;1;1;0;0;1;0.9553;2.06
3;5;1;1;0;1;0;0.9553;2.18
3;1;1;1;0;1;1;0.9553;2.24
3;2;1;1;0;1;0;0.9553;2.32
3;5;1;1;0;0;1;0.9553;2.33
3;5;1;1;0;1;1;0.9553;2.39
3;2;1;1;0;0;0;0.9553;2.43
3;5;1;1;0;0;0;0.9553;2.78
1;0;0;2;1;1;1;0.9539;3.14
1;0;0;2;1;1;0;0.9539;3.2
1;1;0;2;1;0;0;0.9539;3.33
1;1;4;2;1;0;0;0.9539;3.43
1;1;4;2;1;0;1;0.9539;3.63
1;3;0;2;1;0;0;0.9539;3.66
1;4;0;2;1;0;0;0.9539;3.74
1;0;5;2;0;1;0;0.9539;3.97
1;3;0;2;1;0;1;0.9539;4.21
1;0;5;2;0;1;1;0.9539;4.27
1;4;0;2;1;0;1;0.9539;4.39
1;0;5;2;0;0;0;0.9539;4.65
1;4;4;2;1;0;1;0.9539;4.72
1;5;0;2;1;1;0;0.9539;4.78
1;0;5;2;0;0;1;0.9539;4.79
1;4;4;2;1;1;0;0.9539;4.95
1;2;5;2;0;0;0;0.9539;5.03
1;3;4;2;1;0;0;0.9539;5.26
1;2;0;2;1;0;0;0.9539;5.38
1;4;5;2;0;0;0;0.9539;5.39
1;1;4;2;1;1;0;0.9539;5.42
1;5;0;2;1;0;1;0.9539;5.45
1;1;0;2;1;1;1;0.9539;5.47
1;1;0;2;1;1;0;0.9539;5.52
1;5;4;2;1;0;0;0.9539;5.69
1;2;0;2;1;0;1;0.9539;5.75
1;3;0;2;1;1;0;0.9539;5.77
1;4;4;2;1;0;0;0.9539;5.8
1;5;0;2;1;1;1;0.9539;5.82
1;1;0;2;1;0;1;0.9539;5.93
1;2;4;2;1;0;1;0.9539;5.95
1;4;0;2;1;1;1;0.9539;5.99
1;2;0;2;1;1;0;0.9539;6.05
1;4;0;2;1;1;0;0.9539;6.09
1;3;4;2;1;0;1;0.9539;6.1
1;0;0;2;1;0;1;0.9539;6.12
1;2;0;2;1;1;1;0.9539;6.19
1;2;5;2;0;0;1;0.9539;6.24
1;0;4;2;1;0;0;0.9539;6.28
1;5;0;2;1;0;0;0.9539;6.31
1;2;4;2;1;0;0;0.9539;6.34
1;3;0;2;1;1;1;0.9539;6.39
1;3;5;2;0;0;1;0.9539;6.41
1;5;5;2;0;1;1;0.9539;6.51
1;1;4;2;1;1;1;0.9539;6.57
1;3;4;2;1;1;0;0.9539;6.59
1;4;4;2;1;1;1;0.9539;6.61
1;0;4;2;1;0;1;0.9539;6.77
1;4;5;2;0;0;1;0.9539;6.98
1;5;4;2;1;0;1;0.9539;7.02
1;0;0;2;1;0;0;0.9539;7.04
1;0;4;2;1;1;0;0.9539;7.08
1;5;4;2;1;1;0;0.9539;7.08
1;0;4;2;1;1;1;0.9539;7.19
1;1;5;2;0;1;1;0.9539;7.45
1;5;5;2;0;0;0;0.9539;7.53
1;1;5;2;0;0;0;0.9539;7.58
1;4;5;2;0;1;0;0.9539;7.63
1;1;5;2;0;0;1;0.9539;7.65
1;5;5;2;0;1;0;0.9539;7.65
1;1;5;2;0;1;0;0.9539;7.76
1;5;5;2;0;0;1;0.9539;7.79
1;4;5;2;0;1;1;0.9539;7.8
1;3;5;2;0;1;0;0.9539;7.81
1;3;5;2;0;0;0;0.9539;7.92
1;3;4;2;1;1;1;0.9539;7.97
1;2;4;2;1;1;0;0.9539;8.36
1;5;4;2;1;1;1;0.9539;8.44
1;3;5;2;0;1;1;0.9539;8.56
1;2;5;2;0;1;1;0.9539;8.81
1;2;4;2;1;1;1;0.9539;9.41
1;2;5;2;0;1;0;0.9539;9.73
0;3;0;2;1;1;1;0.9508;4.36
0;4;0;2;1;1;1;0.9508;4.41
0;3;5;2;0;0;1;0.9508;4.62
0;3;0;2;1;0;1;0.9508;4.95
0;4;0;2;1;0;1;0.9508;5.12
0;3;4;2;1;0;1;0.9508;5.81
0;3;4;2;1;1;1;0.9508;6.0
0;4;5;2;0;1;1;0.9508;6.0
0;4;4;2;1;1;1;0.9508;6.26
0;4;4;2;1;0;1;0.9508;6.42
0;4;5;2;0;0;1;0.9508;8.11
0;3;5;2;0;1;1;0.9508;10.44
6;1;4;2;0;1;0;0.9507;5.51
6;1;4;2;0;1;1;0.9507;6.75
6;1;4;2;0;0;1;0.9507;7.16
6;1;4;2;0;0;0;0.9507;7.47
3;5;4;1;0;1;0;0.9474;1.66
3;5;4;1;0;1;1;0.9474;2.01
0;4;4;1;1;0;0;0.9474;2.14
0;4;4;1;1;1;1;0.9474;2.29
5;3;4;1;1;1;0;0.9474;2.29
3;4;4;1;0;1;0;0.9474;2.41
0;4;0;1;1;0;0;0.9474;2.46
0;4;4;1;1;0;1;0.9474;2.5
0;4;0;1;1;1;1;0.9474;2.59
0;4;0;1;1;1;0;0.9474;2.6
0;4;4;1;1;1;0;0.9474;2.6
0;3;0;1;1;0;0;0.9474;2.63
3;0;5;2;1;0;0;0.9474;2.64
3;0;5;1;1;0;0;0.9474;2.69
0;3;0;1;1;1;0;0.9474;2.75
3;0;5;1;1;0;1;0.9474;2.76
3;0;5;1;1;1;0;0.9474;2.76
3;5;4;1;0;0;1;0.9474;2.77
5;4;0;1;1;1;1;0.9474;2.77
3;4;4;1;0;0;1;0.9474;2.79
3;5;4;1;0;0;0;0.9474;2.83
3;0;5;2;1;1;0;0.9474;2.83
3;0;4;1;0;0;0;0.9474;2.85
3;4;4;1;0;0;0;0.9474;2.85
5;3;4;1;1;1;1;0.9474;2.88
0;3;0;1;1;0;1;0.9474;2.92
3;2;4;1;0;1;0;0.9474;2.95
0;4;4;0;1;0;0;0.9474;2.96
3;0;4;1;0;1;0;0.9474;3.01
5;4;0;1;1;1;0;0.9474;3.03
3;2;4;1;0;0;0;0.9474;3.05
3;2;4;1;0;0;1;0.9474;3.05
3;1;5;2;1;0;0;0.9474;3.06
3;1;4;1;0;0;0;0.9474;3.07
3;0;4;1;0;0;1;0.9474;3.08
3;2;4;0;0;0;1;0.9474;3.08
3;4;4;0;0;1;0;0.9474;3.09
5;3;4;1;1;0;1;0.9474;3.11
4;3;5;2;1;1;1;0.9474;3.12
3;4;4;0;0;0;0;0.9474;3.13
3;2;4;0;0;1;0;0.9474;3.14
3;3;4;1;0;1;0;0.9474;3.14
3;3;4;1;0;0;0;0.9474;3.15
3;5;4;0;0;1;0;0.9474;3.16
3;0;4;1;0;1;1;0.9474;3.18
3;0;5;2;1;0;1;0.9474;3.18
3;1;4;0;0;0;0;0.9474;3.19
3;4;4;0;0;1;1;0.9474;3.23
3;4;4;1;0;1;1;0.9474;3.23
3;3;4;1;0;0;1;0.9474;3.24
5;4;4;0;1;0;0;0.9474;3.25
5;4;4;0;1;0;1;0.9474;3.25
3;1;4;1;0;0;1;0.9474;3.27
3;2;4;0;0;1;1;0.9474;3.3
3;1;4;1;0;1;0;0.9474;3.36
3;3;4;1;0;1;1;0.9474;3.37
0;4;0;1;1;0;1;0.9474;3.48
5;4;4;1;1;1;0;0.9474;3.49
4;3;5;2;1;1;0;0.9474;3.51
3;2;4;1;0;1;1;0.9474;3.56
5;0;5;1;0;1;1;0.9474;3.56
3;1;4;1;0;1;1;0.9474;3.57
3;4;5;2;1;0;1;0.9474;3.6
5;4;4;1;1;0;0;0.9474;3.6
6;5;4;0;0;0;1;0.9474;3.6
6;5;4;0;0;1;0;0.9474;3.6
0;3;0;1;1;1;1;0.9474;3.62
0;3;0;0;1;0;0;0.9474;3.63
3;2;4;0;0;0;0;0.9474;3.7
3;2;5;2;1;0;0;0.9474;3.71
6;5;4;0;0;0;0;0.9474;3.71
5;3;4;0;1;0;1;0.9474;3.81
5;3;4;1;1;0;0;0.9474;3.84
0;3;4;1;1;0;0;0.9474;3.88
5;4;0;1;1;0;0;0.9474;3.92
5;3;4;0;1;0;0;0.9474;3.95
0;3;0;0;1;0;1;0.9474;4.01
5;0;4;1;1;1;1;0.9474;4.04
3;1;4;0;0;0;1;0.9474;4.05
3;4;5;1;1;0;0;0.9474;4.07
0;4;5;1;0;0;0;0.9474;4.14
0;4;5;1;0;1;1;0.9474;4.19
5;4;4;1;1;1;1;0.9474;4.2
3;5;5;0;1;0;1;0.9474;4.22
3;0;4;0;0;0;0;0.9474;4.24
5;0;4;1;1;0;0;0.9474;4.26
5;3;0;1;1;1;1;0.9474;4.3
5;3;5;1;0;1;0;0.9474;4.3
4;4;5;1;1;1;1;0.9474;4.34
0;3;4;1;1;1;0;0.9474;4.35
3;0;4;0;0;0;1;0.9474;4.41
3;2;5;1;1;0;0;0.9474;4.45
5;0;0;1;1;1;0;0.9474;4.46
0;3;4;1;1;1;1;0.9474;4.47
5;4;4;0;1;1;0;0.9474;4.51
0;3;4;1;1;0;1;0.9474;4.53
5;4;0;1;1;0;1;0.9474;4.53
5;4;5;1;0;1;1;0.9474;4.53
5;0;4;1;1;1;0;0.9474;4.54
0;4;0;0;1;1;0;0.9474;4.56
5;0;4;1;1;0;1;0.9474;4.57
0;4;4;0;1;0;1;0.9474;4.61
5;3;4;0;1;1;0;0.9474;4.62
5;0;0;1;1;0;1;0.9474;4.63
0;3;0;0;1;1;1;0.9474;4.67
3;1;5;1;1;0;0;0.9474;4.7
3;5;5;2;1;1;0;0.9474;4.74
3;5;5;1;1;0;0;0.9474;4.78
3;4;5;0;1;1;0;0.9474;4.82
3;2;5;2;1;1;0;0.9474;4.83
3;5;4;0;0;0;0;0.9474;4.84
3;0;5;1;1;1;1;0.9474;4.86
5;3;0;1;1;1;0;0.9474;4.91
3;5;4;0;0;1;1;0.9474;4.92
0;3;5;0;0;0;1;0.9474;4.99
5;3;0;1;1;0;1;0.9474;4.99
0;4;5;1;0;0;1;0.9474;5.0
3;5;5;1;1;1;0;0.9474;5.0
3;2;5;1;1;1;0;0.9474;5.04
6;2;4;0;0;0;0;0.9474;5.05
5;4;4;1;1;0;1;0.9474;5.09
0;3;5;0;0;0;0;0.9474;5.13
3;1;5;1;1;1;0;0.9474;5.16
3;0;5;2;1;1;1;0.9474;5.18
5;4;5;1;0;0;1;0.9474;5.19
3;1;5;1;1;1;1;0.9474;5.2
3;5;5;2;1;0;1;0.9474;5.2
3;2;5;1;1;1;1;0.9474;5.22
5;3;0;0;1;0;0;0.9474;5.22
5;3;0;1;1;0;0;0.9474;5.22
3;1;5;1;1;0;1;0.9474;5.23
3;3;5;1;1;0;1;0.9474;5.24
3;3;5;2;1;0;0;0.9474;5.24
3;5;4;0;0;0;1;0.9474;5.25
3;3;5;1;1;0;0;0.9474;5.25
3;3;5;2;1;1;1;0.9474;5.27
2;0;0;1;1;0;0;0.9474;5.28
3;4;5;2;1;1;0;0.9474;5.29
3;2;5;1;1;0;1;0.9474;5.3
3;2;5;2;1;1;1;0.9474;5.3
3;4;5;1;1;1;0;0.9474;5.3
3;5;5;2;1;0;0;0.9474;5.3
3;3;5;1;1;1;1;0.9474;5.31
5;4;5;1;0;0;0;0.9474;5.32
3;4;5;2;1;0;0;0.9474;5.35
3;3;5;2;1;1;0;0.9474;5.37
3;1;5;2;1;1;0;0.9474;5.38
3;4;4;0;0;0;1;0.9474;5.39
6;5;4;0;0;1;1;0.9474;5.42
5;3;0;0;1;0;1;0.9474;5.43
0;4;0;0;1;0;1;0.9474;5.45
3;3;5;2;1;0;1;0.9474;5.45
3;5;5;1;1;0;1;0.9474;5.45
6;5;5;0;1;1;1;0.9474;5.46
5;3;5;1;0;0;0;0.9474;5.49
3;1;4;0;0;1;0;0.9474;5.51
5;3;5;1;0;0;1;0.9474;5.51
5;4;0;0;1;0;0;0.9474;5.52
3;3;4;0;0;1;0;0.9474;5.55
5;4;4;0;1;1;1;0.9474;5.56
5;0;0;1;1;1;1;0.9474;5.57
0;4;0;0;1;0;0;0.9474;5.6
4;3;5;2;1;0;0;0.9474;5.6
0;4;0;0;1;1;1;0.9474;5.63
3;4;5;1;1;1;1;0.9474;5.66
5;0;5;1;0;0;0;0.9474;5.68
4;4;5;1;1;0;0;0.9474;5.69
0;4;4;0;1;1;0;0.9474;5.7
4;4;5;2;1;0;0;0.9474;5.71
5;3;0;0;1;1;0;0.9474;5.72
3;1;5;2;1;0;1;0.9474;5.73
5;4;0;0;1;1;0;0.9474;5.73
0;3;4;0;1;1;0;0.9474;5.77
4;3;5;1;1;1;0;0.9474;5.77
3;5;5;1;1;1;1;0.9474;5.78
6;2;4;0;0;0;1;0.9474;5.78
0;3;4;0;1;0;0;0.9474;5.8
3;3;4;0;0;0;0;0.9474;5.8
3;2;5;2;1;0;1;0.9474;5.8
4;4;5;2;1;0;1;0.9474;5.8
3;4;5;0;1;0;1;0.9474;5.81
5;4;5;1;0;1;0;0.9474;5.81
0;4;5;1;0;1;0;0.9474;5.84
4;4;5;2;1;1;0;0.9474;5.85
0;3;4;0;1;1;1;0.9474;5.89
4;3;5;1;1;0;1;0.9474;5.9
4;4;5;1;1;0;1;0.9474;5.9
5;4;0;0;1;0;1;0.9474;5.9
6;2;4;0;0;1;1;0.9474;5.9
4;4;5;1;1;1;0;0.9474;5.91
3;4;5;1;1;0;1;0.9474;5.92
0;4;4;0;1;1;1;0.9474;5.93
3;0;4;0;0;1;0;0.9474;5.94
5;3;0;0;1;1;1;0.9474;5.94
0;3;5;1;0;1;1;0.9474;5.95
0;3;5;1;0;1;0;0.9474;5.96
4;3;5;1;1;0;0;0.9474;5.96
4;3;5;2;1;0;1;0.9474;5.97
0;3;4;0;1;0;1;0.9474;6.01
3;4;5;2;1;1;1;0.9474;6.03
4;4;5;2;1;1;1;0.9474;6.04
5;0;0;1;1;0;0;0.9474;6.05
4;3;5;1;1;1;1;0.9474;6.07
5;3;5;1;0;1;1;0.9474;6.07
5;4;0;0;1;1;1;0.9474;6.08
5;3;4;0;1;1;1;0.9474;6.14
3;0;4;0;0;1;1;0.9474;6.19
3;3;4;0;0;1;1;0.9474;6.21
3;1;5;2;1;1;1;0.9474;6.22
6;2;5;0;1;1;0;0.9474;6.25
5;4;5;0;0;0;0;0.9474;6.28
3;0;5;0;1;1;1;0.9474;6.4
6;2;5;0;1;1;1;0.9474;6.41
3;4;5;0;1;0;0;0.9474;6.43
3;4;5;0;1;1;1;0.9474;6.5
6;5;5;0;1;0;0;0.9474;6.51
5;4;5;0;0;0;1;0.9474;6.62
3;3;5;1;1;1;0;0.9474;6.71
3;5;5;0;1;0;0;0.9474;6.71
3;3;4;0;0;0;1;0.9474;6.74
0;3;5;1;0;0;0;0.9474;6.75
2;0;0;1;1;1;0;0.9474;6.81
3;0;5;0;1;0;1;0.9474;6.81
3;1;4;0;0;1;1;0.9474;6.85
4;3;5;0;1;1;1;0.9474;6.9
3;5;5;0;1;1;0;0.9474;6.92
5;4;5;0;0;1;0;0.9474;6.94
3;5;5;2;1;1;1;0.9474;6.95
5;4;5;0;0;1;1;0.9474;7.0
3;3;5;0;1;0;1;0.9474;7.03
6;5;5;0;1;0;1;0.9474;7.03
0;3;5;0;0;1;0;0.9474;7.12
5;3;5;0;0;0;0;0.9474;7.18
2;0;1;1;1;1;0;0.9474;7.25
5;3;5;0;0;1;0;0.9474;7.29
6;2;4;0;0;1;0;0.9474;7.36
6;2;5;0;1;0;1;0.9474;7.52
5;3;5;0;0;1;1;0.9474;7.53
2;0;1;1;1;0;1;0.9474;7.54
5;3;5;0;0;0;1;0.9474;7.54
3;3;5;0;1;0;0;0.9474;7.7
2;0;0;1;1;1;1;0.9474;7.71
3;0;5;0;1;0;0;0.9474;7.71
0;3;5;1;0;0;1;0.9474;7.88
0;3;0;0;1;1;0;0.9474;7.91
3;5;5;0;1;1;1;0.9474;7.98
2;0;1;1;1;0;0;0.9474;8.07
2;0;0;1;1;0;1;0.9474;8.27
3;3;5;0;1;1;0;0.9474;8.33
3;0;5;0;1;1;0;0.9474;8.34
3;3;5;0;1;1;1;0.9474;8.4
5;0;5;1;0;0;1;0.9474;8.4
2;0;1;1;1;1;1;0.9474;8.54
4;3;5;0;1;0;0;0.9474;8.69
4;3;5;0;1;1;0;0.9474;8.75
0;4;5;0;0;0;0;0.9474;8.78
4;4;5;0;1;0;0;0.9474;8.83
4;4;5;0;1;1;0;0.9474;8.9
0;4;5;0;0;1;0;0.9474;8.96
4;4;5;0;1;0;1;0.9474;9.01
3;2;5;0;1;1;0;0.9474;9.04
3;2;5;0;1;0;0;0.9474;9.08
6;5;5;0;1;1;0;0.9474;9.11
4;4;5;0;1;1;1;0.9474;9.15
4;3;5;0;1;0;1;0.9474;9.18
0;4;5;0;0;0;1;0.9474;9.31
0;4;5;0;0;1;1;0.9474;9.35
6;2;5;0;1;0;0;0.9474;9.49
3;2;5;0;1;1;1;0.9474;9.58
5;0;5;1;0;1;0;0.9474;9.87
3;1;5;0;1;1;1;0.9474;10.39
3;2;5;0;1;0;1;0.9474;10.64
3;1;5;0;1;0;1;0.9474;11.13
0;3;5;0;0;1;1;0.9474;11.6
3;1;5;0;1;0;0;0.9474;12.72
3;1;5;0;1;1;0;0.9474;13.26
1;5;1;2;1;0;0;0.9467;2.99
1;0;1;2;1;1;0;0.9467;3.19
1;0;1;2;1;1;1;0.9467;3.36
1;1;1;2;1;1;1;0.9467;3.38
1;1;1;2;1;0;1;0.9467;3.46
1;5;1;2;1;0;1;0.9467;3.58
1;1;1;2;1;0;0;0.9467;3.64
1;5;1;2;1;1;0;0.9467;4.35
1;1;1;2;1;1;0;0.9467;4.75
1;4;1;2;1;0;0;0.9467;5.03
1;0;1;2;1;0;1;0.9467;5.05
1;0;1;2;1;0;0;0.9467;5.74
1;2;1;2;1;0;0;0.9467;5.78
1;3;1;2;1;1;1;0.9467;6.18
1;4;1;2;1;1;1;0.9467;6.24
1;5;1;2;1;1;1;0.9467;6.25
1;3;1;2;1;1;0;0.9467;6.35
1;4;1;2;1;1;0;0.9467;6.39
1;2;1;2;1;1;0;0.9467;6.4
1;2;1;2;1;0;1;0.9467;6.45
1;2;1;2;1;1;1;0.9467;6.49
1;4;1;2;1;0;1;0.9467;6.55
1;3;1;2;1;0;0;0.9467;6.64
1;3;1;2;1;0;1;0.9467;7.86
1;2;0;0;1;0;0;0.9445;2.98
1;2;0;0;1;1;1;0.9445;3.55
1;1;0;0;1;0;0;0.9445;3.77
1;1;0;0;1;0;1;0.9445;3.98
1;1;0;0;1;1;1;0.9445;4.18
1;2;0;0;1;1;0;0.9445;4.56
1;2;0;0;1;0;1;0.9445;4.78
1;0;0;0;1;1;1;0.9445;5.61
1;3;0;0;1;0;0;0.9445;5.7
1;5;0;0;1;0;0;0.9445;5.73
1;0;0;0;1;1;0;0.9445;5.89
1;5;0;0;1;0;1;0.9445;5.89
1;0;0;0;1;0;1;0.9445;6.03
1;5;0;0;1;1;1;0.9445;6.1
1;5;0;0;1;1;0;0.9445;6.21
1;4;0;0;1;1;0;0.9445;6.24
1;3;0;0;1;0;1;0.9445;6.28
1;3;0;0;1;1;0;0.9445;6.39
1;0;0;0;1;0;0;0.9445;6.44
1;3;0;0;1;1;1;0.9445;6.47
1;1;0;0;1;1;0;0.9445;6.66
1;4;0;0;1;0;0;0.9445;7.02
1;4;0;0;1;1;1;0.9445;8.08
1;4;0;0;1;0;1;0.9445;8.59
3;1;4;2;0;1;0;0.9417;3.09
5;4;4;2;1;1;0;0.9417;3.09
3;1;4;2;0;0;0;0.9417;3.16
3;1;4;2;0;1;1;0.9417;3.64
3;1;4;2;0;0;1;0.9417;4.45
5;4;4;2;1;1;1;0.9417;4.5
5;4;0;2;1;1;1;0.9417;4.66
5;4;4;2;1;0;1;0.9417;4.7
5;3;4;2;1;0;0;0.9417;4.79
5;3;4;2;1;1;1;0.9417;4.91
3;0;4;2;0;1;1;0.9417;5.11
5;4;5;2;0;0;0;0.9417;5.16
5;4;0;2;1;0;0;0.9417;5.18
5;3;5;2;0;0;0;0.9417;5.18
5;3;0;2;1;0;0;0.9417;5.19
5;4;0;2;1;1;0;0.9417;5.58
5;3;0;2;1;1;1;0.9417;5.82
3;0;4;2;0;1;0;0.9417;5.83
5;3;0;2;1;1;0;0.9417;5.84
5;3;0;2;1;0;1;0.9417;5.88
5;4;0;2;1;0;1;0.9417;5.89
5;4;4;2;1;0;0;0.9417;6.04
3;0;4;2;0;0;1;0.9417;6.08
3;0;4;2;0;0;0;0.9417;6.13
5;3;4;2;1;1;0;0.9417;6.2
5;3;5;2;0;1;0;0.9417;6.31
5;3;4;2;1;0;1;0.9417;6.56
5;4;5;2;0;0;1;0.9417;6.57
5;3;5;2;0;0;1;0.9417;7.37
5;3;5;2;0;1;1;0.9417;8.33
5;4;5;2;0;1;1;0.9417;8.48
5;4;5;2;0;1;0;0.9417;8.77
3;1;0;0;0;0;0;0.937;1.76
6;1;0;0;0;1;0;0.937;1.9
6;1;0;0;0;0;0;0.937;1.98
6;1;0;0;0;0;1;0.937;2.03
3;1;0;0;0;1;0;0.937;2.39
3;1;0;0;0;0;1;0.937;2.57
5;1;0;0;0;1;0;0.937;2.61
6;1;0;0;0;1;1;0.937;2.87
0;1;0;0;0;0;1;0.937;2.95
3;0;0;0;0;1;1;0.937;2.96
4;5;0;0;1;0;0;0.937;3.13
6;0;0;0;1;0;0;0.937;3.16
4;1;0;0;1;0;0;0.937;3.23
4;4;0;0;1;1;0;0.937;3.24
0;1;0;0;0;0;0;0.937;3.25
4;1;0;0;1;1;0;0.937;3.29
5;1;0;0;0;1;1;0.937;3.3
0;1;0;0;0;1;0;0.937;3.31
5;1;0;0;0;0;0;0.937;3.33
4;2;0;0;1;0;1;0.937;3.36
3;1;0;0;1;1;0;0.937;3.37
3;1;0;0;1;0;1;0.937;3.39
6;0;4;0;1;0;1;0.937;3.41
3;0;0;0;0;1;0;0.937;3.44
4;5;0;0;1;1;0;0.937;3.47
3;0;0;0;0;0;0;0.937;3.48
3;1;0;0;0;1;1;0.937;3.64
4;2;0;0;1;0;0;0.937;3.65
0;3;4;0;0;1;0;0.937;3.67
3;1;0;0;1;1;1;0.937;3.71
4;4;0;0;1;1;1;0.937;3.71
3;0;0;0;1;1;0;0.937;3.78
0;4;4;0;0;1;0;0.937;3.84
3;0;0;0;0;0;1;0.937;3.88
6;0;0;0;1;0;1;0.937;3.91
4;2;0;0;1;1;1;0.937;3.92
4;0;5;0;0;0;0;0.937;3.96
5;1;0;0;0;0;1;0.937;3.98
4;2;0;0;1;1;0;0.937;4.03
6;0;4;0;1;1;0;0.937;4.06
4;2;4;0;1;1;1;0.937;4.1
4;4;0;0;1;0;0;0.937;4.13
6;0;0;0;1;1;1;0.937;4.13
6;5;0;0;1;0;0;0.937;4.16
6;1;5;0;0;1;0;0.937;4.18
6;1;5;0;0;0;1;0.937;4.19
4;4;5;0;0;0;0;0.937;4.22
3;0;0;0;1;1;1;0.937;4.29
6;0;0;0;1;1;0;0.937;4.31
6;5;5;0;0;0;1;0.937;4.32
4;2;5;0;0;0;0;0.937;4.33
4;0;5;0;0;0;1;0.937;4.41
0;4;4;0;0;0;1;0.937;4.47
0;4;4;0;0;1;1;0.937;4.48
4;1;0;0;1;0;1;0.937;4.49
6;2;0;0;1;0;0;0.937;4.83
4;2;4;0;1;1;0;0.937;4.84
0;4;4;0;0;0;0;0.937;4.85
4;3;4;0;1;1;1;0.937;4.86
0;1;0;0;0;1;1;0.937;4.99
4;4;0;0;1;0;1;0.937;5.01
4;1;4;0;1;1;0;0.937;5.24
3;0;0;0;1;0;1;0.937;5.25
6;0;5;0;0;0;1;0.937;5.26
3;1;4;0;1;1;0;0.937;5.27
4;0;4;0;1;1;0;0.937;5.27
4;1;4;0;1;1;1;0.937;5.31
6;5;0;0;1;0;1;0.937;5.31
6;2;0;0;1;1;1;0.937;5.34
4;5;4;0;1;0;0;0.937;5.42
4;0;0;0;1;1;1;0.937;5.44
4;0;0;0;1;0;0;0.937;5.48
6;2;0;0;1;0;1;0.937;5.56
4;5;0;0;1;0;1;0.937;5.68
4;0;0;0;1;0;1;0.937;5.69
3;1;4;0;1;1;1;0.937;5.76
4;4;4;0;1;0;1;0.937;5.76
6;0;4;0;1;0;0;0.937;5.77
4;0;4;0;1;1;1;0.937;5.78
4;3;4;0;1;0;0;0.937;5.78
4;5;4;0;1;0;1;0.937;5.8
4;3;0;0;1;0;0;0.937;5.9
4;5;0;0;1;1;1;0.937;5.98
6;5;0;0;1;1;0;0.937;6.01
6;5;5;0;0;1;0;0.937;6.01
4;3;5;0;0;0;0;0.937;6.02
4;4;4;0;1;1;1;0.937;6.04
4;5;4;0;1;1;1;0.937;6.04
6;5;4;0;1;0;0;0.937;6.04
6;5;5;0;0;1;1;0.937;6.06
6;0;4;0;1;1;1;0.937;6.1
6;2;4;0;1;0;0;0.937;6.1
3;1;0;0;1;0;0;0.937;6.11
4;4;4;0;1;1;0;0.937;6.13
6;2;4;0;1;1;1;0.937;6.18
4;2;4;0;1;0;0;0.937;6.25
6;2;0;0;1;1;0;0.937;6.29
4;4;4;0;1;0;0;0.937;6.3
6;2;4;0;1;1;0;0.937;6.39
6;5;4;0;1;0;1;0.937;6.44
6;5;0;0;1;1;1;0.937;6.45
3;0;4;0;1;0;0;0.937;6.46
6;5;4;0;1;1;0;0.937;6.5
4;1;4;0;1;0;1;0.937;6.53
4;2;4;0;1;0;1;0.937;6.54
6;5;4;0;1;1;1;0.937;6.55
4;0;4;0;1;0;0;0.937;6.59
4;3;0;0;1;0;1;0.937;6.6
4;0;4;0;1;0;1;0.937;6.6
4;1;4;0;1;0;0;0.937;6.6
4;3;4;0;1;0;1;0.937;6.61
3;0;4;0;1;1;0;0.937;6.64
3;0;0;0;1;0;0;0.937;6.68
0;3;4;0;0;0;1;0.937;6.69
4;5;4;0;1;1;0;0.937;6.69
6;1;4;0;1;0;0;0.937;6.71
4;3;0;0;1;1;0;0.937;6.72
6;2;5;0;0;0;0;0.937;6.72
3;0;4;0;1;0;1;0.937;6.79
4;1;0;0;1;1;1;0.937;6.85
6;1;4;0;1;1;0;0.937;6.86
6;1;4;0;1;0;1;0.937;6.87
0;3;4;0;0;0;0;0.937;6.9
4;3;4;0;1;1;0;0.937;6.98
6;5;5;0;0;0;0;0.937;7.01
6;1;5;0;0;0;0;0.937;7.09
4;3;0;0;1;1;1;0.937;7.14
4;4;5;0;0;0;1;0.937;7.2
4;0;0;0;1;1;0;0.937;7.23
4;5;5;0;0;0;0;0.937;7.44
6;1;4;0;1;1;1;0.937;7.46
4;2;5;0;0;1;1;0.937;7.52
6;2;4;0;1;0;1;0.937;7.62
6;0;5;0;0;1;0;0.937;7.62
4;5;5;0;0;1;0;0.937;7.64
4;1;5;0;0;0;0;0.937;7.65
6;2;5;0;0;1;0;0.937;7.66
6;2;5;0;0;0;1;0.937;7.68
4;3;5;0;0;1;0;0.937;7.71
4;2;5;0;0;1;0;0.937;7.73
4;5;5;0;0;0;1;0.937;7.73
3;1;5;0;0;0;0;0.937;7.76
4;0;5;0;0;1;1;0.937;7.82
6;2;5;0;0;1;1;0.937;7.82
6;1;5;0;0;1;1;0.937;7.88
3;0;5;0;0;0;0;0.937;7.93
3;1;4;0;1;0;1;0.937;7.97
3;0;5;0;0;0;1;0.937;7.98
4;5;5;0;0;1;1;0.937;7.99
0;3;4;0;0;1;1;0.937;8.04
4;1;5;0;0;0;1;0.937;8.04
4;4;5;0;0;1;0;0.937;8.05
3;1;5;0;0;0;1;0.937;8.1
4;4;5;0;0;1;1;0.937;8.21
6;0;5;0;0;1;1;0.937;8.22
4;3;5;0;0;0;1;0.937;8.3
3;0;4;0;1;1;1;0.937;8.31
3;1;5;0;0;1;0;0.937;8.36
3;0;5;0;0;1;0;0.937;8.37
4;2;5;0;0;0;1;0.937;8.37
4;0;5;0;0;1;0;0.937;8.38
4;3;5;0;0;1;1;0.937;8.42
4;1;5;0;0;1;1;0.937;8.49
4;1;5;0;0;1;0;0.937;8.61
3;1;4;0;1;0;0;0.937;8.87
3;0;5;0;0;1;1;0.937;9.02
6;0;5;0;0;0;0;0.937;9.18
3;1;5;0;0;1;1;0.937;10.68
0;5;0;2;0;1;0;0.9324;1.69
0;5;0;2;0;0;0;0.9324;1.74
5;5;0;2;0;1;0;0.9324;1.74
0;2;0;2;0;1;0;0.9324;1.98
0;2;0;2;0;1;1;0.9324;1.98
5;2;0;2;0;1;1;0.9324;2.04
0;5;0;2;0;0;1;0.9324;2.05
0;2;0;2;0;0;1;0.9324;2.65
6;2;0;2;0;1;0;0.9324;2.66
6;5;0;2;0;1;0;0.9324;2.79
0;5;0;2;1;0;1;0.9324;2.8
6;5;0;2;0;1;1;0.9324;3.03
5;5;0;2;0;0;0;0.9324;3.09
6;2;0;2;0;1;1;0.9324;3.1
6;2;0;2;0;0;0;0.9324;3.15
5;2;0;2;0;0;1;0.9324;3.2
5;2;0;2;0;1;0;0.9324;3.25
0;2;0;2;0;0;0;0.9324;3.39
5;5;0;2;0;0;1;0.9324;3.39
0;5;0;2;0;1;1;0.9324;3.41
6;5;0;2;0;0;1;0.9324;3.44
0;5;0;2;1;1;1;0.9324;3.52
6;5;0;2;0;0;0;0.9324;3.53
0;2;0;2;1;1;1;0.9324;3.62
6;2;0;2;0;0;1;0.9324;3.63
0;2;0;2;1;0;0;0.9324;3.64
5;2;4;2;1;0;0;0.9324;3.69
5;5;0;2;0;1;1;0.9324;3.7
5;2;0;2;0;0;0;0.9324;3.71
0;5;0;2;1;0;0;0.9324;3.72
5;2;4;2;1;0;1;0.9324;3.75
5;5;5;2;0;0;0;0.9324;3.84
5;5;4;2;1;1;1;0.9324;3.95
5;5;5;2;0;1;0;0.9324;4.27
5;2;5;2;0;1;1;0.9324;4.48
0;2;0;2;1;0;1;0.9324;4.54
5;5;5;2;0;1;1;0.9324;4.56
5;2;4;2;0;0;1;0.9324;4.7
0;2;0;2;1;1;0;0.9324;5.06
0;5;0;2;1;1;0;0.9324;5.27
5;5;0;2;1;0;0;0.9324;5.27
5;2;0;2;1;1;1;0.9324;5.31
5;5;0;2;1;1;0;0.9324;5.38
5;2;0;2;1;0;1;0.9324;5.44
5;5;4;2;1;1;0;0.9324;5.54
5;5;0;2;1;0;1;0.9324;5.55
5;5;4;2;1;0;1;0.9324;5.56
5;5;0;2;1;1;1;0.9324;5.65
5;5;5;2;0;0;1;0.9324;5.74
6;2;4;2;0;0;0;0.9324;5.77
0;5;4;2;1;1;0;0.9324;5.79
0;2;4;2;1;1;0;0.9324;5.82
5;2;0;2;1;0;0;0.9324;5.87
0;2;4;2;1;0;1;0.9324;5.88
0;2;4;2;0;0;0;0.9324;5.93
5;2;0;2;1;1;0;0.9324;5.95
0;2;4;2;1;0;0;0.9324;5.99
0;2;4;2;1;1;1;0.9324;6.02
6;5;4;2;0;0;0;0.9324;6.07
0;2;5;2;0;0;0;0.9324;6.16
0;5;4;2;1;0;0;0.9324;6.25
5;2;4;2;0;1;1;0.9324;6.51
5;2;4;2;1;1;0;0.9324;6.54
6;5;4;2;0;1;0;0.9324;6.54
5;2;4;2;1;1;1;0.9324;6.65
0;2;4;2;0;1;1;0.9324;6.7
0;5;5;2;0;0;1;0.9324;6.92
5;5;4;2;1;0;0;0.9324;6.99
0;5;4;2;1;1;1;0.9324;7.03
5;5;4;2;0;0;0;0.9324;7.03
0;5;5;2;0;0;0;0.9324;7.24
6;2;4;2;0;0;1;0.9324;7.41
0;5;4;2;1;0;1;0.9324;7.43
0;5;4;2;0;0;0;0.9324;7.49
6;5;4;2;0;0;1;0.9324;7.75
6;5;4;2;0;1;1;0.9324;7.75
0;2;4;2;0;1;0;0.9324;7.76
5;2;5;2;0;1;0;0.9324;7.94
6;2;4;2;0;1;0;0.9324;8.05
0;2;4;2;0;0;1;0.9324;8.08
5;2;5;2;0;0;1;0.9324;8.1
5;2;4;2;0;0;0;0.9324;8.16
0;5;5;2;0;1;0;0.9324;8.28
6;2;4;2;0;1;1;0.9324;8.28
5;5;4;2;0;1;0;0.9324;8.45
0;2;5;2;0;1;0;0.9324;8.55
5;5;4;2;0;1;1;0.9324;8.94
0;2;5;2;0;1;1;0.9324;9.17
0;5;4;2;0;1;0;0.9324;9.39
0;5;4;2;0;0;1;0.9324;9.71
0;2;5;2;0;0;1;0.9324;9.72
5;2;4;2;0;1;0;0.9324;9.8
0;5;5;2;0;1;1;0.9324;9.81
0;5;4;2;0;1;1;0.9324;10.01
5;2;5;2;0;0;0;0.9324;11.41
5;5;4;2;0;0;1;0.9324;11.98
3;3;4;2;0;1;0;0.9314;3.41
3;4;4;2;0;0;1;0.9314;3.48
3;4;4;2;0;1;1;0.9314;3.86
3;3;4;2;0;1;1;0.9314;4.91
3;4;4;2;0;0;0;0.9314;5.08
3;4;4;2;0;1;0;0.9314;5.94
3;3;4;2;0;0;1;0.9314;6.04
3;3;4;2;0;0;0;0.9314;6.5
0;4;0;2;1;0;0;0.9292;2.73
0;3;4;2;1;0;0;0.9292;3.12
0;3;0;2;1;0;0;0.9292;4.1
0;3;0;2;1;1;0;0.9292;4.28
0;4;5;2;0;0;0;0.9292;4.4
0;4;4;2;1;0;0;0.9292;4.63
0;4;0;2;1;1;0;0.9292;5.55
0;4;4;2;1;1;0;0.9292;6.04
0;3;5;2;0;0;0;0.9292;7.51
0;3;4;2;1;1;0;0.9292;7.83
0;4;5;2;0;1;0;0.9292;7.98
0;3;5;2;0;1;0;0.9292;9.17
0;1;0;2;1;0;0;0.9276;2.67
0;1;0;2;1;0;1;0.9276;3.11
0;1;4;2;1;1;1;0.9276;3.18
0;0;0;2;1;0;1;0.9276;3.31
0;0;0;2;1;0;0;0.9276;4.39
0;1;4;2;1;1;0;0.9276;4.6
0;0;0;2;1;1;1;0.9276;4.65
0;1;4;2;1;0;0;0.9276;4.77
0;0;0;2;1;1;0;0.9276;5.06
0;1;0;2;1;1;0;0.9276;5.23
0;0;4;2;1;0;0;0.9276;5.54
0;1;0;2;1;1;1;0.9276;5.58
0;0;4;2;1;1;0;0.9276;5.8
0;0;4;2;1;0;1;0.9276;5.88
0;1;4;2;1;0;1;0.9276;5.98
0;0;4;2;1;1;1;0.9276;6.6
0;1;5;2;0;0;0;0.9276;6.72
0;0;5;2;0;1;0;0.9276;7.15
0;1;5;2;0;1;1;0.9276;7.35
0;0;5;2;0;0;1;0.9276;7.36
0;0;5;2;0;0;0;0.9276;7.68
0;0;5;2;0;1;1;0.9276;7.69
0;1;5;2;0;0;1;0.9276;7.86
0;1;5;2;0;1;0;0.9276;8.32
5;1;4;2;1;1;0;0.9276;3.22
5;1;4;2;1;0;1;0.9276;3.52
5;1;4;2;1;0;0;0.9276;4.14
5;1;4;2;1;1;1;0.9276;4.22
5;1;0;2;1;0;1;0.9276;4.41
5;1;0;2;1;0;0;0.9276;4.45
5;1;5;2;0;1;1;0.9276;4.55
5;1;5;2;0;0;1;0.9276;4.78
5;1;5;2;0;0;0;0.9276;4.92
5;1;0;2;1;1;0;0.9276;5.1
5;1;5;2;0;1;0;0.9276;5.38
5;1;0;2;1;1;1;0.9276;5.94
4;4;1;2;0;1;1;0.9267;2.14
1;2;1;1;1;1;0;0.9267;2.36
4;1;1;2;0;0;0;0.9267;2.36
4;2;1;2;0;1;1;0.9267;2.41
1;2;1;1;1;0;1;0.9267;2.47
1;5;1;1;1;0;0;0.9267;2.54
1;2;1;1;1;1;1;0.9267;2.63
1;1;1;1;1;1;0;0.9267;2.85
1;1;1;1;1;0;1;0.9267;2.86
4;0;1;2;0;1;1;0.9267;2.94
4;0;1;2;0;0;0;0.9267;3.03
4;2;1;2;0;1;0;0.9267;3.07
1;0;1;1;1;1;0;0.9267;3.16
4;0;1;2;0;0;1;0.9267;3.17
4;0;1;2;0;1;0;0.9267;3.21
1;0;1;1;1;1;1;0.9267;3.28
1;3;1;1;1;0;1;0.9267;3.54
4;4;1;2;0;0;0;0.9267;3.6
4;5;1;2;0;0;0;0.9267;3.64
4;4;1;2;0;1;0;0.9267;3.65
4;3;1;2;0;1;0;0.9267;3.7
1;2;1;1;1;0;0;0.9267;3.72
4;3;1;2;0;0;0;0.9267;3.72
4;1;1;2;0;1;1;0.9267;3.74
4;1;1;2;0;1;0;0.9267;3.77
4;4;1;2;0;0;1;0.9267;3.86
4;3;1;2;0;0;1;0.9267;3.88
4;3;1;2;0;1;1;0.9267;3.88
4;1;1;2;0;0;1;0.9267;3.9
4;5;1;2;0;0;1;0.9267;3.9
4;5;1;2;0;1;0;0.9267;3.94
1;3;1;1;1;1;0;0.9267;3.95
4;2;1;2;0;0;0;0.9267;3.95
4;2;1;2;0;0;1;0.9267;4.09
1;1;1;1;1;0;0;0.9267;4.14
1;5;1;1;1;0;1;0.9267;4.4
4;5;1;2;0;1;1;0.9267;4.46
1;0;1;1;1;0;0;0.9267;4.48
1;5;1;1;1;1;0;0.9267;4.56
1;3;1;1;1;0;0;0.9267;4.65
1;0;1;1;1;0;1;0.9267;4.66
1;3;1;1;1;1;1;0.9267;4.68
1;5;1;1;1;1;1;0.9267;4.82
1;4;1;1;1;1;0;0.9267;4.88
1;4;1;1;1;1;1;0.9267;5.01
1;1;1;1;1;1;1;0.9267;5.17
1;4;1;1;1;0;0;0.9267;5.23
1;4;1;1;1;0;1;0.9267;5.9
3;0;1;0;1;0;1;0.9219;3.57
3;1;1;0;1;0;0;0.9219;3.71
3;5;1;0;1;0;1;0.9219;4.06
3;1;1;0;1;0;1;0.9219;4.5
3;5;1;0;1;0;0;0.9219;5.02
3;1;1;0;1;1;0;0.9219;5.08
3;0;1;0;1;1;0;0.9219;5.67
3;4;1;0;1;1;1;0.9219;5.8
3;0;1;0;1;0;0;0.9219;6.21
3;0;1;0;1;1;1;0.9219;6.26
3;4;1;0;1;0;0;0.9219;6.33
3;5;1;0;1;1;0;0.9219;6.36
3;2;1;0;1;0;0;0.9219;6.43
3;2;1;0;1;1;0;0.9219;6.65
3;3;1;0;1;0;0;0.9219;6.74
3;3;1;0;1;0;1;0.9219;6.78
3;1;1;0;1;1;1;0.9219;6.97
3;3;1;0;1;1;1;0.9219;6.98
3;4;1;0;1;0;1;0.9219;6.98
3;5;1;0;1;1;1;0.9219;6.99
3;3;1;0;1;1;0;0.9219;7.03
3;2;1;0;1;1;1;0.9219;7.35
3;4;1;0;1;1;0;0.9219;8.18
3;2;1;0;1;0;1;0.9219;8.32
3;4;0;2;0;1;1;0.9172;1.75
3;4;0;2;0;1;0;0.9172;2.82
3;4;0;2;0;0;0;0.9172;3.05
3;3;0;2;0;0;0;0.9172;3.07
3;3;0;2;0;1;0;0.9172;3.08
3;3;0;2;0;0;1;0.9172;3.33
3;3;0;2;0;1;1;0.9172;3.36
3;4;0;2;0;0;1;0.9172;3.39
4;2;0;2;0;1;0;0.9169;1.7
4;2;0;2;0;0;0;0.9169;1.78
4;4;0;2;0;0;1;0.9169;1.91
4;2;0;2;0;0;1;0.9169;1.99
4;4;0;2;0;0;0;0.9169;2.17
4;4;0;2;0;1;0;0.9169;2.27
4;3;0;2;0;1;1;0.9169;2.6
4;3;0;2;0;1;0;0.9169;2.75
4;5;0;2;0;1;1;0.9169;2.85
4;4;0;2;1;0;1;0.9169;3.17
4;4;0;2;1;1;0;0.9169;3.24
4;0;0;2;0;1;0;0.9169;3.25
4;5;0;2;0;1;0;0.9169;3.43
4;0;0;2;0;0;0;0.9169;3.47
4;1;4;2;1;0;1;0.9169;3.48
4;5;0;2;0;0;0;0.9169;3.51
4;5;4;2;1;0;1;0.9169;3.59
4;0;0;2;0;0;1;0.9169;3.64
4;5;0;2;0;0;1;0.9169;3.65
4;0;0;2;0;1;1;0.9169;3.66
4;1;0;2;1;1;0;0.9169;3.66
4;2;0;2;0;1;1;0.9169;3.72
4;1;4;2;1;0;0;0.9169;3.75
4;4;0;2;1;0;0;0.9169;3.77
4;3;0;2;1;1;0;0.9169;3.84
4;4;0;2;0;1;1;0.9169;4.0
4;3;0;2;0;0;0;0.9169;4.05
4;3;0;2;0;0;1;0.9169;4.09
4;1;5;2;0;0;0;0.9169;4.13
4;1;0;2;0;1;0;0.9169;4.16
4;2;4;2;1;0;0;0.9169;4.17
4;1;4;2;1;1;1;0.9169;4.19
4;4;5;2;0;0;0;0.9169;4.21
4;1;0;2;1;0;1;0.9169;4.23
4;3;5;2;0;1;1;0.9169;4.27
4;4;5;2;0;0;1;0.9169;4.29
4;1;0;2;0;1;1;0.9169;4.3
4;3;5;2;0;1;0;0.9169;4.31
4;1;5;2;0;1;1;0.9169;4.35
4;5;4;2;1;0;0;0.9169;4.38
4;1;5;2;0;0;1;0.9169;4.4
4;2;4;2;1;0;1;0.9169;4.51
4;5;4;2;1;1;0;0.9169;4.51
4;5;0;2;1;1;0;0.9169;4.55
4;5;4;2;1;1;1;0.9169;4.59
4;3;4;2;1;0;0;0.9169;4.66
4;1;5;2;0;1;0;0.9169;4.8
4;1;0;2;0;0;0;0.9169;4.83
4;1;0;2;1;1;1;0.9169;4.88
4;3;4;2;1;0;1;0.9169;5.08
4;4;4;2;1;1;1;0.9169;5.36
4;1;0;2;0;0;1;0.9169;5.38
4;5;0;2;1;1;1;0.9169;5.45
4;2;0;2;1;1;1;0.9169;5.47
4;3;5;2;0;0;1;0.9169;5.51
4;3;0;2;1;1;1;0.9169;5.53
4;0;5;2;0;1;0;0.9169;5.71
4;3;0;2;1;0;0;0.9169;5.81
4;2;0;2;1;0;0;0.9169;5.85
4;0;0;2;1;0;1;0.9169;5.89
4;3;0;2;1;0;1;0.9169;5.91
4;5;0;2;1;0;0;0.9169;5.92
4;1;4;2;1;1;0;0.9169;5.96
4;4;5;2;0;1;0;0.9169;5.98
4;5;0;2;1;0;1;0.9169;6.01
4;0;0;2;1;1;1;0.9169;6.27
4;0;0;2;1;1;0;0.9169;6.31
4;0;0;2;1;0;0;0.9169;6.41
4;2;0;2;1;0;1;0.9169;6.47
4;1;0;2;1;0;0;0.9169;6.52
4;2;0;2;1;1;0;0.9169;6.6
4;2;4;2;1;1;0;0.9169;6.72
4;2;5;2;0;0;0;0.9169;6.73
4;3;4;2;1;1;0;0.9169;6.82
4;0;4;2;1;1;1;0.9169;6.83
4;5;5;2;0;1;0;0.9169;6.89
4;4;4;2;1;0;0;0.9169;6.91
4;3;4;2;1;1;1;0.9169;6.92
4;2;5;2;0;1;0;0.9169;6.96
4;2;4;2;1;1;1;0.9169;7.04
4;5;5;2;0;0;0;0.9169;7.04
4;0;4;2;1;1;0;0.9169;7.29
4;4;4;2;1;1;0;0.9169;7.37
4;4;0;2;1;1;1;0.9169;7.4
4;4;4;2;1;0;1;0.9169;7.42
4;3;5;2;0;0;0;0.9169;7.8
4;0;4;2;1;0;0;0.9169;7.93
4;0;5;2;0;1;1;0.9169;8.01
4;5;5;2;0;0;1;0.9169;8.06
4;4;5;2;0;1;1;0.9169;8.13
4;2;5;2;0;0;1;0.9169;8.21
4;0;5;2;0;0;1;0.9169;8.25
4;0;5;2;0;0;0;0.9169;8.48
4;5;5;2;0;1;1;0.9169;9.04
4;2;5;2;0;1;1;0.9169;9.1
4;0;4;2;1;0;1;0.9169;9.19
3;1;1;2;0;0;0;0.9166;1.76
0;3;1;2;0;0;0;0.9166;1.79
0;3;1;2;0;1;0;0.9166;1.8
3;0;1;2;0;0;0;0.9166;1.81
0;3;1;2;0;0;1;0.9166;2.0
3;1;1;2;0;0;1;0.9166;2.0
5;4;1;2;0;1;0;0.9166;2.1
5;4;1;2;0;0;1;0.9166;2.24
5;4;1;2;0;1;1;0.9166;2.29
0;3;1;2;0;1;1;0.9166;2.51
3;1;1;2;0;1;0;0.9166;2.67
3;1;1;2;0;1;1;0.9166;2.77
3;0;1;2;0;1;1;0.9166;2.93
3;0;1;2;0;1;0;0.9166;3.14
3;0;1;2;0;0;1;0.9166;3.29
6;3;1;2;0;1;1;0.9166;3.4
0;4;1;2;0;0;0;0.9166;3.44
0;4;1;2;0;1;0;0.9166;3.48
5;0;1;2;0;0;1;0.9166;3.57
6;4;1;2;0;0;0;0.9166;3.69
6;4;1;2;0;1;0;0.9166;3.72
5;0;1;2;0;0;0;0.9166;3.74
0;4;1;2;0;0;1;0.9166;3.76
6;3;1;2;0;0;0;0.9166;3.77
5;3;1;2;0;0;0;0.9166;3.79
6;3;1;2;0;1;0;0.9166;3.8
5;4;1;2;0;0;0;0.9166;3.82
5;3;1;2;0;1;0;0.9166;3.85
6;4;1;2;0;1;1;0.9166;3.95
0;4;1;2;0;1;1;0.9166;3.99
5;3;1;2;0;0;1;0.9166;3.99
6;4;1;2;0;0;1;0.9166;4.0
5;0;1;2;0;1;1;0.9166;4.01
6;3;1;2;0;0;1;0.9166;4.01
5;3;1;2;0;1;1;0.9166;4.05
5;0;1;2;0;1;0;0.9166;4.33
0;0;1;2;1;0;0;0.9157;2.74
0;0;1;2;1;1;0;0.9157;2.86
0;0;1;2;1;0;1;0.9157;3.02
0;1;1;2;1;1;1;0.9157;3.03
0;1;1;2;1;1;0;0.9157;3.08
0;0;1;2;1;1;1;0.9157;3.09
0;1;1;2;1;0;1;0.9157;3.09
0;1;1;2;1;0;0;0.9157;3.39
6;2;1;2;1;0;1;0.9157;5.63
6;5;1;2;1;1;1;0.9157;5.7
5;1;1;2;1;1;0;0.9157;5.76
6;2;1;2;1;0;0;0.9157;5.95
6;2;1;2;1;1;0;0.9157;6.15
6;2;1;2;1;1;1;0.9157;6.36
6;5;1;2;1;0;0;0.9157;6.36
6;5;1;2;1;0;1;0.9157;6.56
5;1;1;2;1;0;1;0.9157;6.7
6;5;1;2;1;1;0;0.9157;6.84
5;1;1;2;1;0;0;0.9157;9.0
5;1;1;2;1;1;1;0.9157;9.09
0;5;1;2;1;1;0;0.915;2.93
5;5;1;2;1;0;1;0.915;3.01
5;5;1;2;1;0;0;0.915;3.07
0;5;1;2;1;1;1;0.915;3.51
5;2;1;2;1;0;0;0.915;3.71
0;5;1;2;1;0;1;0.915;3.76
0;5;1;2;1;0;0;0.915;3.97
0;2;1;2;1;0;0;0.915;4.06
5;2;1;2;1;1;0;0.915;4.06
5;2;1;2;1;0;1;0.915;4.58
0;2;1;2;1;1;0;0.915;5.41
0;2;1;2;1;0;1;0.915;5.42
0;2;1;2;1;1;1;0.915;5.6
5;5;1;2;1;1;0;0.915;5.66
5;5;1;2;1;1;1;0.915;6.28
5;2;1;2;1;1;1;0.915;7.24
3;4;1;1;0;1;1;0.914;1.17
3;4;1;1;0;0;1;0.914;1.21
3;4;1;1;0;0;0;0.914;1.34
3;4;1;1;0;1;0;0.914;1.52
3;2;1;2;0;0;0;0.914;1.77
3;2;1;2;0;1;0;0.914;1.79
3;0;1;1;0;0;0;0.914;1.94
3;3;1;1;0;0;0;0.914;1.96
3;2;1;2;0;1;1;0.914;2.09
3;0;1;1;0;1;0;0.914;2.11
3;0;1;1;0;0;1;0.914;2.13
3;0;1;1;0;1;1;0.914;2.28
3;3;1;1;0;1;1;0.914;2.39
3;2;1;2;0;0;1;0.914;2.44
3;4;1;1;1;0;0;0.914;2.51
3;0;1;1;1;0;1;0.914;2.69
3;0;1;1;1;1;0;0.914;2.71
3;3;1;1;0;0;1;0.914;2.72
3;0;1;1;1;1;1;0.914;2.88
3;3;1;1;0;1;0;0.914;2.89
3;0;1;1;1;0;0;0.914;3.06
3;2;1;1;1;0;0;0.914;3.36
3;5;1;2;0;1;0;0.914;3.5
3;5;1;2;0;0;0;0.914;3.65
3;5;1;2;0;0;1;0.914;3.7
3;5;1;2;0;1;1;0.914;3.87
3;2;1;1;1;0;1;0.914;4.32
3;1;1;1;1;0;0;0.914;4.95
3;1;1;1;1;1;1;0.914;4.97
3;1;1;1;1;0;1;0.914;5.04
3;3;1;1;1;0;0;0.914;5.08
3;1;1;1;1;1;0;0.914;5.12
3;5;1;1;1;0;0;0.914;5.14
3;4;1;1;1;1;1;0.914;5.25
3;4;1;1;1;0;1;0.914;5.29
3;2;1;1;1;1;0;0.914;5.32
3;5;1;1;1;1;0;0.914;5.34
3;5;1;1;1;0;1;0.914;5.38
3;3;1;1;1;0;1;0.914;5.42
3;5;1;1;1;1;1;0.914;5.59
3;2;1;1;1;1;1;0.914;5.66
3;3;1;1;1;1;0;0.914;5.87
3;4;1;1;1;1;0;0.914;7.07
3;3;1;1;1;1;1;0.914;7.16
5;1;4;0;0;0;1;0.9105;4.92
0;1;4;0;0;1;1;0.9105;6.15
5;1;4;0;0;0;0;0.9105;6.24
5;1;4;0;0;1;0;0.9105;6.62
5;1;4;0;0;1;1;0.9105;6.72
0;1;4;0;0;0;0;0.9105;7.95
0;1;4;0;0;1;0;0.9105;9.7
0;1;4;0;0;0;1;0.9105;10.66
6;4;0;0;1;1;1;0.9095;3.85
6;4;4;0;0;1;0;0.9095;3.98
6;4;4;0;0;1;1;0.9095;4.04
6;4;4;0;0;0;1;0.9095;4.09
6;4;0;0;1;0;0;0.9095;4.27
6;4;0;0;1;0;1;0.9095;5.64
6;3;0;0;1;0;0;0.9095;5.85
6;3;0;0;1;1;0;0.9095;6.14
6;3;4;0;0;0;0;0.9095;6.19
6;3;0;0;1;0;1;0.9095;6.39
6;4;4;0;0;0;0;0.9095;6.49
6;4;0;0;1;1;0;0.9095;6.6
6;3;4;0;0;0;1;0.9095;6.99
6;3;4;0;0;1;0;0.9095;7.45
6;3;4;0;0;1;1;0.9095;7.55
6;3;0;0;1;1;1;0.9095;7.57
4;2;1;1;0;1;0;0.9086;1.14
4;5;1;1;0;1;0;0.9086;1.15
4;3;1;1;0;1;0;0.9086;1.16
4;4;1;1;0;0;0;0.9086;1.16
4;4;1;1;0;1;0;0.9086;1.19
4;4;1;1;0;0;1;0.9086;1.21
4;2;1;1;0;1;1;0.9086;1.24
4;5;1;1;0;0;1;0.9086;1.25
4;4;1;1;0;1;1;0.9086;1.26
4;2;1;1;0;0;1;0.9086;1.27
4;5;1;1;0;1;1;0.9086;1.27
4;0;1;1;0;1;0;0.9086;1.68
4;0;1;1;0;0;0;0.9086;1.74
4;3;1;1;0;1;1;0.9086;1.75
4;0;1;1;0;0;1;0.9086;1.76
0;3;1;1;1;0;0;0.9086;1.99
0;0;1;1;1;0;1;0.9086;2.03
0;0;1;1;1;0;0;0.9086;2.1
0;3;1;1;1;1;0;0.9086;2.11
0;3;1;1;1;1;1;0.9086;2.11
4;0;1;1;0;1;1;0.9086;2.12
4;3;1;1;0;0;0;0.9086;2.14
0;2;1;1;1;0;1;0.9086;2.16
4;2;1;1;0;0;0;0.9086;2.18
4;5;1;1;0;0;0;0.9086;2.18
5;5;1;1;1;0;0;0.9086;2.28
0;0;1;1;1;1;1;0.9086;2.32
4;1;1;1;0;1;0;0.9086;2.34
6;5;1;1;1;0;0;0.9086;2.35
0;3;1;1;1;0;1;0.9086;2.36
6;2;1;1;1;0;0;0.9086;2.43
4;3;1;1;0;0;1;0.9086;2.44
4;1;1;1;0;0;0;0.9086;2.49
4;1;1;1;0;1;1;0.9086;2.49
4;1;1;1;0;0;1;0.9086;2.5
4;3;1;1;1;0;1;0.9086;2.55
4;2;1;1;1;1;0;0.9086;2.56
5;5;1;1;1;1;0;0.9086;2.62
6;5;1;1;1;1;1;0.9086;2.63
4;1;1;1;1;1;1;0.9086;2.69
4;5;1;1;1;0;1;0.9086;2.74
4;5;1;1;1;0;0;0.9086;2.79
5;5;1;1;1;1;1;0.9086;2.79
4;2;1;1;1;0;0;0.9086;2.81
5;5;1;1;1;0;1;0.9086;2.82
6;5;1;1;1;0;1;0.9086;2.97
6;5;1;1;1;1;0;0.9086;3.04
0;5;1;1;1;1;1;0.9086;3.08
4;3;1;1;1;0;0;0.9086;3.21
4;3;1;1;1;1;0;0.9086;3.24
4;1;1;1;1;0;1;0.9086;3.44
5;4;1;1;1;1;0;0.9086;3.48
4;2;1;1;1;0;1;0.9086;3.6
0;5;1;1;1;0;0;0.9086;3.74
4;3;1;1;1;1;1;0.9086;3.75
4;1;1;1;1;1;0;0.9086;3.91
0;5;1;1;1;1;0;0.9086;3.93
6;2;1;1;1;1;0;0.9086;3.93
0;4;1;1;1;1;0;0.9086;3.97
0;2;1;1;1;1;0;0.9086;3.99
0;5;1;1;1;0;1;0.9086;4.0
0;0;1;1;1;1;0;0.9086;4.04
0;4;1;1;1;0;0;0.9086;4.04
0;4;1;1;1;0;1;0.9086;4.06
0;4;1;1;1;1;1;0.9086;4.22
4;5;1;1;1;1;0;0.9086;4.23
0;2;1;1;1;0;0;0.9086;4.25
4;0;1;1;1;0;0;0.9086;4.25
6;2;1;1;1;1;1;0.9086;4.25
4;4;1;1;1;0;0;0.9086;4.29
5;3;1;1;1;1;0;0.9086;4.35
5;4;1;1;1;0;1;0.9086;4.39
5;4;1;1;1;1;1;0.9086;4.48
5;3;1;1;1;0;1;0.9086;4.53
5;3;1;1;1;1;1;0.9086;4.57
4;1;1;1;1;0;0;0.9086;4.6
5;4;1;2;1;0;0;0.9086;4.6
4;4;1;1;1;0;1;0.9086;4.76
4;4;1;1;1;1;0;0.9086;4.77
6;0;1;1;1;1;0;0.9086;4.78
6;0;1;1;1;0;1;0.9086;4.95
6;2;1;1;1;0;1;0.9086;5.05
4;4;1;1;1;1;1;0.9086;5.07
4;0;1;1;1;1;0;0.9086;5.08
5;2;1;1;1;0;1;0.9086;5.08
4;0;1;1;1;1;1;0.9086;5.09
6;0;1;1;1;0;0;0.9086;5.11
6;0;1;1;1;1;1;0.9086;5.12
4;0;1;1;1;0;1;0.9086;5.13
4;2;1;1;1;1;1;0.9086;5.18
4;5;1;1;1;1;1;0.9086;5.18
5;2;1;1;1;0;0;0.9086;5.23
5;3;1;1;1;0;0;0.9086;5.31
5;3;1;2;1;0;0;0.9086;5.46
5;4;1;1;1;0;0;0.9086;5.6
5;3;1;2;1;0;1;0.9086;5.76
5;3;1;2;1;1;0;0.9086;5.92
5;4;1;2;1;0;1;0.9086;6.38
5;2;1;1;1;1;0;0.9086;6.66
5;4;1;2;1;1;0;0.9086;6.66
0;2;1;1;1;1;1;0.9086;6.69
5;3;1;2;1;1;1;0.9086;7.09
5;4;1;2;1;1;1;0.9086;7.11
5;2;1;1;1;1;1;0.9086;7.86
3;2;4;2;0;0;0;0.9068;2.95
3;2;4;2;0;1;0;0.9068;3.03
3;2;4;2;0;0;1;0.9068;3.21
3;5;4;2;0;0;0;0.9068;3.43
3;5;4;2;0;0;1;0.9068;3.45
3;5;4;2;0;1;0;0.9068;3.56
3;5;4;2;0;1;1;0.9068;3.73
5;0;0;2;1;1;1;0.9068;4.1
5;0;0;2;1;1;0;0.9068;4.32
5;0;4;2;1;1;0;0.9068;5.14
3;2;4;2;0;1;1;0.9068;5.17
5;0;5;2;0;1;0;0.9068;5.58
5;0;5;2;0;1;1;0.9068;5.79
5;0;4;2;1;1;1;0.9068;6.05
5;0;4;2;1;0;1;0.9068;6.09
5;0;4;2;1;0;0;0.9068;6.55
5;0;5;2;0;0;1;0.9068;6.72
5;0;0;2;1;0;1;0.9068;6.99
5;0;5;2;0;0;0;0.9068;7.26
5;0;0;2;1;0;0;0.9068;7.28
0;4;0;2;0;1;0;0.9039;1.55
3;2;0;2;0;1;0;0.9039;1.56
3;0;0;2;0;1;0;0.9039;1.59
3;5;0;2;0;0;0;0.9039;1.61
3;0;0;2;0;1;1;0.9039;1.66
3;2;0;2;0;0;1;0.9039;1.68
6;4;0;2;0;0;0;0.9039;1.68
6;4;0;2;0;1;0;0.9039;1.69
0;4;0;2;0;0;1;0.9039;1.7
5;4;0;2;0;1;0;0.9039;1.7
3;5;0;2;0;0;1;0.9039;1.71
5;4;0;2;0;0;0;0.9039;1.72
3;2;0;2;0;1;1;0.9039;1.74
0;1;1;2;0;0;0;0.9039;1.77
5;4;0;2;0;0;1;0.9039;1.85
0;1;1;2;0;1;0;0.9039;1.88
0;1;1;2;0;0;1;0.9039;1.95
3;5;0;2;0;1;0;0.9039;1.95
0;4;0;2;0;1;1;0.9039;2.02
0;4;0;2;0;0;0;0.9039;2.09
6;4;0;2;0;0;1;0.9039;2.23
0;3;0;2;0;0;1;0.9039;2.45
3;5;0;2;0;1;1;0.9039;2.61
6;3;0;2;0;1;1;0.9039;2.65
0;3;0;2;0;0;0;0.9039;2.82
0;1;1;2;0;1;1;0.9039;2.87
0;3;0;2;0;1;0;0.9039;2.93
5;4;0;2;0;1;1;0.9039;3.01
3;1;0;2;0;1;0;0.9039;3.03
6;1;1;2;0;0;0;0.9039;3.05
3;1;0;2;0;0;0;0.9039;3.06
3;0;0;2;0;0;0;0.9039;3.09
3;0;0;2;0;0;1;0.9039;3.1
3;2;0;2;0;0;0;0.9039;3.11
3;1;0;2;0;0;1;0.9039;3.2
3;0;0;2;1;1;1;0.9039;3.24
3;1;0;2;0;1;1;0.9039;3.25
0;3;0;2;0;1;1;0.9039;3.32
5;3;0;2;0;0;0;0.9039;3.33
5;3;0;2;0;1;0;0.9039;3.33
3;5;0;2;1;1;1;0.9039;3.4
3;2;0;2;1;0;0;0.9039;3.42
6;3;0;2;0;0;1;0.9039;3.44
6;4;0;2;0;1;1;0.9039;3.45
6;3;0;2;0;0;0;0.9039;3.5
3;5;0;2;1;1;0;0.9039;3.52
5;3;0;2;0;0;1;0.9039;3.52
3;2;4;2;1;0;1;0.9039;3.63
6;1;1;2;0;1;0;0.9039;3.72
5;0;0;2;0;0;1;0.9039;3.82
6;3;0;2;0;1;0;0.9039;3.82
3;5;0;2;1;0;1;0.9039;4.02
5;3;0;2;0;1;1;0.9039;4.03
3;1;4;2;1;0;0;0.9039;4.17
6;1;1;2;0;1;1;0.9039;4.3
3;0;4;2;1;1;1;0.9039;4.43
6;1;1;2;0;0;1;0.9039;4.45
3;0;0;2;1;0;0;0.9039;4.54
5;0;0;2;0;1;0;0.9039;4.64
3;2;4;2;1;1;0;0.9039;4.8
3;0;4;2;1;0;0;0.9039;4.84
3;1;5;2;0;0;0;0.9039;4.87
5;0;0;2;0;1;1;0.9039;5.09
3;1;5;2;0;0;1;0.9039;5.1
3;0;5;2;0;0;1;0.9039;5.53
3;1;4;2;1;0;1;0.9039;5.59
5;0;0;2;0;0;0;0.9039;5.68
3;2;0;2;1;1;1;0.9039;5.74
3;2;4;2;1;0;0;0.9039;5.76
3;1;0;2;1;0;0;0.9039;5.83
3;5;0;2;1;0;0;0.9039;5.89
3;0;0;2;1;1;0;0.9039;5.97
3;2;0;2;1;1;0;0.9039;5.98
3;0;5;2;0;0;0;0.9039;6.0
3;2;0;2;1;0;1;0.9039;6.08
3;1;0;2;1;1;0;0.9039;6.1
3;0;0;2;1;0;1;0.9039;6.17
3;1;0;2;1;0;1;0.9039;6.24
3;2;5;2;0;1;1;0.9039;6.46
3;5;4;2;1;0;0;0.9039;6.5
3;1;0;2;1;1;1;0.9039;6.53
3;0;4;2;1;1;0;0.9039;6.53
3;5;4;2;1;1;1;0.9039;6.68
3;0;4;2;1;0;1;0.9039;6.7
3;5;4;2;1;0;1;0.9039;6.72
3;5;4;2;1;1;0;0.9039;6.74
3;1;4;2;1;1;0;0.9039;7.16
3;0;5;2;0;1;0;0.9039;7.6
3;1;4;2;1;1;1;0.9039;7.75
3;2;4;2;1;1;1;0.9039;7.79
3;2;5;2;0;0;0;0.9039;7.85
3;5;5;2;0;1;0;0.9039;7.97
3;5;5;2;0;1;1;0.9039;8.23
3;0;5;2;0;1;1;0.9039;8.58
3;5;5;2;0;0;0;0.9039;8.59
3;1;5;2;0;1;1;0.9039;9.38
3;2;5;2;0;0;1;0.9039;9.38
3;1;5;2;0;1;0;0.9039;9.53
3;5;5;2;0;0;1;0.9039;9.87
3;2;5;2;0;1;0;0.9039;10.25
5;0;1;2;1;0;1;0.8945;3.03
5;0;1;2;1;0;0;0.8945;4.09
5;0;1;2;1;1;0;0.8945;5.41
5;0;1;2;1;1;1;0.8945;5.51
4;4;1;0;0;1;0;0.8894;1.97
4;5;1;0;0;1;0;0.8894;1.97
4;2;1;0;0;0;1;0.8894;2.07
4;2;1;0;0;1;1;0.8894;2.14
4;4;1;0;0;1;1;0.8894;2.14
4;5;1;0;0;0;1;0.8894;2.21
4;2;1;0;0;1;0;0.8894;2.42
4;0;1;0;0;0;1;0.8894;3.04
5;5;1;0;1;0;1;0.8894;3.07
4;2;1;0;0;0;0;0.8894;3.16
4;5;1;2;1;1;1;0.8894;3.28
4;2;1;2;1;0;1;0.8894;3.37
4;0;1;0;0;0;0;0.8894;3.38
1;1;1;0;1;1;1;0.8894;3.46
4;2;1;0;1;0;0;0.8894;3.6
4;2;1;2;1;0;0;0.8894;3.61
4;0;1;2;1;0;0;0.8894;3.62
4;5;1;2;1;1;0;0.8894;3.63
4;2;1;2;1;1;0;0.8894;3.69
5;5;1;0;1;0;0;0.8894;3.71
4;1;1;0;0;0;0;0.8894;3.72
4;3;1;0;1;0;1;0.8894;3.72
4;5;1;0;0;0;0;0.8894;3.73
4;0;1;0;1;1;0;0.8894;3.79
4;0;1;0;0;1;0;0.8894;3.81
4;4;1;0;1;1;1;0.8894;3.86
0;2;1;0;1;1;1;0.8894;3.92
1;1;1;0;1;0;0;0.8894;3.95
4;3;1;0;0;0;0;0.8894;3.95
4;0;1;0;0;1;1;0.8894;4.01
4;4;1;0;1;0;0;0.8894;4.01
4;1;1;0;0;1;0;0.8894;4.02
4;1;1;0;0;0;1;0.8894;4.03
4;4;1;0;0;0;1;0.8894;4.06
4;4;1;0;0;0;0;0.8894;4.07
4;5;1;0;0;1;1;0.8894;4.07
4;3;1;0;0;0;1;0.8894;4.19
6;0;1;0;1;0;0;0.8894;4.2
4;1;1;0;0;1;1;0.8894;4.21
4;3;1;0;0;1;1;0.8894;4.25
4;0;1;0;1;0;1;0.8894;4.54
4;3;1;0;0;1;0;0.8894;4.55
4;2;1;0;1;0;1;0.8894;4.84
4;4;1;2;1;0;0;0.8894;5.0
4;3;1;0;1;0;0;0.8894;5.13
4;4;1;0;1;0;1;0.8894;5.19
1;1;1;0;1;1;0;0.8894;5.23
1;0;1;0;1;0;1;0.8894;5.24
4;2;1;2;1;1;1;0.8894;5.28
0;2;1;0;1;0;0;0.8894;5.37
0;5;1;0;1;0;0;0.8894;5.37
5;5;1;0;1;1;0;0.8894;5.45
1;0;1;0;1;0;0;0.8894;5.48
6;5;1;0;1;1;1;0.8894;5.49
4;1;1;0;1;1;0;0.8894;5.5
4;0;1;2;1;0;1;0.8894;5.54
0;2;1;0;1;1;0;0.8894;5.55
0;5;1;0;1;1;0;0.8894;5.55
1;2;1;0;1;0;1;0.8894;5.55
0;2;1;0;1;0;1;0.8894;5.6
0;5;1;0;1;0;1;0.8894;5.61
1;4;1;0;1;0;1;0.8894;5.62
4;4;1;0;1;1;0;0.8894;5.64
0;5;1;0;1;1;1;0.8894;5.68
1;4;1;0;1;0;0;0.8894;5.95
6;5;1;0;1;0;0;0.8894;5.96
1;2;1;0;1;0;0;0.8894;6.0
4;0;1;0;1;1;1;0.8894;6.02
1;0;1;0;1;1;0;0.8894;6.04
1;3;1;0;1;0;0;0.8894;6.06
4;1;1;2;1;1;0;0.8894;6.06
4;5;1;0;1;0;0;0.8894;6.06
4;0;1;0;1;0;0;0.8894;6.08
4;1;1;2;1;0;0;0.8894;6.09
4;3;1;2;1;0;0;0.8894;6.09
6;1;1;0;1;1;1;0.8894;6.1
6;2;1;0;1;1;0;0.8894;6.1
1;1;1;0;1;0;1;0.8894;6.12
6;0;1;0;1;1;0;0.8894;6.12
1;3;1;0;1;1;0;0.8894;6.13
1;5;1;0;1;1;0;0.8894;6.13
5;5;1;0;1;1;1;0.8894;6.16
6;1;1;0;1;1;0;0.8894;6.16
1;3;1;0;1;0;1;0.8894;6.22
4;3;1;2;1;0;1;0.8894;6.22
6;2;1;0;1;0;0;0.8894;6.22
6;5;1;0;1;1;0;0.8894;6.24
4;3;1;2;1;1;0;0.8894;6.25
6;2;1;0;1;0;1;0.8894;6.27
4;4;1;2;1;1;1;0.8894;6.28
6;5;1;0;1;0;1;0.8894;6.29
1;5;1;0;1;0;1;0.8894;6.31
6;2;1;0;1;1;1;0.8894;6.31
4;4;1;2;1;0;1;0.8894;6.32
4;1;1;0;1;1;1;0.8894;6.35
4;5;1;0;1;0;1;0.8894;6.35
4;1;1;2;1;1;1;0.8894;6.38
4;3;1;2;1;1;1;0.8894;6.39
1;3;1;0;1;1;1;0.8894;6.4
4;1;1;0;1;0;0;0.8894;6.42
6;0;1;0;1;1;1;0.8894;6.43
4;5;1;2;1;0;1;0.8894;6.45
4;5;1;0;1;1;0;0.8894;6.46
4;5;1;2;1;0;0;0.8894;6.46
1;5;1;0;1;0;0;0.8894;6.49
4;4;1;2;1;1;0;0.8894;6.49
1;4;1;0;1;1;0;0.8894;6.53
4;1;1;2;1;0;1;0.8894;6.53
4;3;1;0;1;1;1;0.8894;6.54
4;0;1;2;1;1;0;0.8894;6.57
4;0;1;2;1;1;1;0.8894;6.58
4;1;1;0;1;0;1;0.8894;6.62
1;4;1;0;1;1;1;0.8894;6.67
4;3;1;0;1;1;0;0.8894;6.67
4;5;1;0;1;1;1;0.8894;6.69
5;2;1;0;1;0;0;0.8894;6.74
4;2;1;0;1;1;0;0.8894;6.8
6;1;1;0;1;0;0;0.8894;6.83
4;2;1;0;1;1;1;0.8894;6.96
6;0;1;0;1;0;1;0.8894;7.15
1;2;1;0;1;1;0;0.8894;7.16
1;5;1;0;1;1;1;0.8894;7.18
1;0;1;0;1;1;1;0.8894;7.35
6;1;1;0;1;0;1;0.8894;7.53
5;2;1;0;1;1;0;0.8894;8.83
5;2;1;0;1;0;1;0.8894;8.93
5;2;1;0;1;1;1;0.8894;9.64
1;2;1;0;1;1;1;0.8894;10.27
1;1;0;2;0;1;0;0.8884;1.56
1;3;0;2;0;1;1;0.8884;1.62
1;1;0;2;0;1;1;0.8884;1.63
1;2;1;2;0;0;0;0.8884;1.76
1;0;1;2;0;0;0;0.8884;1.78
1;2;1;2;0;0;1;0.8884;1.81
1;5;1;2;0;1;0;0.8884;1.84
1;5;1;2;0;1;1;0.8884;1.88
1;3;1;2;0;0;1;0.8884;2.01
1;3;1;2;0;1;0;0.8884;2.01
1;4;1;2;0;1;1;0.8884;2.15
1;0;0;2;0;1;0;0.8884;2.27
1;3;0;2;0;1;0;0.8884;2.4
1;4;1;2;0;1;0;0.8884;2.42
1;5;1;2;0;0;1;0.8884;2.44
1;4;1;2;0;0;1;0.8884;2.53
1;2;0;2;0;1;0;0.8884;3.0
1;0;0;2;0;1;1;0.8884;3.08
1;5;0;2;0;1;0;0.8884;3.11
1;2;0;2;0;1;1;0.8884;3.14
1;5;1;2;0;0;0;0.8884;3.17
1;4;0;2;0;1;0;0.8884;3.18
1;1;1;2;0;1;0;0.8884;3.33
1;0;1;2;0;1;0;0.8884;3.34
1;4;1;2;0;0;0;0.8884;3.35
1;2;1;2;0;1;0;0.8884;3.37
1;3;1;2;0;0;0;0.8884;3.42
1;4;0;2;0;1;1;0.8884;3.45
1;5;0;2;0;1;1;0.8884;3.45
1;0;1;2;0;0;1;0.8884;3.49
1;1;1;2;0;0;1;0.8884;3.49
1;1;1;2;0;0;0;0.8884;3.51
1;2;1;2;0;1;1;0.8884;3.55
1;1;1;2;0;1;1;0.8884;3.58
1;0;1;2;0;1;1;0.8884;3.59
1;3;1;2;0;1;1;0.8884;3.67
5;1;0;0;1;0;0;0.8841;4.16
5;1;0;0;1;1;1;0.8841;4.95
5;1;0;0;1;1;0;0.8841;4.96
5;1;0;0;1;0;1;0.8841;5.18
4;2;4;2;0;1;0;0.8822;6.02
4;2;4;2;0;1;1;0.8822;6.45
4;5;4;2;0;1;1;0.8822;6.46
4;5;4;2;0;0;0;0.8822;6.85
4;2;4;2;0;0;0;0.8822;6.94
4;5;4;2;0;0;1;0.8822;7.1
4;5;4;2;0;1;0;0.8822;7.25
4;2;4;2;0;0;1;0.8822;8.81
4;4;4;0;0;1;0;0.8821;3.66
4;3;4;0;0;0;0;0.8821;4.05
4;4;4;0;0;0;1;0.8821;4.34
4;3;4;0;0;0;1;0.8821;4.58
4;3;4;0;0;1;0;0.8821;4.67
4;1;4;0;0;0;0;0.8821;5.86
4;4;4;0;0;0;0;0.8821;6.73
4;4;4;0;0;1;1;0.8821;6.85
4;1;4;0;0;1;0;0.8821;7.26
4;1;4;0;0;0;1;0.8821;7.29
4;1;4;0;0;1;1;0.8821;7.41
4;3;4;0;0;1;1;0.8821;8.26
6;0;1;2;1;0;1;0.8811;6.0
6;1;1;2;1;0;0;0.8811;6.33
6;1;1;2;1;0;1;0.8811;6.33
6;0;1;2;1;1;1;0.8811;6.43
6;0;1;2;1;0;0;0.8811;6.63
6;0;1;2;1;1;0;0.8811;6.82
6;1;1;2;1;1;0;0.8811;7.08
6;1;1;2;1;1;1;0.8811;7.18
5;0;1;1;1;0;0;0.8736;2.15
5;0;1;1;1;1;0;0.8736;2.3
6;4;1;1;1;0;1;0.8736;2.61
6;3;1;1;1;0;0;0.8736;2.67
5;0;1;1;1;0;1;0.8736;2.88
6;4;1;1;1;0;0;0.8736;2.99
6;3;1;1;1;1;1;0.8736;3.12
6;4;1;1;1;1;0;0.8736;4.26
6;3;1;1;1;0;1;0.8736;4.86
6;3;1;1;1;1;0;0.8736;4.97
5;0;1;1;1;1;1;0.8736;5.3
6;4;1;1;1;1;1;0.8736;5.73
6;3;1;0;0;0;0;0.873;2.03
6;3;1;0;0;0;1;0.873;2.13
6;3;1;0;0;1;0;0.873;2.14
6;3;1;0;0;1;1;0.873;2.2
0;3;1;0;0;0;0;0.873;3.54
0;4;1;0;0;0;0;0.873;3.55
0;3;1;0;0;1;0;0.873;3.59
0;3;1;0;0;0;1;0.873;3.73
0;4;1;0;0;0;1;0.873;3.75
0;4;1;0;0;1;0;0.873;3.77
6;4;1;0;0;0;0;0.873;3.78
0;3;1;0;0;1;1;0.873;3.79
0;4;1;0;0;1;1;0.873;3.94
6;4;1;0;0;0;1;0.873;3.96
6;4;1;0;0;1;0;0.873;4.23
6;4;1;0;0;1;1;0.873;4.56
0;2;1;2;0;1;0;0.8715;1.75
0;2;1;2;0;0;0;0.8715;1.81
0;5;1;2;0;1;0;0.8715;1.86
0;2;1;2;0;0;1;0.8715;1.88
6;5;1;2;0;0;0;0.8715;1.96
0;5;1;2;0;0;0;0.8715;2.01
5;5;1;2;0;0;1;0.8715;2.09
0;5;1;2;0;1;1;0.8715;2.36
0;2;1;2;0;1;1;0.8715;2.37
6;2;1;2;0;0;0;0.8715;2.67
6;2;1;2;0;1;0;0.8715;2.73
5;5;1;2;0;1;1;0.8715;2.79
6;2;1;2;0;0;1;0.8715;2.89
0;5;1;2;0;0;1;0.8715;2.93
5;5;1;2;0;0;0;0.8715;3.44
5;2;1;2;0;1;1;0.8715;3.45
3;1;1;2;1;0;0;0.8715;3.51
3;1;1;2;1;1;1;0.8715;3.54
3;1;1;2;1;1;0;0.8715;3.56
3;0;1;2;1;0;0;0.8715;3.57
6;5;1;2;0;1;0;0.8715;3.81
3;1;1;2;1;0;1;0.8715;3.93
6;5;1;2;0;0;1;0.8715;4.08
6;5;1;2;0;1;1;0.8715;4.22
6;2;1;2;0;1;1;0.8715;4.27
5;5;1;2;0;1;0;0.8715;4.63
3;0;1;2;1;0;1;0.8715;6.04
3;0;1;2;1;1;0;0.8715;6.5
5;2;1;2;0;0;0;0.8715;6.51
5;2;1;2;0;1;0;0.8715;6.74
3;0;1;2;1;1;1;0.8715;6.78
5;2;1;2;0;0;1;0.8715;7.05
3;4;1;2;0;0;0;0.8709;3.57
3;2;1;2;1;0;0;0.8709;3.6
3;3;1;2;0;1;0;0.8709;3.61
3;3;1;2;0;0;1;0.8709;3.65
3;4;1;2;0;0;1;0.8709;3.65
3;4;1;2;0;1;1;0.8709;3.7
3;3;1;2;0;1;1;0.8709;3.77
3;4;1;2;0;1;0;0.8709;3.86
3;5;1;2;1;1;1;0.8709;4.22
3;2;1;2;1;0;1;0.8709;5.06
3;3;1;2;0;0;0;0.8709;5.15
3;3;1;2;1;0;1;0.8709;5.47
3;5;1;2;1;1;0;0.8709;5.83
3;3;1;2;1;0;0;0.8709;6.09
3;5;1;2;1;0;1;0.8709;6.13
3;4;1;2;1;0;0;0.8709;6.56
3;3;1;2;1;1;0;0.8709;6.81
3;4;1;2;1;0;1;0.8709;6.86
3;2;1;2;1;1;1;0.8709;6.98
3;3;1;2;1;1;1;0.8709;6.99
3;5;1;2;1;0;0;0.8709;6.99
3;2;1;2;1;1;0;0.8709;7.0
3;4;1;2;1;1;1;0.8709;7.31
3;4;1;2;1;1;0;0.8709;8.25
0;0;0;2;0;0;1;0.8656;1.73
6;0;0;2;0;1;0;0.8656;2.28
0;0;0;2;0;0;0;0.8656;2.31
6;0;0;2;0;1;1;0.8656;2.87
6;0;0;2;0;0;0;0.8656;3.28
0;0;0;2;0;1;0;0.8656;3.6
6;0;0;2;0;0;1;0.8656;3.63
0;0;0;2;0;1;1;0.8656;4.27
2;0;0;2;0;1;0;0.8656;5.38
2;0;0;2;0;0;0;0.8656;6.89
2;0;0;2;0;1;1;0.8656;7.04
2;0;0;2;0;0;1;0.8656;7.36
3;1;3;1;1;0;0;0.8649;0.9
3;4;3;1;1;0;0;0.8649;0.9
3;3;3;1;0;1;0;0.8649;0.92
3;3;3;1;1;0;0;0.8649;0.92
3;4;3;1;1;1;0;0.8649;0.92
3;1;3;1;1;1;0;0.8649;0.93
3;4;3;1;0;0;0;0.8649;0.97
3;4;3;1;0;1;0;0.8649;1.07
3;5;3;1;0;0;0;0.8649;1.23
3;3;3;1;1;0;1;0.8649;1.32
3;4;3;1;0;0;1;0.8649;1.32
3;5;3;1;1;0;1;0.8649;1.32
3;1;3;1;1;1;1;0.8649;1.36
3;3;3;1;0;0;1;0.8649;1.36
3;1;3;1;0;1;1;0.8649;1.37
3;3;3;1;1;1;0;0.8649;1.37
3;3;3;1;1;1;1;0.8649;1.37
3;4;3;1;0;1;1;0.8649;1.37
3;4;3;1;1;0;1;0.8649;1.37
3;5;3;1;1;0;0;0.8649;1.37
3;1;3;1;1;0;1;0.8649;1.38
3;2;3;1;1;1;1;0.8649;1.4
3;3;3;1;0;1;1;0.8649;1.42
3;2;3;1;0;0;1;0.8649;1.44
3;2;3;1;0;0;0;0.8649;1.63
5;1;3;1;0;0;0;0.8649;1.64
3;0;3;1;0;0;0;0.8649;1.71
3;3;3;1;0;0;0;0.8649;1.71
3;0;3;1;1;0;0;0.8649;1.74
3;2;3;1;0;1;0;0.8649;1.74
3;5;3;1;0;1;0;0.8649;1.74
6;1;3;1;1;1;1;0.8649;1.75
0;1;3;1;1;1;0;0.8649;1.76
3;2;3;1;1;1;0;0.8649;1.81
0;1;3;1;0;1;1;0.8649;1.84
3;1;3;1;0;1;0;0.8649;1.87
3;4;3;1;1;1;1;0.8649;1.91
3;5;3;1;0;1;1;0.8649;1.91
0;1;3;1;0;1;0;0.8649;1.95
3;2;3;1;1;0;0;0.8649;1.96
3;1;3;1;0;0;0;0.8649;2.01
3;0;3;1;0;1;0;0.8649;2.06
3;0;3;1;1;1;0;0.8649;2.14
6;1;3;1;1;1;0;0.8649;2.18
3;5;3;1;0;0;1;0.8649;2.19
6;1;3;1;0;1;0;0.8649;2.26
3;5;3;1;1;1;0;0.8649;2.3
5;1;3;1;1;1;0;0.8649;2.47
5;1;3;1;1;0;0;0.8649;2.52
3;0;3;1;0;0;1;0.8649;2.54
3;0;3;1;1;0;1;0.8649;2.54
0;1;3;1;1;1;1;0.8649;2.68
3;2;3;1;1;0;1;0.8649;2.75
3;5;3;1;1;1;1;0.8649;2.82
6;1;3;1;0;1;1;0.8649;2.92
5;1;3;1;0;1;0;0.8649;2.99
5;1;3;1;1;1;1;0.8649;3.14
3;2;3;1;0;1;1;0.8649;3.36
5;1;3;1;0;1;1;0.8649;3.51
3;0;3;1;0;1;1;0.8649;3.52
3;0;3;1;1;1;1;0.8649;3.67
5;1;3;1;0;0;1;0.8649;3.69
3;1;3;1;0;0;1;0.8649;3.71
5;1;3;1;1;0;1;0.8649;4.06
0;1;1;1;1;0;0;0.8636;1.95
0;1;1;1;1;0;1;0.8636;2.53
0;1;1;1;1;1;1;0.8636;2.82
0;1;1;1;1;1;0;0.8636;3.96
6;1;1;1;1;1;0;0.8636;5.16
6;1;1;1;1;0;1;0.8636;5.17
6;1;1;1;1;0;0;0.8636;5.32
6;1;1;1;1;1;1;0.8636;6.06
5;1;1;1;1;0;0;0.8636;6.75
5;1;1;1;1;1;0;0.8636;7.04
5;1;1;1;1;0;1;0.8636;7.53
5;1;1;1;1;1;1;0.8636;7.57
1;4;0;2;0;0;0;0.8623;1.57
1;0;0;2;0;0;1;0.8623;2.09
1;0;0;2;0;0;0;0.8623;2.39
1;4;0;2;0;0;1;0.8623;2.74
1;1;0;2;0;0;1;0.8623;2.79
1;1;0;2;0;0;0;0.8623;2.9
1;3;0;2;0;0;0;0.8623;2.92
1;2;0;2;0;0;0;0.8623;2.94
1;2;0;2;0;0;1;0.8623;3.13
1;5;0;2;0;0;1;0.8623;3.2
1;3;0;2;0;0;1;0.8623;3.24
1;5;0;2;0;0;0;0.8623;3.44
0;3;3;1;0;1;0;0.8577;0.91
0;0;3;1;0;1;0;0.8577;0.92
0;3;3;1;1;0;0;0.8577;0.92
0;3;3;1;1;1;0;0.8577;0.98
0;2;3;1;0;1;0;0.8577;0.99
0;4;3;1;1;0;0;0.8577;1.14
0;0;3;1;1;0;0;0.8577;1.15
0;3;3;1;0;0;1;0.8577;1.19
0;3;3;1;1;0;1;0.8577;1.21
0;3;3;1;1;1;1;0.8577;1.22
0;0;3;1;1;1;1;0.8577;1.23
0;0;3;1;0;1;1;0.8577;1.25
0;3;3;1;0;1;1;0.8577;1.25
0;4;3;1;1;0;1;0.8577;1.26
0;5;3;1;1;1;0;0.8577;1.34
0;4;3;1;1;1;0;0.8577;1.56
0;5;3;1;1;1;1;0.8577;1.62
0;0;3;1;1;0;1;0.8577;1.63
0;0;3;1;1;1;0;0.8577;1.69
0;2;3;1;0;0;0;0.8577;1.69
0;0;3;1;0;0;0;0.8577;1.7
0;3;3;1;0;0;0;0.8577;1.71
0;4;3;1;0;0;0;0.8577;1.71
0;5;3;1;0;0;0;0.8577;1.75
0;4;3;1;0;1;0;0.8577;1.77
0;5;3;1;0;1;0;0.8577;1.77
0;2;3;1;1;1;0;0.8577;1.9
6;0;3;1;1;1;1;0.8577;1.94
0;5;3;1;1;0;0;0.8577;1.95
6;0;3;1;1;0;0;0.8577;1.96
6;3;3;1;0;0;0;0.8577;1.99
6;5;3;1;1;0;0;0.8577;1.99
0;2;3;1;1;0;0;0.8577;2.01
6;3;3;1;1;1;0;0.8577;2.04
6;5;3;1;1;1;0;0.8577;2.04
6;3;3;1;1;0;0;0.8577;2.05
6;3;3;1;0;1;0;0.8577;2.06
6;5;3;1;0;0;0;0.8577;2.08
6;2;3;1;0;0;0;0.8577;2.09
6;4;3;1;0;0;0;0.8577;2.1
6;2;3;1;1;0;0;0.8577;2.13
6;0;3;1;1;1;0;0.8577;2.15
6;4;3;1;0;1;0;0.8577;2.15
6;2;3;1;0;1;0;0.8577;2.16
6;2;3;1;1;1;0;0.8577;2.16
6;4;3;1;1;1;0;0.8577;2.19
0;2;3;1;0;0;1;0.8577;2.23
0;4;3;1;0;1;1;0.8577;2.24
0;4;3;1;0;0;1;0.8577;2.29
0;0;3;1;0;0;1;0.8577;2.3
0;5;3;1;1;0;1;0.8577;2.3
0;5;3;1;0;0;1;0.8577;2.32
6;0;3;1;0;1;0;0.8577;2.35
6;4;3;1;1;0;0;0.8577;2.38
6;5;3;1;0;1;0;0.8577;2.4
0;4;3;1;1;1;1;0.8577;2.42
0;5;3;1;0;1;1;0.8577;2.44
0;2;3;1;1;0;1;0.8577;2.51
0;2;3;1;1;1;1;0.8577;2.52
6;5;3;1;1;0;1;0.8577;2.55
6;3;3;1;1;0;1;0.8577;2.56
6;0;3;1;0;1;1;0.8577;2.57
6;3;3;1;0;0;1;0.8577;2.59
6;3;3;1;0;1;1;0.8577;2.61
6;3;3;1;1;1;1;0.8577;2.61
6;5;3;1;1;1;1;0.8577;2.61
6;5;3;1;0;0;1;0.8577;2.62
6;4;3;1;0;0;1;0.8577;2.67
6;4;3;1;1;1;1;0.8577;2.71
6;4;3;1;1;0;1;0.8577;2.72
6;0;3;1;0;0;0;0.8577;2.74
0;2;3;1;0;1;1;0.8577;2.75
6;2;3;1;0;0;1;0.8577;2.75
6;2;3;1;1;0;1;0.8577;2.75
6;2;3;1;1;1;1;0.8577;2.77
6;2;3;1;0;1;1;0.8577;2.78
6;4;3;1;0;1;1;0.8577;2.78
6;5;3;1;0;1;1;0.8577;2.79
6;0;3;1;1;0;1;0.8577;2.93
2;0;3;1;1;1;0;0.8577;3.58
6;0;3;1;0;0;1;0.8577;3.76
2;0;3;1;0;0;0;0.8577;4.15
2;0;3;1;1;0;1;0.8577;4.53
2;0;3;1;1;1;1;0.8577;4.74
2;0;3;1;1;0;0;0.8577;5.46
2;0;3;1;0;1;0;0.8577;6.25
2;0;3;1;0;1;1;0.8577;6.43
2;0;3;1;0;0;1;0.8577;6.77
4;3;4;2;0;0;0;0.8503;3.69
4;4;4;2;0;1;1;0.8503;3.99
4;3;4;2;0;0;1;0.8503;4.25
4;3;4;2;0;1;0;0.8503;4.56
4;4;4;2;0;1;0;0.8503;6.03
4;0;4;2;0;0;0;0.8503;6.83
4;0;4;2;0;0;1;0.8503;7.01
4;4;4;2;0;0;1;0.8503;7.62
4;3;4;2;0;1;1;0.8503;7.69
4;0;4;2;0;1;0;0.8503;7.8
4;0;4;2;0;1;1;0.8503;7.98
4;4;4;2;0;0;0;0.8503;8.11
1;1;4;2;0;0;0;0.8499;3.53
1;1;4;2;0;1;1;0.8499;3.65
1;4;4;2;0;1;0;0.8499;4.1
1;4;4;2;0;1;1;0.8499;4.78
1;1;4;2;0;1;0;0.8499;5.01
1;2;4;2;0;0;1;0.8499;5.1
1;1;4;2;0;0;1;0.8499;5.13
1;4;4;2;0;0;1;0.8499;5.32
1;5;4;2;0;1;1;0.8499;5.63
1;4;4;2;0;0;0;0.8499;5.66
1;5;4;2;0;1;0;0.8499;5.88
1;2;4;2;0;1;0;0.8499;5.95
1;3;4;2;0;1;0;0.8499;6.01
1;3;4;2;0;0;0;0.8499;6.12
1;2;4;2;0;0;0;0.8499;6.15
1;3;4;2;0;0;1;0.8499;6.19
1;2;4;2;0;1;1;0.8499;6.21
1;0;4;2;0;1;1;0.8499;6.35
1;3;4;2;0;1;1;0.8499;6.36
1;0;4;2;0;0;0;0.8499;6.5
1;0;4;2;0;0;1;0.8499;7.04
1;0;4;2;0;1;0;0.8499;7.24
1;5;4;2;0;0;0;0.8499;7.75
1;5;4;2;0;0;1;0.8499;7.81
0;0;1;1;0;1;0;0.8468;1.04
0;0;1;1;0;0;0;0.8468;1.1
0;0;1;1;0;0;1;0.8468;1.2
6;4;1;1;0;0;0;0.8468;1.22
6;3;1;1;0;0;0;0.8468;1.24
6;4;1;1;0;1;0;0.8468;1.24
5;0;1;1;0;1;0;0.8468;1.25
5;0;1;1;0;0;0;0.8468;1.27
6;4;1;1;0;1;1;0.8468;1.29
0;4;1;1;0;1;0;0.8468;1.34
5;0;1;1;0;1;1;0.8468;1.4
5;0;1;1;0;0;1;0.8468;1.41
0;0;1;1;0;1;1;0.8468;1.42
0;4;1;1;0;0;1;0.8468;1.63
0;4;1;1;0;0;0;0.8468;1.71
0;4;1;1;0;1;1;0.8468;1.72
6;4;1;1;0;0;1;0.8468;1.73
0;3;1;1;0;0;0;0.8468;2.0
5;3;1;1;0;0;0;0.8468;2.01
0;3;1;1;0;1;0;0.8468;2.02
0;3;1;1;0;0;1;0.8468;2.12
6;0;1;1;0;0;0;0.8468;2.22
6;3;1;1;0;0;1;0.8468;2.27
6;0;1;1;0;1;0;0.8468;2.32
6;3;1;1;0;1;0;0.8468;2.38
6;0;1;1;0;0;1;0.8468;2.41
5;3;1;1;0;0;1;0.8468;2.51
0;3;1;1;0;1;1;0.8468;2.57
6;0;1;1;0;1;1;0.8468;2.61
6;3;1;1;0;1;1;0.8468;2.65
5;4;1;1;0;0;1;0.8468;2.68
5;4;1;1;0;1;0;0.8468;2.84
5;3;1;1;0;1;0;0.8468;3.09
5;4;1;1;0;0;0;0.8468;3.23
5;3;1;1;0;1;1;0.8468;3.38
5;4;1;1;0;1;1;0.8468;3.4
2;0;1;2;1;0;1;0.8465;4.83
2;0;1;2;1;0;0;0.8465;5.07
2;0;0;2;1;0;0;0.8465;6.33
2;0;1;2;1;1;0;0.8465;6.97
2;0;0;2;1;0;1;0.8465;7.84
2;0;0;2;1;1;0;0.8465;8.85
2;0;0;2;1;1;1;0.8465;9.11
2;0;1;2;1;1;1;0.8465;9.39
1;0;0;0;0;0;0;0.8413;1.65
1;5;0;0;0;0;1;0.8413;1.72
1;1;0;0;0;1;1;0.8413;1.77
1;5;0;0;0;0;0;0.8413;1.87
1;0;0;0;0;1;1;0.8413;1.97
1;5;0;0;0;1;0;0.8413;2.01
1;0;0;0;0;0;1;0.8413;2.14
1;2;0;0;0;0;0;0.8413;2.18
1;2;0;0;0;0;1;0.8413;2.37
1;0;0;0;0;1;0;0.8413;2.64
1;2;0;0;0;1;0;0.8413;2.68
1;4;0;0;0;1;1;0.8413;2.89
1;4;0;0;0;0;0;0.8413;2.92
1;3;0;0;0;0;0;0.8413;3.17
1;3;0;0;0;1;0;0.8413;3.17
1;2;0;0;0;1;1;0.8413;3.25
1;4;0;0;0;1;0;0.8413;3.38
1;3;0;0;0;0;1;0.8413;3.43
1;5;0;0;0;1;1;0.8413;3.46
1;3;0;0;0;1;1;0.8413;3.55
1;4;0;0;0;0;1;0.8413;3.72
1;1;0;0;0;1;0;0.8413;3.77
1;1;0;0;0;0;0;0.8413;3.92
1;1;0;0;0;0;1;0.8413;4.28
0;5;1;1;0;0;0;0.839;1.02
0;1;1;1;0;0;0;0.839;1.03
0;1;1;1;0;1;0;0.839;1.08
0;1;1;1;0;0;1;0.839;1.11
0;1;1;1;0;1;1;0.839;1.14
6;5;1;1;0;0;0;0.839;1.21
6;2;1;1;0;1;1;0.839;1.28
6;2;1;1;0;0;1;0.839;1.29
6;5;1;1;0;0;1;0.839;1.3
6;5;1;1;0;1;1;0.839;1.34
6;5;1;1;0;1;0;0.839;1.53
0;5;1;1;0;0;1;0.839;1.56
6;2;1;1;0;1;0;0.839;1.59
6;1;1;1;0;1;0;0.839;1.64
6;2;1;1;0;0;0;0.839;1.7
0;5;1;1;0;1;0;0.839;1.77
0;1;1;0;0;0;0;0.839;1.83
3;0;1;0;0;0;0;0.839;1.83
3;2;1;0;0;0;0;0.839;1.83
0;2;1;0;0;0;0;0.839;1.84
0;1;1;0;0;1;0;0.839;1.86
3;0;1;0;0;1;0;0.839;1.89
0;2;1;1;0;0;0;0.839;1.93
0;5;1;1;0;1;1;0.839;1.96
0;1;1;0;0;0;1;0.839;1.97
0;1;1;0;0;1;1;0.839;1.97
0;0;1;0;0;0;1;0.839;1.98
3;2;1;0;0;0;1;0.839;2.0
5;1;1;0;0;0;0;0.839;2.01
0;2;1;1;0;1;0;0.839;2.1
5;1;1;0;0;0;1;0.839;2.12
0;2;1;1;0;0;1;0.839;2.13
5;1;1;0;0;1;1;0.839;2.15
0;2;1;0;0;1;0;0.839;2.2
0;2;1;1;0;1;1;0.839;2.23
6;1;1;1;0;0;0;0.839;2.23
5;5;1;0;0;1;0;0.839;2.28
0;0;1;0;0;1;0;0.839;2.36
5;1;1;0;0;1;0;0.839;2.41
5;5;1;1;0;0;0;0.839;2.42
0;0;1;0;0;0;0;0.839;2.47
3;2;1;0;0;1;0;0.839;2.52
0;2;1;0;0;0;1;0.839;2.7
6;1;1;0;0;1;0;0.839;2.72
6;1;1;1;0;1;1;0.839;2.88
6;1;1;1;0;0;1;0.839;2.89
5;2;1;1;0;1;0;0.839;2.91
3;4;1;0;0;1;1;0.839;3.0
5;2;1;1;0;0;1;0.839;3.03
6;0;1;0;0;1;1;0.839;3.13
5;2;1;1;0;1;1;0.839;3.16
6;5;1;0;0;0;0;0.839;3.17
6;0;1;0;0;1;0;0.839;3.21
3;1;1;0;0;1;1;0.839;3.25
5;5;1;1;0;0;1;0.839;3.26
6;1;1;0;0;0;0;0.839;3.35
6;1;1;0;0;0;1;0.839;3.35
5;5;1;1;0;1;0;0.839;3.36
3;0;1;0;0;0;1;0.839;3.41
3;5;1;0;0;1;1;0.839;3.43
3;4;1;0;0;0;0;0.839;3.53
6;2;1;0;0;0;1;0.839;3.55
5;1;1;1;0;0;0;0.839;3.6
3;1;1;0;0;0;0;0.839;3.61
3;3;1;0;0;0;0;0.839;3.61
5;2;1;1;0;0;0;0.839;3.61
0;5;1;0;0;1;0;0.839;3.62
3;1;1;0;0;0;1;0.839;3.64
3;1;1;0;0;1;0;0.839;3.64
3;5;1;0;0;1;0;0.839;3.66
0;5;1;0;0;0;0;0.839;3.68
3;3;1;0;0;1;0;0.839;3.71
3;4;1;0;0;1;0;0.839;3.71
5;5;1;1;0;1;1;0.839;3.71
3;4;1;0;0;0;1;0.839;3.73
0;0;1;0;0;1;1;0.839;3.78
0;2;1;0;0;1;1;0.839;3.78
3;3;1;0;0;0;1;0.839;3.8
0;5;1;0;0;1;1;0.839;3.81
5;1;1;1;0;1;0;0.839;3.82
3;5;1;0;0;0;1;0.839;3.84
0;5;1;0;0;0;1;0.839;3.85
3;0;1;0;0;1;1;0.839;3.89
3;3;1;0;0;1;1;0.839;3.91
5;0;1;0;0;0;0;0.839;3.92
6;5;1;0;0;1;0;0.839;3.94
5;1;1;1;0;0;1;0.839;3.95
5;0;1;0;0;1;0;0.839;3.99
5;5;1;0;0;1;1;0.839;3.99
6;0;1;0;0;0;0;0.839;4.02
3;5;1;0;0;0;0;0.839;4.03
6;2;1;0;0;0;0;0.839;4.03
6;2;1;0;0;1;1;0.839;4.07
5;0;1;0;0;0;1;0.839;4.08
3;2;1;0;0;1;1;0.839;4.1
6;2;1;0;0;1;0;0.839;4.1
6;5;1;0;0;0;1;0.839;4.1
6;0;1;0;0;0;1;0.839;4.11
6;1;1;0;0;1;1;0.839;4.12
6;5;1;0;0;1;1;0.839;4.13
5;5;1;0;0;0;1;0.839;4.14
5;0;1;0;0;1;1;0.839;4.21
5;1;1;1;0;1;1;0.839;4.22
5;5;1;0;0;0;0;0.839;4.59
5;3;1;0;0;1;0;0.839;4.87
5;3;1;0;0;1;1;0.839;4.89
5;4;1;0;0;0;0;0.839;4.91
5;3;1;0;0;0;1;0.839;5.1
5;4;1;0;0;1;1;0.839;5.31
5;3;1;0;0;0;0;0.839;5.35
5;2;1;0;0;1;0;0.839;5.46
5;1;1;2;0;0;0;0.839;5.96
5;2;1;0;0;1;1;0.839;6.16
5;1;1;2;0;1;0;0.839;6.19
5;4;1;0;0;1;0;0.839;6.3
5;1;1;2;0;0;1;0.839;6.33
5;4;1;0;0;0;1;0.839;6.51
5;2;1;0;0;0;0;0.839;6.57
5;1;1;2;0;1;1;0.839;7.17
5;2;1;0;0;0;1;0.839;7.47
6;0;0;2;1;0;1;0.837;3.09
6;0;0;2;1;1;0;0.837;3.24
6;1;0;2;1;0;0;0.837;3.43
6;0;0;2;1;1;1;0.837;3.51
2;0;1;2;0;1;1;0.837;3.96
6;1;0;2;1;1;1;0.837;4.12
2;0;1;2;0;1;0;0.837;4.79
6;1;0;2;1;0;1;0.837;4.82
6;0;5;2;0;0;0;0.837;4.88
6;0;0;2;1;0;0;0.837;5.63
6;1;5;2;0;1;0;0.837;6.14
6;0;5;2;0;1;1;0.837;6.21
6;1;4;2;1;0;0;0.837;6.24
6;1;5;2;0;0;0;0.837;6.31
6;1;0;2;1;1;0;0.837;6.37
6;0;4;2;1;0;0;0.837;6.38
6;0;4;2;1;0;1;0.837;6.45
6;0;4;2;1;1;0;0.837;6.54
6;1;4;2;1;1;0;0.837;6.56
6;0;4;2;1;1;1;0.837;6.59
6;1;4;2;1;1;1;0.837;6.72
6;1;4;2;1;0;1;0.837;6.88
6;1;5;2;0;1;1;0.837;7.43
6;1;5;2;0;0;1;0.837;7.85
6;0;5;2;0;1;0;0.837;7.98
6;0;5;2;0;0;1;0.837;8.02
1;2;1;0;0;0;0;0.8361;1.75
1;1;1;0;0;0;0;0.8361;1.77
1;1;1;0;0;1;0;0.8361;1.82
1;2;1;0;0;1;0;0.8361;1.83
1;1;1;0;0;1;1;0.8361;1.9
1;2;1;0;0;0;1;0.8361;1.96
1;0;1;0;0;0;0;0.8361;2.05
1;0;1;0;0;1;1;0.8361;2.05
1;0;1;0;0;1;0;0.8361;2.13
1;0;1;0;0;0;1;0.8361;2.44
1;3;1;0;0;0;0;0.8361;2.45
1;3;1;0;0;1;0;0.8361;2.58
1;1;1;0;0;0;1;0.8361;2.61
1;3;1;0;0;0;1;0.8361;2.64
1;4;1;0;0;0;1;0.8361;3.17
1;2;1;0;0;1;1;0.8361;3.33
1;4;1;0;0;0;0;0.8361;3.38
1;5;1;0;0;0;0;0.8361;3.44
1;3;1;0;0;1;1;0.8361;3.58
1;5;1;0;0;1;0;0.8361;3.59
1;4;1;0;0;1;1;0.8361;3.79
1;4;1;0;0;1;0;0.8361;3.91
1;5;1;0;0;1;1;0.8361;3.92
1;5;1;0;0;0;1;0.8361;4.1
5;0;1;0;1;1;1;0.8359;3.3
6;3;1;0;1;0;0;0.8359;3.3
5;3;1;0;1;1;0;0.8359;3.33
6;3;1;0;1;1;0;0.8359;3.35
6;3;1;0;1;0;1;0.8359;3.47
5;0;1;0;1;1;0;0.8359;3.51
6;3;1;0;1;1;1;0.8359;3.82
6;4;1;0;1;1;1;0.8359;4.23
0;0;1;0;1;1;1;0.8359;5.04
0;3;1;0;1;1;0;0.8359;5.04
0;3;1;0;1;0;0;0.8359;5.36
0;0;1;0;1;0;0;0.8359;5.52
0;3;1;0;1;0;1;0.8359;5.59
0;4;1;0;1;0;0;0.8359;5.6
0;4;1;0;1;0;1;0.8359;5.63
0;4;1;0;1;1;1;0.8359;5.65
0;4;1;0;1;1;0;0.8359;5.68
0;0;1;0;1;1;0;0.8359;5.73
0;0;1;0;1;0;1;0.8359;5.79
0;3;1;0;1;1;1;0.8359;5.79
5;0;1;0;1;0;0;0.8359;5.81
5;3;1;0;1;1;1;0.8359;5.99
5;0;1;0;1;0;1;0.8359;6.04
6;4;1;0;1;0;0;0.8359;6.05
6;4;1;0;1;0;1;0.8359;6.24
6;4;1;0;1;1;0;0.8359;6.3
5;3;1;0;1;0;0;0.8359;6.56
5;3;1;0;1;0;1;0.8359;6.56
5;4;1;0;1;0;1;0.8359;6.88
5;4;1;0;1;0;0;0.8359;7.62
5;4;1;0;1;1;1;0.8359;9.26
5;4;1;0;1;1;0;0.8359;9.47
0;0;0;0;1;1;0;0.8351;3.41
0;1;0;0;1;1;1;0.8351;4.03
5;0;0;0;1;0;0;0.8351;4.53
0;0;0;0;1;0;1;0.8351;4.56
2;0;0;0;1;0;1;0.8351;4.81
0;0;0;0;1;1;1;0.8351;5.35
0;0;0;0;1;0;0;0.8351;5.52
5;0;0;0;1;1;0;0.8351;6.44
2;0;1;0;1;0;0;0.8351;6.68
5;0;0;0;1;0;1;0.8351;6.89
2;0;0;0;1;1;0;0.8351;7.12
0;1;0;0;1;1;0;0.8351;7.54
2;0;0;0;1;0;0;0.8351;7.74
0;1;0;0;1;0;0;0.8351;9.4
2;0;0;0;1;1;1;0.8351;9.49
2;0;1;0;1;0;1;0.8351;9.79
2;0;1;0;1;1;0;0.8351;10.0
2;0;1;0;1;1;1;0.8351;10.08
0;1;0;0;1;0;1;0.8351;10.09
5;0;0;0;1;1;1;0.8351;10.15
6;5;4;2;1;0;0;0.8317;3.34
6;2;4;2;1;1;0;0.8317;3.44
6;2;4;2;1;0;1;0.8317;3.51
3;4;4;2;1;1;0;0.8317;3.67
6;2;4;2;1;1;1;0.8317;3.81
3;3;0;2;1;0;1;0.8317;3.97
6;2;0;2;1;0;1;0.8317;3.97
3;4;4;2;1;1;1;0.8317;4.0
3;3;0;2;1;1;0;0.8317;4.05
3;4;0;2;1;1;1;0.8317;4.05
6;5;5;2;0;0;1;0.8317;4.2
6;5;4;2;1;0;1;0.8317;4.29
6;2;4;2;1;0;0;0.8317;4.33
6;5;0;2;1;0;0;0.8317;4.4
6;5;0;2;1;0;1;0.8317;4.42
3;4;4;2;1;0;1;0.8317;4.9
6;2;5;2;0;1;1;0.8317;4.9
3;3;4;2;1;1;1;0.8317;5.1
3;4;0;2;1;0;1;0.8317;5.14
6;5;5;2;0;1;0;0.8317;5.19
3;4;0;2;1;0;0;0.8317;5.22
6;5;0;2;1;1;0;0.8317;5.25
3;3;4;2;1;0;0;0.8317;5.32
6;2;5;2;0;0;0;0.8317;5.4
3;3;5;2;0;0;1;0.8317;5.65
3;3;4;2;1;0;1;0.8317;5.78
3;4;4;2;1;0;0;0.8317;5.8
6;2;5;2;0;0;1;0.8317;5.85
3;3;0;2;1;0;0;0.8317;5.92
6;2;0;2;1;1;0;0.8317;6.04
3;4;0;2;1;1;0;0.8317;6.12
3;4;5;2;0;0;1;0.8317;6.12
3;3;0;2;1;1;1;0.8317;6.3
6;5;0;2;1;1;1;0.8317;6.37
6;2;0;2;1;1;1;0.8317;6.39
6;5;4;2;1;1;0;0.8317;6.61
3;4;5;2;0;0;0;0.8317;6.71
6;5;4;2;1;1;1;0.8317;6.74
6;2;0;2;1;0;0;0.8317;6.89
6;5;5;2;0;0;0;0.8317;7.03
3;3;4;2;1;1;0;0.8317;7.19
6;2;5;2;0;1;0;0.8317;7.2
3;3;5;2;0;0;0;0.8317;7.36
6;5;5;2;0;1;1;0.8317;7.66
3;4;5;2;0;1;0;0.8317;8.06
3;4;5;2;0;1;1;0.8317;8.72
3;3;5;2;0;1;0;0.8317;8.92
3;3;5;2;0;1;1;0.8317;9.42
4;1;4;2;0;1;0;0.8308;5.15
4;1;4;2;0;1;1;0.8308;5.47
4;1;4;2;0;0;1;0.8308;6.74
4;1;4;2;0;0;0;0.8308;7.01
2;0;5;2;0;1;0;0.8302;5.65
2;0;5;2;0;0;0;0.8302;6.41
2;0;5;2;0;0;1;0.8302;6.75
2;0;4;2;1;0;1;0.8302;8.01
2;0;4;2;1;0;0;0.8302;8.89
2;0;4;2;1;1;1;0.8302;9.54
2;0;4;2;1;1;0;0.8302;10.36
2;0;5;2;0;1;1;0.8302;10.53
0;4;1;2;1;0;1;0.8225;2.85
0;4;1;2;1;1;0;0.8225;3.2
0;4;1;2;1;0;0;0.8225;3.65
0;4;1;2;1;1;1;0.8225;3.8
0;3;1;2;1;0;0;0.8225;3.96
0;3;1;2;1;0;1;0.8225;4.23
0;3;1;2;1;1;0;0.8225;4.31
0;3;1;2;1;1;1;0.8225;5.37
2;3;4;2;1;1;0;0.8207;4.92
2;3;4;2;1;0;0;0.8207;4.95
2;3;4;2;1;1;1;0.8207;5.3
2;3;4;2;1;0;1;0.8207;5.41
2;1;4;2;1;0;0;0.8207;5.74
2;1;5;2;0;0;0;0.8207;6.19
2;1;4;2;1;0;1;0.8207;8.85
2;3;5;2;0;0;1;0.8207;8.94
2;1;4;2;1;1;1;0.8207;9.21
2;4;4;2;1;0;0;0.8207;9.3
2;1;4;2;1;1;0;0.8207;9.34
2;4;5;2;0;0;1;0.8207;9.37
2;4;4;2;1;0;1;0.8207;9.58
2;4;4;2;1;1;1;0.8207;9.59
2;3;5;2;0;1;0;0.8207;9.83
2;1;5;2;0;0;1;0.8207;10.02
2;3;5;2;0;0;0;0.8207;10.49
2;1;5;2;0;1;0;0.8207;10.79
2;3;5;2;0;1;1;0.8207;10.9
2;4;4;2;1;1;0;0.8207;10.93
2;1;5;2;0;1;1;0.8207;10.99
2;4;5;2;0;1;1;0.8207;11.19
2;4;5;2;0;1;0;0.8207;11.76
2;4;5;2;0;0;0;0.8207;12.98
2;0;1;2;0;0;1;0.8175;4.32
2;0;1;2;0;0;0;0.8175;5.16
0;4;2;1;1;0;1;0.8173;0.99
6;3;2;1;0;0;0;0.8173;1.0
6;3;2;1;1;0;0;0.8173;1.0
0;4;2;1;0;1;0;0.8173;1.09
0;4;2;1;1;0;0;0.8173;1.11
6;3;2;1;1;0;1;0.8173;1.11
6;4;2;1;1;1;1;0.8173;1.19
0;4;2;1;1;1;0;0.8173;1.2
6;3;2;1;0;1;1;0.8173;1.2
0;4;2;1;0;1;1;0.8173;1.23
6;3;2;1;0;0;1;0.8173;1.32
0;3;2;1;0;1;0;0.8173;1.42
6;4;2;1;1;1;0;0.8173;1.42
0;4;2;1;0;0;0;0.8173;1.47
6;4;2;1;0;1;1;0.8173;1.48
0;3;2;1;0;0;1;0.8173;1.64
0;3;2;1;1;1;0;0.8173;1.66
0;3;2;1;0;0;0;0.8173;1.67
0;3;2;1;1;0;0;0.8173;1.81
0;4;2;1;1;1;1;0.8173;1.83
6;3;2;0;1;0;0;0.8173;1.83
6;3;2;0;1;1;0;0.8173;1.86
0;4;2;1;0;0;1;0.8173;1.89
6;3;2;1;1;1;0;0.8173;1.89
6;4;2;1;1;0;1;0.8173;1.9
0;3;2;1;1;0;1;0.8173;1.92
6;3;2;0;1;0;1;0.8173;1.95
6;4;2;1;1;0;0;0.8173;1.95
6;4;2;0;1;0;1;0.8173;1.96
0;3;2;1;0;1;1;0.8173;1.97
6;4;2;1;0;0;0;0.8173;2.0
0;4;2;0;1;1;0;0.8173;2.02
0;4;2;0;0;0;1;0.8173;2.03
6;4;2;1;0;1;0;0.8173;2.04
0;3;2;1;1;1;1;0.8173;2.05
6;3;2;1;0;1;0;0.8173;2.05
6;3;2;0;1;1;1;0.8173;2.12
6;4;2;1;0;0;1;0.8173;2.13
0;3;2;0;0;0;1;0.8173;2.14
6;3;2;1;1;1;1;0.8173;2.18
0;4;2;0;1;1;1;0.8173;2.2
0;3;2;0;1;0;0;0.8173;2.37
0;4;2;0;0;1;0;0.8173;2.44
6;4;2;0;1;1;0;0.8173;2.47
6;4;2;0;0;0;0;0.8173;2.57
6;3;2;0;0;1;1;0.8173;2.66
0;4;2;0;0;0;0;0.8173;2.67
0;3;2;0;0;0;0;0.8173;2.8
0;4;2;0;0;1;1;0.8173;2.96
0;4;2;0;1;0;0;0.8173;3.04
6;4;2;0;0;1;1;0.8173;3.09
6;4;2;0;1;1;1;0.8173;3.19
6;4;2;0;1;0;0;0.8173;3.28
0;3;2;0;1;1;0;0.8173;3.34
6;3;2;0;0;0;0;0.8173;3.41
0;4;2;0;1;0;1;0.8173;3.42
0;3;2;0;0;1;0;0.8173;3.43
6;4;2;0;0;1;0;0.8173;3.54
0;3;2;0;1;0;1;0.8173;3.6
6;3;2;0;0;0;1;0.8173;3.71
6;4;2;0;0;0;1;0.8173;3.74
6;3;2;0;0;1;0;0.8173;3.84
0;3;2;0;0;1;1;0.8173;4.05
0;3;2;0;1;1;1;0.8173;4.11
5;1;4;0;1;0;0;0.8161;3.02
5;1;5;0;0;0;0;0.8161;3.81
5;1;5;0;0;0;1;0.8161;4.98
5;1;4;0;1;0;1;0.8161;6.17
5;1;5;0;0;1;0;0.8161;6.17
5;1;5;0;0;1;1;0.8161;6.28
5;1;4;0;1;1;0;0.8161;6.3
5;1;4;0;1;1;1;0.8161;6.55
4;3;3;1;1;0;0;0.8137;0.98
4;4;3;1;1;0;0;0.8137;0.99
4;1;3;1;0;0;0;0.8137;1.0
4;5;3;1;0;0;0;0.8137;1.0
4;5;3;1;1;0;0;0.8137;1.0
4;3;3;1;0;0;0;0.8137;1.03
4;5;3;1;1;1;0;0.8137;1.03
4;4;3;1;1;1;0;0.8137;1.04
4;1;3;1;1;1;0;0.8137;1.05
4;3;3;1;0;1;0;0.8137;1.07
4;5;3;1;0;1;0;0.8137;1.26
4;3;3;1;1;1;0;0.8137;1.32
4;4;3;1;1;1;1;0.8137;1.51
4;3;3;1;1;0;1;0.8137;1.52
4;4;3;1;0;1;1;0.8137;1.54
4;5;3;1;1;1;1;0.8137;1.54
4;3;3;1;0;0;1;0.8137;1.55
4;1;3;1;1;1;1;0.8137;1.58
4;5;3;1;1;0;1;0.8137;1.58
4;5;3;1;0;1;1;0.8137;1.6
4;2;3;1;1;0;0;0.8137;1.87
4;4;3;1;0;0;0;0.8137;1.89
4;1;3;1;1;0;0;0.8137;1.9
4;2;3;1;0;0;0;0.8137;1.91
4;0;3;1;1;1;0;0.8137;1.95
4;2;3;1;0;1;0;0.8137;1.96
4;3;3;1;0;1;1;0.8137;1.96
4;1;3;1;0;1;0;0.8137;1.97
4;5;3;1;0;0;1;0.8137;1.98
4;0;3;1;1;0;0;0.8137;1.99
4;4;3;1;0;1;0;0.8137;2.0
4;4;3;1;1;0;1;0.8137;2.01
4;2;3;1;1;1;0;0.8137;2.09
4;0;3;1;1;1;1;0.8137;2.26
4;3;3;1;1;1;1;0.8137;2.43
4;0;3;1;0;0;0;0.8137;2.46
4;0;3;1;0;1;0;0.8137;2.54
4;1;3;1;1;0;1;0.8137;2.73
4;2;3;1;0;0;1;0.8137;2.79
4;0;3;1;1;0;1;0.8137;2.81
4;1;3;1;0;1;1;0.8137;2.85
4;2;3;1;0;1;1;0.8137;2.85
4;1;3;1;0;0;1;0.8137;2.94
4;2;3;1;1;1;1;0.8137;2.96
4;2;3;1;1;0;1;0.8137;3.13
4;4;3;1;0;0;1;0.8137;3.17
4;0;3;1;0;0;1;0.8137;3.51
4;0;3;1;0;1;1;0.8137;3.64
6;4;1;2;1;1;0;0.8038;5.0
6;3;1;2;1;1;0;0.8038;5.08
6;3;1;2;1;0;0;0.8038;5.34
6;4;1;2;1;1;1;0.8038;5.35
6;4;1;2;1;0;0;0.8038;5.74
6;4;1;2;1;0;1;0.8038;5.99
6;3;1;2;1;0;1;0.8038;6.02
6;3;1;2;1;1;1;0.8038;6.15
5;0;4;0;1;1;0;0.794;4.66
5;0;5;0;0;0;0;0.794;5.26
5;0;5;0;0;0;1;0.794;5.52
0;1;5;0;0;1;0;0.794;5.66
0;0;4;0;1;0;0;0.794;5.67
0;1;4;0;1;1;0;0.794;5.88
0;0;4;0;1;1;0;0.794;5.92
5;0;4;0;1;0;1;0.794;6.1
1;3;4;0;0;0;0;0.794;6.11
0;1;4;0;1;1;1;0.794;6.12
0;0;4;0;1;1;1;0.794;6.17
1;3;4;0;0;1;1;0.794;6.19
5;0;4;0;1;0;0;0.794;6.23
5;0;4;0;1;1;1;0.794;6.23
0;1;4;0;1;0;1;0.794;6.43
1;3;4;0;0;0;1;0.794;6.52
1;3;4;0;0;1;0;0.794;6.53
0;0;4;0;1;0;1;0.794;6.84
0;1;5;0;0;0;0;0.794;6.91
5;0;5;0;0;1;0;0.794;7.0
5;0;5;0;0;1;1;0.794;7.47
0;1;5;0;0;0;1;0.794;7.54
0;1;4;0;1;0;0;0.794;7.6
0;0;5;0;0;1;1;0.794;7.66
1;4;4;0;0;1;0;0.794;7.99
1;4;4;0;0;0;1;0.794;8.24
1;4;4;0;0;0;0;0.794;8.55
1;4;4;0;0;1;1;0.794;8.55
0;0;5;0;0;0;1;0.794;9.31
0;0;5;0;0;1;0;0.794;10.17
0;0;5;0;0;0;0;0.794;10.41
0;1;5;0;0;1;1;0.794;12.4
0;1;3;1;0;0;0;0.7818;0.98
0;1;3;1;1;0;0;0.7818;1.45
0;1;3;1;0;0;1;0.7818;1.54
6;1;3;1;0;0;0;0.7818;1.97
6;1;3;1;1;0;0;0.7818;1.99
0;1;3;1;1;0;1;0.7818;2.79
6;1;3;1;0;0;1;0.7818;2.87
6;1;3;1;1;0;1;0.7818;2.95
2;1;4;2;0;1;1;0.77;6.25
2;1;4;2;0;1;0;0.77;6.39
2;1;4;2;0;0;1;0.77;10.82
2;1;4;2;0;0;0;0.77;11.87
0;1;1;0;1;1;0;0.7682;2.97
0;1;1;0;1;0;0;0.7682;3.05
0;1;1;0;1;1;1;0.7682;3.15
5;1;1;0;1;0;1;0.7682;3.17
5;1;1;0;1;0;0;0.7682;3.23
0;1;1;0;1;0;1;0.7682;3.38
5;1;1;0;1;1;0;0.7682;5.1
5;1;1;0;1;1;1;0.7682;9.57
4;3;2;0;1;0;0;0.7676;1.79
4;0;2;0;0;0;0;0.7676;1.81
4;0;2;0;0;0;1;0.7676;1.84
4;3;2;0;0;1;1;0.7676;1.91
4;2;2;0;0;1;1;0.7676;1.95
4;2;2;0;1;0;0;0.7676;1.97
4;4;2;0;1;0;1;0.7676;2.13
4;3;2;0;0;0;0;0.7676;2.15
4;3;2;0;0;1;0;0.7676;2.23
4;4;2;0;0;0;0;0.7676;2.31
4;4;2;0;1;1;0;0.7676;2.33
4;2;2;0;0;1;0;0.7676;2.56
4;0;2;0;0;1;0;0.7676;2.68
4;2;2;0;1;1;1;0.7676;2.75
4;0;2;0;0;1;1;0.7676;2.79
4;3;2;0;1;0;1;0.7676;2.82
4;4;2;0;1;0;0;0.7676;3.06
4;4;2;0;0;0;1;0.7676;3.08
4;4;2;0;1;1;1;0.7676;3.27
4;1;2;0;0;0;0;0.7676;3.41
4;3;2;0;0;0;1;0.7676;3.42
4;5;2;0;1;0;0;0.7676;3.42
4;1;2;0;1;1;0;0.7676;3.43
4;2;2;0;0;0;0;0.7676;3.43
4;5;2;0;0;0;0;0.7676;3.45
4;1;2;0;0;1;0;0.7676;3.49
4;2;2;0;1;1;0;0.7676;3.49
4;4;2;0;0;1;0;0.7676;3.5
4;2;2;0;1;0;1;0.7676;3.51
4;5;2;0;1;1;0;0.7676;3.51
4;1;2;0;1;0;0;0.7676;3.53
4;5;2;0;0;1;0;0.7676;3.53
4;3;2;0;1;1;0;0.7676;3.57
4;1;2;0;1;0;1;0.7676;3.58
4;2;2;0;0;0;1;0.7676;3.61
4;5;2;0;0;0;1;0.7676;3.62
4;1;2;0;0;0;1;0.7676;3.63
4;1;2;0;1;1;1;0.7676;3.63
4;0;2;0;1;0;0;0.7676;3.64
4;5;2;0;1;0;1;0.7676;3.64
4;4;2;0;0;1;1;0.7676;3.69
4;0;2;0;1;1;0;0.7676;3.7
4;5;2;0;0;1;1;0.7676;3.72
4;3;2;0;1;1;1;0.7676;3.74
4;0;2;0;1;0;1;0.7676;3.85
4;0;2;0;1;1;1;0.7676;4.11
4;5;2;0;1;1;1;0.7676;4.24
4;1;2;0;0;1;1;0.7676;4.59
5;4;2;1;0;1;0;0.7658;1.04
5;4;2;1;1;1;0;0.7658;1.07
5;4;2;1;1;0;1;0.7658;1.11
5;4;2;1;1;0;0;0.7658;1.18
5;4;2;1;0;0;0;0.7658;1.79
5;3;2;1;1;1;0;0.7658;1.85
5;4;2;1;1;1;1;0.7658;1.91
5;4;2;1;0;0;1;0.7658;2.01
5;3;2;1;1;0;1;0.7658;2.3
5;4;2;1;0;1;1;0.7658;2.34
5;4;2;0;1;1;1;0.7658;2.36
5;3;2;1;1;1;1;0.7658;2.56
5;4;2;0;1;0;1;0.7658;2.71
5;4;2;0;1;1;0;0.7658;2.78
5;3;2;1;1;0;0;0.7658;2.91
5;3;2;1;0;1;1;0.7658;3.17
5;3;2;1;0;0;0;0.7658;3.27
5;4;2;0;0;0;0;0.7658;3.32
5;3;2;1;0;1;0;0.7658;3.41
5;3;2;1;0;0;1;0.7658;3.7
5;4;2;0;1;0;0;0.7658;4.3
5;4;2;0;0;0;1;0.7658;4.35
5;4;2;0;0;1;0;0.7658;4.53
5;4;2;0;0;1;1;0.7658;5.23
5;3;2;0;0;0;0;0.7658;5.88
5;3;2;0;1;0;0;0.7658;5.88
5;3;2;0;1;1;0;0.7658;6.04
5;3;2;0;1;0;1;0.7658;6.24
5;3;2;0;0;0;1;0.7658;6.26
5;3;2;0;0;1;1;0.7658;6.31
5;3;2;0;1;1;1;0.7658;6.33
5;3;2;0;0;1;0;0.7658;6.45
3;3;2;1;1;0;0;0.7588;0.87
3;0;2;1;0;0;0;0.7588;0.88
3;4;2;1;1;0;0;0.7588;0.88
0;0;2;1;1;1;0;0.7588;0.89
3;4;2;1;1;1;0;0.7588;0.91
3;3;2;1;1;0;1;0.7588;0.98
0;0;2;1;1;1;1;0.7588;0.99
3;4;2;1;0;0;0;0.7588;0.99
3;4;2;1;1;1;1;0.7588;1.02
3;3;2;1;1;1;1;0.7588;1.04
3;3;2;1;1;1;0;0.7588;1.08
6;0;2;1;0;1;0;0.7588;1.09
5;0;2;1;0;0;1;0.7588;1.12
3;0;2;1;0;1;1;0.7588;1.19
3;0;2;1;1;0;0;0.7588;1.23
5;0;2;1;0;0;0;0.7588;1.27
0;0;2;1;1;0;1;0.7588;1.31
3;0;2;1;1;1;1;0.7588;1.37
3;0;2;1;0;0;1;0.7588;1.48
6;0;2;1;1;1;1;0.7588;1.65
3;3;2;1;0;0;0;0.7588;1.71
6;0;2;1;0;1;1;0.7588;1.71
3;4;2;1;0;1;1;0.7588;1.72
0;0;2;1;0;0;0;0.7588;1.73
0;0;2;1;0;1;0;0.7588;1.73
5;0;2;1;0;1;0;0.7588;1.74
3;0;2;1;0;1;0;0.7588;1.75
3;3;2;1;0;1;1;0.7588;1.75
3;3;2;1;0;1;0;0.7588;1.76
3;4;2;1;1;0;1;0.7588;1.77
3;0;2;1;1;1;0;0.7588;1.79
3;0;2;1;1;0;1;0.7588;1.8
5;0;2;1;0;1;1;0.7588;1.82
3;3;2;1;0;0;1;0.7588;1.87
3;4;2;1;0;1;0;0.7588;1.87
5;0;2;1;1;0;0;0.7588;1.87
0;0;2;1;0;0;1;0.7588;1.89
6;0;2;1;1;0;0;0.7588;1.95
6;0;2;1;0;0;1;0.7588;1.96
6;0;2;1;1;1;0;0.7588;1.97
6;0;2;1;0;0;0;0.7588;2.04
5;0;2;1;1;1;0;0.7588;2.1
6;0;2;1;1;0;1;0.7588;2.13
0;0;2;1;1;0;0;0.7588;2.29
5;0;2;1;1;1;1;0.7588;2.34
0;0;2;1;0;1;1;0.7588;2.46
3;4;2;1;0;0;1;0.7588;2.54
5;0;2;1;1;0;1;0.7588;2.88
2;0;2;1;0;1;0;0.7588;2.89
2;0;2;1;0;0;1;0.7588;2.95
2;0;2;1;0;0;0;0.7588;3.06
2;0;2;1;1;0;1;0.7588;3.36
2;0;2;1;1;1;1;0.7588;4.13
2;0;2;1;1;1;0;0.7588;5.04
2;0;2;1;1;0;0;0.7588;5.39
2;4;4;1;0;0;1;0.7588;5.45
2;4;4;1;0;1;0;0.7588;5.49
2;0;2;1;0;1;1;0.7588;5.71
2;4;4;1;0;0;0;0.7588;6.05
2;4;4;1;0;1;1;0.7588;6.31
2;3;4;1;0;0;0;0.7588;7.58
2;3;5;2;1;0;1;0.7588;7.74
2;3;4;1;0;0;1;0.7588;8.05
2;3;4;1;0;1;0;0.7588;8.21
2;3;4;1;0;1;1;0.7588;8.32
2;3;5;2;1;1;0;0.7588;9.0
2;4;5;2;1;0;0;0.7588;9.97
2;3;5;2;1;0;0;0.7588;10.62
2;3;5;2;1;1;1;0.7588;10.76
2;3;5;1;1;0;0;0.7588;10.84
2;3;5;1;1;1;0;0.7588;11.31
2;3;5;1;1;0;1;0.7588;11.4
2;4;5;2;1;1;1;0.7588;11.51
2;3;5;1;1;1;1;0.7588;11.64
2;4;5;1;1;0;0;0.7588;12.88
2;4;5;2;1;0;1;0.7588;12.96
2;4;5;1;1;1;0;0.7588;13.21
2;4;5;2;1;1;0;0.7588;13.69
2;4;5;1;1;0;1;0.7588;14.62
2;4;5;1;1;1;1;0.7588;16.22
0;5;2;1;0;0;0;0.7528;0.87
0;5;2;1;1;0;0;0.7528;0.87
0;5;2;1;0;1;0;0.7528;0.93
0;5;2;1;0;0;1;0.7528;0.96
0;5;2;1;1;0;1;0.7528;0.96
6;5;2;1;1;0;0;0.7528;1.0
0;5;2;1;1;1;1;0.7528;1.01
0;2;2;1;1;0;1;0.7528;1.05
6;2;2;1;1;1;0;0.7528;1.07
6;5;2;1;0;1;0;0.7528;1.07
0;2;2;1;1;1;0;0.7528;1.15
6;5;2;1;0;1;1;0.7528;1.22
0;2;2;1;1;0;0;0.7528;1.27
0;5;2;1;0;1;1;0.7528;1.28
0;5;2;1;1;1;0;0.7528;1.29
6;2;2;1;1;0;1;0.7528;1.34
0;2;2;1;0;0;0;0.7528;1.43
0;2;2;1;1;1;1;0.7528;1.46
6;2;2;1;1;1;1;0.7528;1.53
0;5;2;0;1;0;0;0.7528;1.7
6;2;2;1;0;1;0;0.7528;1.72
6;2;2;1;0;0;1;0.7528;1.74
6;5;2;1;1;1;1;0.7528;1.83
0;2;2;1;0;0;1;0.7528;1.85
5;2;2;0;0;0;0;0.7528;1.86
0;5;2;0;1;1;0;0.7528;1.87
5;5;2;1;1;0;0;0.7528;1.92
0;5;2;0;0;1;1;0.7528;1.94
6;5;2;1;0;0;0;0.7528;1.94
5;2;2;1;0;0;0;0.7528;1.95
5;2;2;1;1;0;0;0.7528;1.96
5;5;2;1;0;0;0;0.7528;1.96
5;5;2;1;1;1;0;0.7528;1.99
5;5;2;1;0;1;0;0.7528;2.0
5;2;2;1;1;1;0;0.7528;2.01
0;5;2;0;1;1;1;0.7528;2.07
0;2;2;1;0;1;0;0.7528;2.12
5;5;2;1;1;0;1;0.7528;2.13
5;5;2;1;0;0;1;0.7528;2.14
0;2;2;0;0;0;0;0.7528;2.15
0;2;2;0;1;0;0;0.7528;2.15
5;2;2;1;0;0;1;0.7528;2.15
5;2;2;1;1;0;1;0.7528;2.15
5;2;2;1;0;1;0;0.7528;2.2
5;5;2;1;0;1;1;0.7528;2.2
5;5;2;1;1;1;1;0.7528;2.2
6;5;2;1;1;0;1;0.7528;2.22
6;2;2;1;0;1;1;0.7528;2.23
0;2;2;0;1;0;1;0.7528;2.25
5;2;2;1;1;1;1;0.7528;2.28
5;2;2;1;0;1;1;0.7528;2.35
6;2;2;0;0;0;1;0.7528;2.36
0;5;2;0;0;1;0;0.7528;2.42
6;5;2;1;1;1;0;0.7528;2.42
0;2;2;1;0;1;1;0.7528;2.46
0;5;2;0;1;0;1;0.7528;2.47
6;5;2;1;0;0;1;0.7528;2.52
0;2;2;0;0;0;1;0.7528;2.91
0;5;2;0;0;0;1;0.7528;3.03
6;2;2;1;1;0;0;0.7528;3.15
6;2;2;0;0;0;0;0.7528;3.24
0;5;2;0;0;0;0;0.7528;3.25
6;2;2;0;1;0;0;0.7528;3.44
0;2;2;0;0;1;1;0.7528;3.45
5;5;2;0;1;0;0;0.7528;3.47
5;5;2;0;0;0;0;0.7528;3.48
6;5;2;0;1;0;0;0.7528;3.5
0;2;2;0;1;1;0;0.7528;3.51
6;5;2;0;0;0;0;0.7528;3.51
6;2;2;1;0;0;0;0.7528;3.52
5;5;2;0;1;1;0;0.7528;3.53
5;5;2;0;0;1;0;0.7528;3.54
6;5;2;0;1;1;0;0.7528;3.56
6;5;2;0;0;1;0;0.7528;3.58
5;2;2;0;1;1;0;0.7528;3.6
5;5;2;0;1;0;1;0.7528;3.66
6;5;2;0;1;0;1;0.7528;3.67
5;5;2;0;0;0;1;0.7528;3.68
5;5;2;0;1;1;1;0.7528;3.74
6;2;2;0;0;1;1;0.7528;3.74
5;5;2;0;0;1;1;0.7528;3.75
6;5;2;0;1;1;1;0.7528;3.75
6;2;2;0;0;1;0;0.7528;3.76
5;2;2;0;1;0;0;0.7528;3.77
6;5;2;0;0;1;1;0.7528;3.77
0;2;2;0;1;1;1;0.7528;3.78
6;2;2;0;1;0;1;0.7528;3.79
5;2;2;0;1;1;1;0.7528;3.8
5;2;2;0;1;0;1;0.7528;3.82
6;5;2;0;0;0;1;0.7528;3.82
6;2;2;0;1;1;0;0.7528;3.84
5;2;2;0;0;0;1;0.7528;3.85
5;2;2;0;0;1;0;0.7528;4.22
0;2;2;0;0;1;0;0.7528;4.24
5;2;2;0;0;1;1;0.7528;4.32
6;2;2;0;1;1;1;0.7528;4.85
2;5;5;1;0;0;0;0.7475;4.8
2;5;5;1;0;0;1;0.7475;5.45
2;5;4;1;1;0;0;0.7475;6.14
2;2;4;1;1;0;1;0.7475;6.71
2;2;4;1;1;0;0;0.7475;7.2
2;2;5;1;0;0;0;0.7475;7.21
2;2;5;1;0;0;1;0.7475;7.21
2;5;4;1;1;0;1;0.7475;7.94
2;5;4;1;1;1;0;0.7475;8.01
2;5;4;1;1;1;1;0.7475;8.26
2;5;5;1;0;1;1;0.7475;8.69
2;5;5;1;0;1;0;0.7475;8.83
2;2;4;1;1;1;0;0.7475;9.5
2;2;5;1;0;1;0;0.7475;9.51
2;2;5;1;0;1;1;0.7475;9.58
2;2;4;1;1;1;1;0.7475;9.7
2;5;4;1;0;0;1;0.744;4.67
2;5;4;1;0;1;1;0.744;4.75
2;5;4;1;0;1;0;0.744;5.24
2;1;4;1;0;0;0;0.744;5.45
2;2;5;2;1;0;0;0.744;5.74
2;5;5;1;1;1;0;0.744;5.74
2;2;5;2;1;0;1;0.744;5.75
2;1;5;1;1;0;0;0.744;5.92
2;5;4;1;0;0;0;0.744;6.06
2;5;5;1;1;1;1;0.744;6.06
2;1;4;1;0;0;1;0.744;6.07
2;0;5;1;1;1;1;0.744;6.08
2;2;4;1;0;1;0;0.744;6.09
2;2;4;1;0;0;0;0.744;6.1
2;1;5;1;1;0;1;0.744;6.37
2;0;5;1;1;1;0;0.744;6.76
2;0;5;1;1;0;0;0.744;6.86
2;2;4;1;0;0;1;0.744;7.12
2;1;5;1;1;1;1;0.744;7.16
2;2;4;1;0;1;1;0.744;7.29
2;0;4;1;0;0;0;0.744;7.7
2;1;4;1;0;1;0;0.744;7.8
2;1;4;1;0;1;1;0.744;8.04
2;0;4;1;0;0;1;0.744;8.28
2;0;4;1;0;1;1;0.744;8.29
2;0;4;1;0;1;0;0.744;8.31
2;0;5;2;1;1;0;0.744;8.57
2;5;5;1;1;0;0;0.744;8.76
2;1;5;2;1;0;1;0.744;9.12
2;0;5;2;1;1;1;0.744;9.26
2;2;5;1;1;1;0;0.744;9.54
2;1;5;1;1;1;0;0.744;9.78
2;1;5;2;1;0;0;0.744;10.3
2;2;5;1;1;0;1;0.744;10.33
2;5;5;2;1;0;0;0.744;10.56
2;1;5;2;1;1;1;0.744;10.93
2;1;5;2;1;1;0;0.744;10.98
2;2;5;1;1;0;0;0.744;11.07
2;0;5;2;1;0;0;0.744;11.11
2;5;5;2;1;0;1;0.744;11.11
2;2;5;2;1;1;0;0.744;11.13
2;5;5;2;1;1;1;0.744;11.13
2;5;5;1;1;0;1;0.744;11.2
2;0;5;1;1;0;1;0.744;11.24
2;2;5;2;1;1;1;0.744;11.33
2;5;5;2;1;1;0;0.744;11.38
2;0;5;2;1;0;1;0.744;11.43
2;2;5;1;1;1;1;0.744;13.52
5;3;2;2;1;0;0;0.74;1.71
5;4;2;2;0;1;0;0.74;1.72
5;3;2;2;1;1;0;0.74;1.73
5;3;2;2;0;1;0;0.74;1.74
5;3;2;2;1;1;1;0.74;1.81
5;3;2;2;1;0;1;0.74;1.85
5;4;2;2;0;0;0;0.74;2.17
5;3;2;2;0;0;1;0.74;2.34
5;4;2;2;0;1;1;0.74;2.43
5;3;2;2;0;1;1;0.74;2.54
5;4;2;2;0;0;1;0.74;2.66
5;3;2;2;0;0;0;0.74;3.28
5;4;2;2;1;1;0;0.74;3.38
5;4;2;2;1;0;0;0.74;3.41
5;4;2;2;1;1;1;0.74;3.49
5;4;2;2;1;0;1;0.74;3.63
2;3;4;2;0;1;1;0.7337;11.15
2;4;4;2;0;0;1;0.7337;11.22
2;3;4;2;0;0;0;0.7337;11.34
2;3;4;2;0;0;1;0.7337;11.37
2;3;4;2;0;1;0;0.7337;11.4
2;4;4;2;0;1;0;0.7337;11.45
2;4;4;2;0;1;1;0.7337;11.6
2;4;4;2;0;0;0;0.7337;11.66
6;1;2;2;1;0;0;0.7319;2.28
0;1;2;2;0;1;0;0.7319;2.44
6;1;2;2;1;1;0;0.7319;2.79
0;1;2;2;0;0;0;0.7319;2.96
0;1;2;2;1;0;0;0.7319;3.09
0;1;2;2;1;1;0;0.7319;3.16
6;1;2;2;0;0;0;0.7319;3.23
6;1;2;2;0;1;0;0.7319;3.23
0;1;2;2;0;0;1;0.7319;3.3
6;1;2;2;0;1;1;0.7319;3.42
0;1;2;2;1;1;1;0.7319;3.46
6;1;2;2;1;1;1;0.7319;3.48
6;1;2;2;1;0;1;0.7319;3.51
6;1;2;2;0;0;1;0.7319;3.56
0;1;2;2;1;0;1;0.7319;3.62
0;1;2;2;0;1;1;0.7319;3.67
2;1;5;1;0;1;1;0.7319;4.9
2;1;4;1;1;0;0;0.7319;7.61
2;1;4;1;1;1;0;0.7319;7.84
2;1;4;1;1;0;1;0.7319;7.87
2;1;5;1;0;1;0;0.7319;8.05
2;1;4;1;1;1;1;0.7319;8.17
2;1;5;1;0;0;0;0.7319;8.93
2;1;5;1;0;0;1;0.7319;9.09
1;3;3;1;1;0;0;0.7286;0.82
1;3;3;1;0;0;0;0.7286;0.83
1;4;3;1;1;0;0;0.7286;0.84
1;3;3;1;0;0;1;0.7286;1.25
1;4;3;1;1;0;1;0.7286;1.27
1;0;3;1;1;0;0;0.7286;1.45
1;1;3;1;1;0;0;0.7286;1.59
1;4;3;1;0;0;0;0.7286;1.6
1;5;3;1;0;0;0;0.7286;1.6
1;1;3;1;0;0;0;0.7286;1.61
1;5;3;1;1;0;0;0.7286;1.62
1;0;3;1;0;0;0;0.7286;1.67
1;2;3;1;0;0;0;0.7286;1.73
1;2;3;1;1;0;0;0.7286;1.84
1;3;3;1;1;0;1;0.7286;2.05
1;0;3;1;1;0;1;0.7286;2.26
1;5;3;1;0;0;1;0.7286;2.32
1;1;3;1;0;0;1;0.7286;2.34
1;5;3;1;1;0;1;0.7286;2.34
1;0;3;1;0;0;1;0.7286;2.35
1;4;3;1;0;0;1;0.7286;2.4
1;1;3;1;1;0;1;0.7286;2.44
1;2;3;1;0;0;1;0.7286;2.46
1;2;3;1;1;0;1;0.7286;2.84
3;5;2;1;1;0;0;0.727;0.87
3;2;2;1;1;0;0;0.727;0.89
3;5;2;1;0;0;0;0.727;0.89
3;1;2;1;0;0;0;0.727;0.9
3;1;2;1;0;1;0;0.727;0.92
3;2;2;1;1;0;1;0.727;0.95
3;5;2;1;0;0;1;0.727;0.99
3;1;2;1;0;0;1;0.727;1.01
3;2;2;1;0;1;1;0.727;1.04
3;2;2;1;1;1;1;0.727;1.04
3;5;2;1;0;1;1;0.727;1.07
3;2;2;1;1;1;0;0.727;1.1
3;1;2;1;0;1;1;0.727;1.37
3;5;2;1;0;1;0;0.727;1.4
3;2;2;1;0;1;0;0.727;1.48
3;1;2;1;1;1;1;0.727;1.67
3;1;2;1;1;0;0;0.727;1.78
3;2;2;1;0;0;0;0.727;1.78
3;1;2;1;1;1;0;0.727;1.81
3;5;2;1;1;1;0;0.727;1.9
3;1;2;1;1;0;1;0.727;1.92
3;5;2;1;1;1;1;0.727;2.05
3;2;2;1;0;0;1;0.727;2.06
3;5;2;1;1;0;1;0.727;2.26
3;1;2;0;0;0;0;0.7259;1.67
3;3;2;0;0;0;0;0.7259;1.68
3;0;2;0;0;0;0;0.7259;1.69
3;2;2;0;0;1;0;0.7259;1.7
3;3;2;0;0;1;0;0.7259;1.7
3;2;2;0;0;0;0;0.7259;1.73
3;5;2;0;0;1;0;0.7259;1.73
3;4;2;0;0;0;0;0.7259;1.74
3;5;2;0;0;0;0;0.7259;1.74
3;5;2;0;0;0;1;0.7259;1.81
6;0;2;0;0;0;0;0.7259;1.82
3;2;2;0;0;0;1;0.7259;1.86
5;0;2;0;0;0;0;0.7259;1.87
3;0;2;0;1;1;1;0.7259;1.89
3;0;2;0;1;0;0;0.7259;1.98
5;0;2;0;1;0;1;0.7259;1.98
5;0;2;0;1;1;1;0.7259;2.02
3;0;2;0;0;1;0;0.7259;2.03
3;3;2;0;1;1;0;0.7259;2.07
5;0;2;0;0;1;1;0.7259;2.1
3;0;2;0;1;0;1;0.7259;2.19
3;5;2;0;0;1;1;0.7259;2.2
5;0;2;0;0;0;1;0.7259;2.22
3;3;2;0;0;0;1;0.7259;2.24
5;0;2;0;1;0;0;0.7259;2.33
3;0;2;0;0;1;1;0.7259;2.36
3;5;2;0;1;1;0;0.7259;2.36
3;4;2;0;0;0;1;0.7259;2.42
3;2;2;0;0;1;1;0.7259;2.45
6;0;2;0;1;0;1;0.7259;2.51
3;0;2;0;1;1;0;0.7259;2.54
5;0;2;0;0;1;0;0.7259;2.55
5;0;2;0;1;1;0;0.7259;2.55
0;0;2;0;0;0;0;0.7259;2.57
6;0;2;0;0;0;1;0.7259;2.58
3;3;2;0;1;1;1;0.7259;2.6
0;0;2;0;0;1;1;0.7259;2.62
3;0;2;0;0;0;1;0.7259;2.63
3;4;2;0;1;1;1;0.7259;2.63
6;0;2;0;1;0;0;0.7259;2.65
3;5;2;0;1;1;1;0.7259;2.67
3;2;2;0;1;0;0;0.7259;2.76
6;0;2;0;0;1;0;0.7259;2.82
3;1;2;0;0;0;1;0.7259;3.03
3;4;2;0;1;1;0;0.7259;3.17
0;0;2;0;1;0;0;0.7259;3.21
3;5;2;0;1;0;0;0.7259;3.24
3;3;2;0;1;0;0;0.7259;3.26
3;3;2;0;0;1;1;0.7259;3.32
3;1;2;0;1;0;0;0.7259;3.33
0;0;2;0;0;1;0;0.7259;3.34
3;1;2;0;1;1;0;0.7259;3.34
3;5;2;0;1;0;1;0.7259;3.38
3;2;2;0;1;1;0;0.7259;3.39
0;0;2;0;0;0;1;0.7259;3.41
3;4;2;0;0;1;0;0.7259;3.43
3;2;2;0;1;0;1;0.7259;3.47
3;3;2;0;1;0;1;0.7259;3.48
6;0;2;0;1;1;1;0.7259;3.48
3;1;2;0;1;0;1;0.7259;3.54
3;2;2;0;1;1;1;0.7259;3.56
6;0;2;0;1;1;0;0.7259;3.58
3;1;2;0;1;1;1;0.7259;3.59
2;0;2;0;1;0;0;0.7259;3.6
3;4;2;0;1;0;0;0.7259;3.65
2;0;2;0;1;1;0;0.7259;3.69
0;0;2;0;1;1;0;0.7259;3.76
0;0;2;0;1;0;1;0.7259;3.81
2;0;2;0;1;1;1;0.7259;3.85
6;0;2;0;0;1;1;0.7259;3.87
3;4;2;0;0;1;1;0.7259;3.89
3;4;2;0;1;0;1;0.7259;3.95
3;1;2;0;0;1;0;0.7259;3.96
0;0;2;0;1;1;1;0.7259;4.3
3;1;2;0;0;1;1;0.7259;4.33
2;0;2;0;1;0;1;0.7259;5.38
2;0;2;0;0;1;1;0.7259;6.23
2;0;2;0;0;0;0;0.7259;7.03
2;0;2;0;0;1;0;0.7259;7.06
2;0;2;0;0;0;1;0.7259;7.21
0;5;2;2;0;0;0;0.7173;1.55
0;5;2;2;1;1;0;0.7173;1.64
6;2;2;2;0;1;0;0.7173;1.68
6;5;2;2;0;0;0;0.7173;1.69
6;5;2;2;0;0;1;0.7173;1.78
6;2;2;2;1;1;1;0.7173;1.87
6;2;2;2;1;0;1;0.7173;1.9
6;5;2;2;1;0;1;0.7173;1.93
6;2;2;2;1;0;0;0.7173;1.96
6;5;2;2;1;1;1;0.7173;2.0
0;2;2;2;1;0;0;0.7173;2.27
6;2;2;2;1;1;0;0.7173;2.33
6;5;2;2;0;1;1;0.7173;2.33
0;2;2;2;1;0;1;0.7173;2.44
0;5;2;2;1;0;1;0.7173;2.45
0;5;2;2;1;1;1;0.7173;2.46
6;5;2;2;1;0;0;0.7173;2.48
0;2;2;2;0;0;1;0.7173;2.58
6;2;2;2;0;1;1;0.7173;2.58
0;2;2;2;1;1;0;0.7173;2.94
6;5;2;2;1;1;0;0.7173;2.96
0;5;2;2;1;0;0;0.7173;2.97
0;5;2;2;0;1;0;0.7173;3.01
0;5;2;2;0;0;1;0.7173;3.2
6;2;2;2;0;0;1;0.7173;3.22
5;5;2;2;1;0;0;0.7173;3.23
0;5;2;2;0;1;1;0.7173;3.26
5;5;2;2;0;0;0;0.7173;3.27
6;2;2;2;0;0;0;0.7173;3.29
0;2;2;2;0;1;0;0.7173;3.3
5;2;2;2;0;1;0;0.7173;3.3
5;5;2;2;0;1;0;0.7173;3.3
0;2;2;2;0;1;1;0.7173;3.32
5;5;2;2;1;1;0;0.7173;3.4
5;5;2;2;0;0;1;0.7173;3.46
0;2;2;2;1;1;1;0.7173;3.49
5;5;2;2;1;1;1;0.7173;3.5
5;5;2;2;0;1;1;0.7173;3.51
5;2;2;2;0;0;1;0.7173;3.59
5;2;2;2;0;0;0;0.7173;3.6
6;5;2;2;0;1;0;0.7173;3.62
5;2;2;2;0;1;1;0.7173;3.67
0;2;2;2;0;0;0;0.7173;3.81
5;5;2;2;1;0;1;0.7173;3.96
5;2;2;2;1;1;0;0.7173;5.59
5;2;2;2;1;0;0;0.7173;5.72
5;2;2;2;1;0;1;0.7173;5.9
5;2;2;2;1;1;1;0.7173;6.09
1;1;2;2;1;0;0;0.7023;1.46
1;0;2;2;0;0;0;0.7023;1.5
1;4;2;2;1;0;0;0.7023;1.52
1;0;2;2;0;1;0;0.7023;1.57
1;0;2;2;0;1;1;0.7023;1.6
1;4;2;2;1;0;1;0.7023;1.61
1;0;2;2;0;0;1;0.7023;1.62
1;3;2;2;1;1;0;0.7023;1.62
1;1;2;2;0;1;1;0.7023;1.67
1;1;2;2;1;0;1;0.7023;1.67
1;3;2;2;1;1;1;0.7023;1.71
1;5;2;2;1;1;0;0.7023;1.73
1;4;2;2;1;1;0;0.7023;2.21
1;5;2;2;0;0;1;0.7023;2.21
1;2;2;2;1;1;0;0.7023;2.24
1;0;2;2;1;1;1;0.7023;2.3
1;2;2;2;1;0;1;0.7023;2.35
1;4;2;2;0;1;1;0.7023;2.41
1;4;2;2;0;1;0;0.7023;2.6
1;0;2;2;1;0;0;0.7023;2.71
1;1;2;2;0;1;0;0.7023;2.78
1;3;2;2;1;0;1;0.7023;2.79
1;3;2;2;0;0;0;0.7023;2.83
1;5;2;2;0;0;0;0.7023;2.83
1;3;2;2;1;0;0;0.7023;2.85
1;5;2;2;0;1;0;0.7023;2.85
1;5;2;2;1;0;0;0.7023;2.85
1;4;2;2;0;0;0;0.7023;2.86
1;1;2;2;0;0;0;0.7023;2.88
1;3;2;2;0;1;0;0.7023;2.88
1;2;2;2;1;0;0;0.7023;2.89
1;2;2;2;0;1;0;0.7023;2.9
1;2;2;2;0;0;0;0.7023;2.91
1;1;2;2;1;1;0;0.7023;2.95
1;1;2;2;0;0;1;0.7023;3.09
1;1;2;2;1;1;1;0.7023;3.1
1;3;2;2;0;0;1;0.7023;3.1
1;2;2;2;0;0;1;0.7023;3.11
1;4;2;2;1;1;1;0.7023;3.12
1;2;2;2;0;1;1;0.7023;3.13
1;4;2;2;0;0;1;0.7023;3.14
1;3;2;2;0;1;1;0.7023;3.15
1;5;2;2;0;1;1;0.7023;3.16
1;0;2;2;1;0;1;0.7023;3.32
1;0;2;2;1;1;0;0.7023;3.34
1;5;2;2;1;0;1;0.7023;3.36
1;2;2;2;1;1;1;0.7023;3.75
1;5;2;2;1;1;1;0.7023;4.1
4;2;2;1;1;0;0;0.7002;0.96
4;0;2;1;0;0;0;0.7002;0.98
4;1;2;1;1;0;0;0.7002;0.98
4;2;2;1;0;0;0;0.7002;0.98
4;4;2;1;0;0;0;0.7002;0.98
4;1;2;1;1;1;0;0.7002;0.99
4;0;2;1;0;1;0;0.7002;1.0
4;0;2;1;1;1;0;0.7002;1.0
4;2;2;1;0;1;0;0.7002;1.0
4;5;2;1;1;0;0;0.7002;1.0
4;4;2;1;1;0;0;0.7002;1.01
4;4;2;1;1;1;0;0.7002;1.01
4;3;2;1;1;1;0;0.7002;1.02
4;0;2;1;1;0;0;0.7002;1.04
4;2;2;1;1;1;0;0.7002;1.05
4;1;2;1;1;0;1;0.7002;1.06
4;0;2;1;1;0;1;0.7002;1.07
4;4;2;1;1;0;1;0.7002;1.07
4;1;2;1;1;1;1;0.7002;1.09
4;0;2;1;0;1;1;0.7002;1.1
4;2;2;1;0;1;1;0.7002;1.11
4;4;2;1;0;1;1;0.7002;1.14
4;2;2;1;1;1;1;0.7002;1.15
4;2;2;1;0;0;1;0.7002;1.16
4;5;2;1;0;1;1;0.7002;1.17
4;3;2;1;1;1;1;0.7002;1.18
4;4;2;1;0;1;0;0.7002;1.2
4;4;2;1;0;0;1;0.7002;1.26
4;4;2;1;1;1;1;0.7002;1.31
4;5;2;1;1;1;0;0.7002;1.42
4;0;2;1;0;0;1;0.7002;1.52
4;2;2;1;1;0;1;0.7002;1.52
4;0;2;1;1;1;1;0.7002;1.7
4;5;2;1;1;0;1;0.7002;1.74
4;5;2;1;0;0;1;0.7002;1.83
4;1;2;1;0;0;0;0.7002;1.84
4;3;2;1;0;0;0;0.7002;1.86
4;1;2;1;0;1;0;0.7002;1.9
4;5;2;1;1;1;1;0.7002;1.9
4;3;2;1;0;1;0;0.7002;1.91
4;3;2;1;1;0;0;0.7002;1.92
4;5;2;1;0;0;0;0.7002;1.93
4;3;2;1;0;0;1;0.7002;2.05
4;1;2;1;0;0;1;0.7002;2.07
4;3;2;1;0;1;1;0.7002;2.16
4;3;2;1;1;0;1;0.7002;2.24
4;1;2;1;0;1;1;0.7002;2.27
4;5;2;1;0;1;0;0.7002;2.36
1;1;1;1;0;0;0;0.6968;0.95
1;1;1;1;0;1;0;0.6968;0.98
1;1;1;1;0;1;1;0.6968;1.12
1;5;1;1;0;1;1;0.6968;1.16
1;1;1;1;0;0;1;0.6968;1.64
1;5;1;1;0;0;1;0.6968;1.69
1;5;1;1;0;1;0;0.6968;1.78
1;4;1;1;0;0;0;0.6968;1.79
1;3;1;1;0;1;0;0.6968;1.8
1;5;1;1;0;0;0;0.6968;1.81
1;3;1;1;0;0;0;0.6968;1.82
1;4;1;1;0;1;0;0.6968;1.85
1;2;1;1;0;0;0;0.6968;1.95
1;2;1;1;0;1;0;0.6968;1.97
1;3;1;1;0;0;1;0.6968;2.01
1;4;1;1;0;0;1;0.6968;2.01
1;4;1;1;0;1;1;0.6968;2.07
1;0;1;1;0;1;0;0.6968;2.08
1;0;1;1;0;0;0;0.6968;2.12
1;2;1;1;0;0;1;0.6968;2.16
1;0;1;1;0;1;1;0.6968;2.25
1;2;1;1;0;1;1;0.6968;2.25
1;3;1;1;0;1;1;0.6968;2.28
1;0;1;1;0;0;1;0.6968;2.7
0;4;2;2;1;0;0;0.6952;1.53
6;4;2;2;0;0;0;0.6952;1.73
0;4;2;2;0;0;0;0.6952;1.78
0;4;2;2;0;1;0;0.6952;1.8
0;4;2;2;0;0;1;0.6952;1.92
6;3;2;2;1;1;1;0.6952;2.01
6;4;2;2;0;0;1;0.6952;2.17
6;3;2;2;1;1;0;0.6952;2.24
0;4;2;2;0;1;1;0.6952;2.3
6;4;2;2;0;1;0;0.6952;2.3
6;3;2;2;1;0;1;0.6952;2.36
0;3;2;2;0;0;0;0.6952;2.44
0;4;2;2;1;0;1;0.6952;2.62
6;3;2;2;0;0;1;0.6952;2.7
0;3;2;2;0;0;1;0.6952;2.73
0;4;2;2;1;1;0;0.6952;2.96
0;3;2;2;0;1;1;0.6952;2.98
0;3;2;2;1;1;0;0.6952;3.04
0;3;2;2;1;0;1;0.6952;3.2
0;3;2;2;0;1;0;0.6952;3.21
6;3;2;2;1;0;0;0.6952;3.25
6;3;2;2;0;0;0;0.6952;3.26
6;3;2;2;0;1;0;0.6952;3.3
0;3;2;2;1;1;1;0.6952;3.31
6;4;2;2;1;0;0;0.6952;3.31
0;3;2;2;1;0;0;0.6952;3.32
6;4;2;2;1;1;0;0.6952;3.36
0;4;2;2;1;1;1;0.6952;3.39
6;4;2;2;1;0;1;0.6952;3.42
6;4;2;2;1;1;1;0.6952;3.49
6;3;2;2;0;1;1;0.6952;3.58
6;4;2;2;0;1;1;0.6952;3.89
4;2;2;2;0;0;0;0.6893;1.65
4;2;2;2;0;1;0;0.6893;1.67
4;2;2;2;1;1;0;0.6893;1.67
4;2;2;2;1;0;0;0.6893;1.68
4;2;2;2;1;0;1;0.6893;1.77
4;4;2;2;0;0;0;0.6893;1.84
4;5;2;2;0;0;0;0.6893;1.86
4;0;2;2;1;1;1;0.6893;1.88
4;2;2;2;0;0;1;0.6893;1.89
4;5;2;2;1;0;0;0.6893;2.0
4;1;2;2;0;0;1;0.6893;2.02
4;5;2;2;0;0;1;0.6893;2.13
4;0;2;2;1;0;1;0.6893;2.19
4;0;2;2;1;0;0;0.6893;2.26
4;2;2;2;0;1;1;0.6893;2.3
4;3;2;2;1;1;0;0.6893;2.3
4;4;2;2;0;1;1;0.6893;2.64
4;1;2;2;0;0;0;0.6893;2.66
4;5;2;2;0;1;0;0.6893;2.78
4;5;2;2;0;1;1;0.6893;2.92
4;5;2;2;1;0;1;0.6893;2.97
4;4;2;2;0;1;0;0.6893;2.98
4;2;2;2;1;1;1;0.6893;3.08
4;3;2;2;1;1;1;0.6893;3.14
4;4;2;2;0;0;1;0.6893;3.19
4;3;2;2;1;0;0;0.6893;3.22
4;4;2;2;1;0;0;0.6893;3.22
4;0;2;2;0;1;0;0.6893;3.25
4;1;2;2;0;1;0;0.6893;3.25
4;1;2;2;1;0;0;0.6893;3.27
4;4;2;2;1;1;0;0.6893;3.27
4;5;2;2;1;1;0;0.6893;3.27
4;0;2;2;0;0;0;0.6893;3.28
4;3;2;2;0;1;0;0.6893;3.28
4;0;2;2;0;0;1;0.6893;3.4
4;0;2;2;0;1;1;0.6893;3.41
4;1;2;2;1;0;1;0.6893;3.48
4;3;2;2;0;0;1;0.6893;3.48
4;3;2;2;0;1;1;0.6893;3.48
4;3;2;2;1;0;1;0.6893;3.48
4;3;2;2;0;0;0;0.6893;3.49
4;4;2;2;1;1;1;0.6893;3.5
4;1;2;2;0;1;1;0.6893;3.51
4;4;2;2;1;0;1;0.6893;3.51
4;1;2;2;1;1;0;0.6893;3.53
4;5;2;2;1;1;1;0.6893;3.63
4;1;2;2;1;1;1;0.6893;3.9
4;0;2;2;1;1;0;0.6893;3.95
5;1;2;2;1;1;1;0.6859;1.92
5;1;2;2;1;1;0;0.6859;2.42
5;1;2;2;0;0;0;0.6859;3.22
5;1;2;2;0;1;0;0.6859;3.25
5;1;2;2;0;0;1;0.6859;3.43
5;1;2;2;1;0;1;0.6859;3.51
5;1;2;2;0;1;1;0.6859;3.57
5;1;2;2;1;0;0;0.6859;3.62
3;2;2;2;0;0;1;0.684;1.63
3;2;2;2;0;0;0;0.684;1.67
3;2;2;2;0;1;0;0.684;1.67
3;2;2;2;1;1;1;0.684;1.74
3;2;2;2;1;1;0;0.684;1.8
3;2;2;2;1;0;0;0.684;3.0
3;5;2;2;0;0;0;0.684;3.0
3;5;2;2;0;1;0;0.684;3.03
3;5;2;2;1;0;0;0.684;3.12
3;5;2;2;1;1;0;0.684;3.12
3;2;2;2;1;0;1;0.684;3.21
3;5;2;2;0;0;1;0.684;3.21
3;2;2;2;0;1;1;0.684;3.26
3;5;2;2;1;1;1;0.684;3.36
3;5;2;2;1;0;1;0.684;3.48
3;5;2;2;0;1;1;0.684;3.67
2;5;4;2;0;1;1;0.6799;9.26
2;2;4;2;0;0;0;0.6799;9.62
2;5;4;2;0;1;0;0.6799;10.63
2;5;4;2;0;0;0;0.6799;11.26
2;5;4;2;0;0;1;0.6799;11.41
2;2;4;2;0;1;0;0.6799;11.69
2;2;4;2;0;1;1;0.6799;11.76
2;2;4;2;0;0;1;0.6799;12.17
3;4;2;2;0;0;0;0.6773;1.54
3;4;2;2;0;1;0;0.6773;1.56
3;3;2;2;1;1;0;0.6773;1.58
3;4;2;2;1;1;1;0.6773;1.67
3;4;2;2;0;1;1;0.6773;1.69
3;4;2;2;0;0;1;0.6773;1.7
3;3;2;2;0;0;0;0.6773;1.82
3;3;2;2;0;1;0;0.6773;1.9
3;4;2;2;1;1;0;0.6773;1.98
3;4;2;2;1;0;1;0.6773;2.49
3;3;2;2;1;1;1;0.6773;2.74
3;4;2;2;1;0;0;0.6773;2.75
3;3;2;2;1;0;0;0.6773;3.05
3;3;2;2;0;1;1;0.6773;3.2
3;3;2;2;0;0;1;0.6773;3.33
3;3;2;2;1;0;1;0.6773;3.65
2;4;4;1;1;1;0;0.6704;5.54
2;3;5;1;0;1;1;0.6704;5.82
2;4;4;1;1;0;0;0.6704;6.1
2;4;4;1;1;0;1;0.6704;6.78
2;3;5;1;0;1;0;0.6704;7.26
2;3;5;1;0;0;0;0.6704;7.4
2;3;4;1;1;1;1;0.6704;8.02
2;3;4;1;1;0;0;0.6704;8.06
2;3;4;1;1;1;0;0.6704;8.12
2;3;4;1;1;0;1;0.6704;8.27
2;3;5;1;0;0;1;0.6704;9.15
2;4;4;1;1;1;1;0.6704;9.18
2;4;5;1;0;1;0;0.6704;10.5
2;4;5;1;0;0;1;0.6704;10.66
2;4;5;1;0;0;0;0.6704;10.97
2;4;5;1;0;1;1;0.6704;14.83
3;0;2;2;0;0;0;0.6679;1.55
6;0;2;2;0;0;0;0.6679;1.66
3;0;2;2;1;1;1;0.6679;1.7
3;1;2;2;1;1;1;0.6679;1.7
6;0;2;2;1;1;0;0.6679;1.76
3;0;2;2;1;0;1;0.6679;1.9
3;1;2;2;1;1;0;0.6679;2.12
3;0;2;2;1;1;0;0.6679;2.14
6;0;2;2;0;0;1;0.6679;2.16
6;0;2;2;0;1;1;0.6679;2.27
6;0;2;2;1;0;0;0.6679;2.51
6;0;2;2;0;1;0;0.6679;2.57
0;0;2;2;0;0;0;0.6679;2.73
3;0;2;2;0;0;1;0.6679;2.78
3;1;2;2;1;0;1;0.6679;2.98
3;1;2;2;0;0;0;0.6679;2.99
6;0;2;2;1;0;1;0.6679;2.99
0;0;2;2;1;1;0;0.6679;3.01
0;0;2;2;0;1;0;0.6679;3.04
3;1;2;2;0;1;0;0.6679;3.04
3;1;2;2;1;0;0;0.6679;3.06
3;0;2;2;1;0;0;0.6679;3.1
3;0;2;2;0;1;0;0.6679;3.11
0;0;2;2;1;0;0;0.6679;3.14
0;0;2;2;0;0;1;0.6679;3.18
6;0;2;2;1;1;1;0.6679;3.18
0;0;2;2;1;0;1;0.6679;3.21
3;1;2;2;0;0;1;0.6679;3.24
3;1;2;2;0;1;1;0.6679;3.25
5;0;2;2;1;0;0;0.6679;3.25
0;0;2;2;1;1;1;0.6679;3.26
5;0;2;2;1;1;0;0.6679;3.28
5;0;2;2;0;1;0;0.6679;3.29
0;0;2;2;0;1;1;0.6679;3.43
5;0;2;2;0;0;0;0.6679;3.46
5;0;2;2;1;0;1;0.6679;3.47
5;0;2;2;1;1;1;0.6679;3.49
2;0;2;2;1;1;0;0.6679;3.51
5;0;2;2;0;1;1;0.6679;3.51
5;0;2;2;0;0;1;0.6679;3.55
2;0;2;2;0;1;1;0.6679;3.74
2;0;2;2;1;0;0;0.6679;3.86
2;0;2;2;1;1;1;0.6679;3.91
2;0;2;2;1;0;1;0.6679;4.05
2;0;2;2;0;1;0;0.6679;4.19
3;0;2;2;0;1;1;0.6679;4.26
2;0;2;2;0;0;0;0.6679;4.47
2;0;2;2;0;0;1;0.6679;5.37
3;1;3;0;1;0;0;0.658;2.43
3;1;3;0;1;0;1;0.658;2.96
3;1;3;0;0;0;0;0.658;3.49
3;1;3;0;0;1;0;0.658;4.06
3;1;3;0;1;1;0;0.658;4.14
3;1;3;0;0;0;1;0.658;4.75
3;1;3;0;1;1;1;0.658;5.27
3;1;3;0;0;1;1;0.658;5.8
2;0;5;1;0;0;0;0.6533;4.69
2;0;5;1;0;1;0;0.6533;5.17
2;0;5;1;0;0;1;0.6533;5.33
2;0;5;1;0;1;1;0.6533;5.35
2;0;4;1;1;1;1;0.6533;6.64
2;0;4;1;1;1;0;0.6533;7.93
2;0;4;1;1;0;0;0.6533;7.94
2;0;4;1;1;0;1;0.6533;8.1
2;5;4;2;1;0;0;0.6465;5.6
2;2;4;2;1;0;1;0.6465;6.39
2;5;5;2;0;0;0;0.6465;6.89
2;2;4;2;1;1;0;0.6465;7.25
2;2;5;2;0;0;0;0.6465;8.42
2;2;4;2;1;1;1;0.6465;8.59
2;5;4;2;1;0;1;0.6465;8.73
2;2;5;2;0;1;0;0.6465;9.04
2;5;4;2;1;1;0;0.6465;9.57
2;2;4;2;1;0;0;0.6465;9.74
2;5;4;2;1;1;1;0.6465;9.78
2;2;5;2;0;1;1;0.6465;10.01
2;5;5;2;0;1;0;0.6465;10.88
2;5;5;2;0;1;1;0.6465;11.03
2;2;5;2;0;0;1;0.6465;11.07
2;5;5;2;0;0;1;0.6465;11.16
1;0;2;1;0;1;0;0.6309;0.83
1;5;2;1;1;1;0;0.6309;0.84
1;5;2;1;0;1;0;0.6309;0.87
1;0;2;1;1;1;0;0.6309;0.89
1;0;2;1;0;1;1;0.6309;0.94
1;2;2;1;0;1;0;0.6309;1.0
1;0;2;1;1;1;1;0.6309;1.01
1;5;2;1;0;1;1;0.6309;1.32
1;2;2;1;1;1;0;0.6309;1.57
1;3;2;1;0;1;0;0.6309;1.59
1;3;2;1;1;1;0;0.6309;1.59
1;4;2;1;0;1;0;0.6309;1.59
1;1;2;1;1;1;0;0.6309;1.6
1;4;2;1;1;1;0;0.6309;1.6
1;1;2;1;0;1;0;0.6309;1.61
1;5;2;0;1;1;0;0.6309;1.61
1;0;2;0;1;1;0;0.6309;1.69
1;0;2;0;1;1;1;0.6309;1.74
1;5;2;0;0;1;1;0.6309;1.77
1;1;2;1;0;1;1;0.6309;1.78
1;4;2;1;0;1;1;0.6309;1.78
1;5;2;0;0;1;0;0.6309;1.78
1;3;2;1;0;1;1;0.6309;1.8
1;5;2;1;1;1;1;0.6309;1.8
1;1;2;0;1;1;1;0.6309;1.81
1;3;2;1;1;1;1;0.6309;1.81
1;1;2;1;1;1;1;0.6309;1.82
1;4;2;1;1;1;1;0.6309;1.82
1;5;2;0;1;1;1;0.6309;1.86
1;1;2;0;0;1;1;0.6309;1.88
1;2;2;1;1;1;1;0.6309;1.89
1;0;2;0;0;1;0;0.6309;1.95
1;1;2;0;1;1;0;0.6309;2.08
1;2;2;0;1;1;0;0.6309;2.08
1;2;2;0;1;1;1;0.6309;2.18
1;2;2;1;0;1;1;0.6309;2.18
1;0;2;0;0;1;1;0.6309;2.71
1;1;2;0;0;1;0;0.6309;2.9
1;4;2;0;1;1;0;0.6309;3.13
1;4;2;0;0;1;0;0.6309;3.14
1;2;2;0;0;1;0;0.6309;3.15
1;3;2;0;0;1;0;0.6309;3.15
1;3;2;0;1;1;0;0.6309;3.2
1;4;2;0;0;1;1;0.6309;3.33
1;3;2;0;1;1;1;0.6309;3.36
1;2;2;0;0;1;1;0.6309;3.38
1;3;2;0;0;1;1;0.6309;3.38
1;4;2;0;1;1;1;0.6309;3.39
2;0;4;2;0;0;0;0.62;7.48
2;0;4;2;0;1;0;0.62;9.8
2;0;4;2;0;0;1;0.62;9.96
2;0;4;2;0;1;1;0.62;10.37
2;4;4;0;1;0;0;0.6164;4.88
2;1;4;0;1;0;1;0.6164;4.97
2;1;5;0;0;1;0;0.6164;5.52
2;4;4;0;1;0;1;0.6164;5.56
2;4;4;0;0;0;1;0.6164;5.77
2;4;4;0;0;1;1;0.6164;5.81
2;4;4;0;0;1;0;0.6164;5.85
2;1;4;0;0;0;0;0.6164;5.9
2;1;5;0;0;1;1;0.6164;5.91
2;0;4;0;0;0;1;0.6164;5.98
2;0;4;0;0;1;0;0.6164;6.0
2;1;4;0;0;0;1;0.6164;6.07
2;0;4;0;0;0;0;0.6164;6.13
2;1;4;0;0;1;1;0.6164;6.19
2;0;4;0;1;1;0;0.6164;6.49
2;0;5;0;0;1;0;0.6164;6.51
2;1;4;0;1;1;0;0.6164;6.99
2;4;4;0;0;0;0;0.6164;7.02
2;1;5;0;0;0;0;0.6164;7.2
2;4;4;0;1;1;1;0.6164;7.21
2;0;5;0;1;1;0;0.6164;7.25
2;5;5;0;0;1;1;0.6164;7.78
2;2;4;0;1;0;0;0.6164;7.91
2;1;5;0;1;0;0;0.6164;7.92
2;3;4;0;1;1;0;0.6164;8.29
2;4;5;0;0;0;0;0.6164;8.35
2;1;5;0;0;0;1;0.6164;8.44
2;3;4;0;1;1;1;0.6164;8.49
2;3;5;0;0;1;0;0.6164;8.58
2;0;4;0;0;1;1;0.6164;8.62
2;1;4;0;1;0;0;0.6164;8.67
2;3;5;0;1;1;1;0.6164;8.82
2;3;5;0;0;0;1;0.6164;8.89
2;0;4;0;1;0;1;0.6164;8.92
2;1;4;0;0;1;0;0.6164;9.02
2;1;5;0;1;0;1;0.6164;9.02
2;2;4;0;1;0;1;0.6164;9.05
2;2;4;0;1;1;0;0.6164;9.08
2;0;5;0;1;1;1;0.6164;9.1
2;0;5;0;0;0;1;0.6164;9.16
2;2;4;0;1;1;1;0.6164;9.18
2;0;4;0;1;1;1;0.6164;9.28
2;5;4;0;1;0;0;0.6164;9.3
2;0;5;0;0;1;1;0.6164;9.31
2;0;4;0;1;0;0;0.6164;9.32
2;4;4;0;1;1;0;0.6164;9.39
2;5;4;0;1;1;0;0.6164;9.48
2;1;4;0;1;1;1;0.6164;9.68
2;5;4;0;1;1;1;0.6164;9.72
2;5;4;0;1;0;1;0.6164;9.82
2;3;4;0;1;0;0;0.6164;9.95
2;4;5;0;0;1;0;0.6164;10.12
2;4;5;0;0;0;1;0.6164;10.15
2;3;4;0;0;1;1;0.6164;10.26
2;3;4;0;1;0;1;0.6164;10.33
2;3;4;0;0;0;0;0.6164;10.42
2;2;5;0;0;0;0;0.6164;10.58
2;5;5;0;0;0;0;0.6164;10.58
2;0;5;0;0;0;0;0.6164;10.59
2;5;5;0;0;1;0;0.6164;10.69
2;1;5;0;1;1;0;0.6164;10.72
2;2;5;0;0;0;1;0.6164;10.82
2;5;5;0;0;0;1;0.6164;10.84
2;3;5;0;0;1;1;0.6164;10.88
2;3;5;0;0;0;0;0.6164;10.94
2;2;5;0;0;1;0;0.6164;11.0
2;3;5;0;1;1;0;0.6164;11.07
2;2;4;0;0;0;0;0.6164;11.09
2;3;4;0;0;0;1;0.6164;11.19
2;2;4;0;0;1;0;0.6164;11.29
2;2;4;0;0;0;1;0.6164;11.31
2;3;4;0;0;1;0;0.6164;11.33
2;5;5;0;1;0;1;0.6164;11.35
2;4;5;0;0;1;1;0.6164;11.38
2;2;5;0;0;1;1;0.6164;11.43
2;5;4;0;0;1;0;0.6164;11.46
2;5;4;0;0;0;0;0.6164;11.52
2;5;4;0;0;1;1;0.6164;11.58
2;2;4;0;0;1;1;0.6164;11.62
2;5;4;0;0;0;1;0.6164;11.64
2;5;5;0;1;0;0;0.6164;11.75
2;4;5;0;1;0;1;0.6164;11.95
2;3;5;0;1;0;0;0.6164;12.26
2;4;5;0;1;1;0;0.6164;13.19
2;0;5;0;1;0;1;0.6164;13.22
2;2;5;0;1;1;1;0.6164;13.39
2;0;5;0;1;0;0;0.6164;13.43
2;3;5;0;1;0;1;0.6164;13.64
2;4;5;0;1;0;0;0.6164;13.65
2;1;5;0;1;1;1;0.6164;13.82
2;5;5;0;1;1;1;0.6164;13.87
2;5;5;0;1;1;0;0.6164;14.09
2;2;5;0;1;1;0;0.6164;14.18
2;2;5;0;1;0;1;0.6164;14.23
2;2;5;0;1;0;0;0.6164;14.37
2;4;5;0;1;1;1;0.6164;15.18
6;1;2;1;0;1;0;0.6119;1.04
0;1;2;1;0;0;0;0.6119;1.14
0;1;2;1;0;0;1;0.6119;1.31
6;1;2;1;0;0;1;0.6119;1.31
0;1;2;1;0;1;1;0.6119;1.55
0;1;2;1;0;1;0;0.6119;1.68
0;1;2;1;1;0;1;0.6119;1.75
0;1;2;1;1;0;0;0.6119;1.82
0;1;2;0;1;0;0;0.6119;1.85
6;1;2;1;1;1;1;0.6119;1.86
0;1;2;1;1;1;0;0.6119;1.89
6;1;2;1;0;0;0;0.6119;1.91
6;1;2;1;0;1;1;0.6119;1.92
5;1;2;0;1;1;0;0.6119;1.94
6;1;2;1;1;0;0;0.6119;1.95
0;1;2;0;1;1;0;0.6119;2.03
5;1;2;1;1;0;0;0.6119;2.08
5;1;2;1;0;0;0;0.6119;2.09
5;1;2;1;1;1;0;0.6119;2.12
0;1;2;0;1;0;1;0.6119;2.14
5;1;2;0;0;1;0;0.6119;2.15
6;1;2;1;1;1;0;0.6119;2.15
0;1;2;1;1;1;1;0.6119;2.16
6;1;2;1;1;0;1;0.6119;2.21
5;1;2;1;1;1;1;0.6119;2.26
5;1;2;1;1;0;1;0.6119;2.29
5;1;2;1;0;0;1;0.6119;2.31
6;1;2;0;1;1;1;0.6119;2.35
5;1;2;1;0;1;1;0.6119;2.38
6;1;2;0;1;1;0;0.6119;2.54
5;1;2;0;0;0;1;0.6119;2.62
6;1;2;0;1;0;1;0.6119;2.64
6;1;2;0;0;0;0;0.6119;2.66
6;1;2;0;0;0;1;0.6119;2.67
5;1;2;0;1;0;1;0.6119;3.12
5;1;2;0;1;1;1;0.6119;3.12
5;1;2;0;1;0;0;0.6119;3.2
0;1;2;0;0;1;0;0.6119;3.28
0;1;2;0;0;0;0;0.6119;3.31
0;1;2;0;0;0;1;0.6119;3.58
5;1;2;0;0;0;0;0.6119;3.59
6;1;2;0;1;0;0;0.6119;3.61
6;1;2;0;0;1;0;0.6119;3.66
0;1;2;0;1;1;1;0.6119;3.82
5;1;2;0;0;1;1;0.6119;3.98
6;1;2;0;0;1;1;0.6119;4.09
0;1;2;0;0;1;1;0.6119;4.21
5;1;2;1;0;1;0;0.6119;4.63
1;2;2;1;0;0;0;0.6079;0.81
1;5;2;1;1;0;0;0.6079;0.81
1;0;2;1;1;0;0;0.6079;0.82
1;5;2;1;0;0;0;0.6079;0.82
1;0;2;1;0;0;0;0.6079;0.91
1;5;2;1;0;0;1;0.6079;0.91
1;0;2;1;0;0;1;0.6079;0.95
1;5;2;1;1;0;1;0.6079;1.26
1;0;2;1;1;0;1;0.6079;1.44
1;1;2;1;0;0;0;0.6079;1.52
1;3;2;1;0;0;0;0.6079;1.53
1;4;2;1;0;0;0;0.6079;1.54
1;4;2;1;1;0;0;0.6079;1.55
1;3;2;1;1;0;0;0.6079;1.56
1;2;2;1;1;0;0;0.6079;1.58
1;1;2;1;1;0;0;0.6079;1.59
1;2;2;1;0;0;1;0.6079;1.69
1;4;2;1;0;0;1;0.6079;1.73
1;4;2;1;1;0;1;0.6079;1.73
1;3;2;1;0;0;1;0.6079;1.75
1;3;2;1;1;0;1;0.6079;1.75
1;2;2;1;1;0;1;0.6079;1.77
1;1;2;1;1;0;1;0.6079;1.8
1;1;2;1;0;0;1;0.6079;1.82
5;1;3;0;0;1;1;0.5974;2.71
5;1;3;0;1;0;0;0.5974;3.12
5;1;3;0;0;1;0;0.5974;3.49
5;1;3;0;0;0;1;0.5974;3.82
5;1;3;0;1;1;0;0.5974;4.11
5;1;3;0;0;0;0;0.5974;4.56
5;1;3;0;1;1;1;0.5974;4.77
5;1;3;0;1;0;1;0.5974;5.96
0;0;3;0;1;1;0;0.5957;1.81
6;0;3;0;1;1;0;0.5957;2.17
5;0;3;0;1;0;0;0.5957;2.5
0;0;3;0;0;1;0;0.5957;2.53
6;0;3;0;1;0;0;0.5957;2.9
0;0;3;0;1;0;0;0.5957;3.09
0;0;3;0;1;1;1;0.5957;3.24
0;0;3;0;0;0;0;0.5957;3.25
0;0;3;0;0;0;1;0.5957;3.26
3;0;3;0;1;1;0;0.5957;3.38
6;0;3;0;0;0;0;0.5957;3.39
3;0;3;0;0;1;0;0.5957;3.4
3;0;3;0;0;0;0;0.5957;3.42
3;0;3;0;1;0;0;0.5957;3.47
5;0;3;0;0;0;0;0.5957;3.47
5;0;3;0;1;1;0;0.5957;3.54
6;0;3;0;0;1;0;0.5957;3.69
5;0;3;0;0;1;0;0.5957;3.74
0;0;3;0;1;0;1;0.5957;3.84
6;0;3;0;1;0;1;0.5957;3.96
0;0;3;0;0;1;1;0.5957;4.23
3;0;3;0;0;0;1;0.5957;4.44
3;0;3;0;1;0;1;0.5957;4.63
3;0;3;0;1;1;1;0.5957;4.65
3;0;3;0;0;1;1;0.5957;4.69
5;0;3;0;0;1;1;0.5957;4.72
5;0;3;0;1;0;1;0.5957;4.76
6;0;3;0;0;1;1;0.5957;5.04
6;0;3;0;0;0;1;0.5957;5.14
5;0;3;0;0;0;1;0.5957;5.16
5;0;3;0;1;1;1;0.5957;5.64
6;0;3;0;1;1;1;0.5957;7.51
1;0;2;0;1;0;0;0.5712;1.63
1;1;2;0;1;0;0;0.5712;1.63
1;1;2;0;0;0;0;0.5712;1.65
1;5;2;0;0;0;1;0.5712;1.7
1;5;2;0;1;0;0;0.5712;1.72
1;0;2;0;1;0;1;0.5712;1.76
1;1;2;0;1;0;1;0.5712;1.76
1;5;2;0;1;0;1;0.5712;1.82
1;0;2;0;0;0;1;0.5712;1.87
1;0;2;0;0;0;0;0.5712;2.23
1;1;2;0;0;0;1;0.5712;2.86
1;2;2;0;0;0;0;0.5712;3.08
1;3;2;0;1;0;0;0.5712;3.08
1;2;2;0;1;0;0;0.5712;3.12
1;5;2;0;0;0;0;0.5712;3.16
1;3;2;0;0;0;0;0.5712;3.19
1;4;2;0;0;0;0;0.5712;3.25
1;4;2;0;1;0;1;0.5712;3.28
1;2;2;0;0;0;1;0.5712;3.3
1;3;2;0;1;0;1;0.5712;3.3
1;4;2;0;0;0;1;0.5712;3.33
1;2;2;0;1;0;1;0.5712;3.35
1;3;2;0;0;0;1;0.5712;3.43
1;4;2;0;1;0;0;0.5712;3.48
0;1;3;0;1;0;0;0.5627;1.94
0;1;3;0;1;0;1;0.5627;2.02
0;1;3;0;0;1;0;0.5627;2.05
0;1;3;0;1;1;0;0.5627;2.37
6;1;3;0;1;1;0;0.5627;2.73
0;1;3;0;0;1;1;0.5627;3.03
6;1;3;0;1;1;1;0.5627;3.03
0;1;3;0;0;0;1;0.5627;3.09
6;1;3;0;0;1;0;0.5627;3.14
6;1;3;0;1;0;0;0.5627;3.38
0;1;3;0;0;0;0;0.5627;3.48
6;1;3;0;0;0;0;0.5627;3.52
6;1;3;0;1;0;1;0.5627;3.55
6;1;3;0;0;0;1;0.5627;3.67
0;1;3;0;1;1;1;0.5627;4.21
6;1;3;0;0;1;1;0.5627;4.3
3;5;3;0;0;0;0;0.5352;1.71
3;5;3;0;0;1;0;0.5352;1.8
3;5;3;0;1;0;0;0.5352;2.21
3;5;3;0;0;0;1;0.5352;2.6
3;5;3;0;0;1;1;0.5352;3.02
3;2;3;0;1;0;0;0.5352;3.27
3;2;3;0;0;0;0;0.5352;3.28
3;2;3;0;1;1;0;0.5352;3.33
3;5;3;0;1;1;0;0.5352;3.54
3;2;3;0;0;1;0;0.5352;3.71
3;5;3;0;1;0;1;0.5352;3.78
3;5;3;0;1;1;1;0.5352;4.76
3;2;3;0;0;0;1;0.5352;4.96
3;2;3;0;1;0;1;0.5352;4.96
3;2;3;0;1;1;1;0.5352;5.01
3;2;3;0;0;1;1;0.5352;5.12
2;0;3;0;0;0;0;0.5352;5.15
2;0;3;0;0;1;0;0.5352;5.86
2;0;3;0;1;1;0;0.5352;6.98
2;0;3;0;1;0;0;0.5352;6.99
2;0;3;0;1;1;1;0.5352;8.28
2;0;3;0;1;0;1;0.5352;8.69
2;0;3;0;0;1;1;0.5352;8.71
2;0;3;0;0;0;1;0.5352;8.72
0;4;3;0;0;0;0;0.5346;1.73
0;4;3;0;0;1;0;0.5346;1.79
6;3;3;0;0;0;0;0.5346;1.91
6;3;3;0;0;1;0;0.5346;2.06
0;3;3;0;0;0;0;0.5346;2.15
6;3;3;0;1;1;0;0.5346;2.19
6;3;3;0;1;0;0;0.5346;2.28
0;4;3;0;0;0;1;0.5346;2.52
6;3;3;0;0;0;1;0.5346;2.64
6;3;3;0;1;0;1;0.5346;2.67
6;3;3;0;0;1;1;0.5346;2.94
0;4;3;0;0;1;1;0.5346;3.18
0;3;3;0;1;0;0;0.5346;3.26
0;3;3;0;0;1;0;0.5346;3.31
0;3;3;0;1;1;0;0.5346;3.31
0;4;3;0;1;0;0;0.5346;3.33
0;4;3;0;1;1;0;0.5346;3.44
6;4;3;0;0;0;0;0.5346;3.56
6;4;3;0;0;1;0;0.5346;3.59
0;3;3;0;0;0;1;0.5346;3.6
6;4;3;0;1;0;0;0.5346;3.7
6;4;3;0;1;1;0;0.5346;3.76
0;3;3;0;1;0;1;0.5346;4.71
0;3;3;0;0;1;1;0.5346;4.82
0;3;3;0;1;1;1;0.5346;4.82
0;4;3;0;1;1;1;0.5346;4.91
6;4;3;0;0;0;1;0.5346;5.12
0;4;3;0;1;0;1;0.5346;5.24
6;4;3;0;1;0;1;0.5346;5.25
6;3;3;0;1;1;1;0.5346;5.27
6;4;3;0;1;1;1;0.5346;5.32
6;4;3;0;0;1;1;0.5346;5.48
3;4;3;0;1;1;0;0.5174;1.71
3;4;3;0;1;0;0;0.5174;1.72
3;4;3;0;0;0;0;0.5174;1.83
3;4;3;0;0;1;0;0.5174;2.1
3;3;3;0;0;0;0;0.5174;2.19
3;4;3;0;1;0;1;0.5174;2.74
3;4;3;0;1;1;1;0.5174;2.76
3;4;3;0;0;1;1;0.5174;2.85
3;3;3;0;0;0;1;0.5174;2.86
3;3;3;0;1;1;0;0.5174;2.86
3;4;3;0;0;0;1;0.5174;3.12
3;3;3;0;0;1;0;0.5174;3.42
3;3;3;0;1;0;0;0.5174;3.54
3;3;3;0;1;1;1;0.5174;3.86
3;3;3;0;0;1;1;0.5174;4.52
3;3;3;0;1;0;1;0.5174;5.19
5;4;3;0;0;0;0;0.5082;2.46
5;4;3;0;0;1;0;0.5082;2.48
5;4;3;0;1;1;0;0.5082;2.98
5;4;3;0;1;0;0;0.5082;3.06
5;3;3;0;0;0;0;0.5082;3.68
5;4;3;0;1;0;1;0.5082;3.68
5;4;3;0;0;0;1;0.5082;3.71
5;4;3;0;0;1;1;0.5082;4.4
5;3;3;0;0;1;0;0.5082;4.55
5;3;3;0;1;0;0;0.5082;4.78
5;3;3;0;1;1;1;0.5082;4.98
5;3;3;0;1;0;1;0.5082;5.54
5;4;3;0;1;1;1;0.5082;5.69
5;3;3;0;0;0;1;0.5082;5.96
5;3;3;0;1;1;0;0.5082;6.19
5;3;3;0;0;1;1;0.5082;6.22
0;5;3;0;0;1;0;0.4902;1.89
6;2;3;0;0;1;0;0.4902;1.9
6;2;3;0;1;0;0;0.4902;1.96
0;2;3;0;0;1;0;0.4902;2.07
6;2;3;0;1;1;0;0.4902;2.27
6;2;3;0;1;0;1;0.4902;2.75
0;2;3;0;0;0;1;0.4902;2.84
0;5;3;0;0;0;0;0.4902;2.89
0;5;3;0;1;1;0;0.4902;3.01
5;5;3;0;0;0;0;0.4902;3.01
6;2;3;0;0;1;1;0.4902;3.05
5;5;3;0;1;1;0;0.4902;3.11
5;5;3;0;0;0;1;0.4902;3.32
0;5;3;0;1;0;0;0.4902;3.35
0;2;3;0;1;1;0;0.4902;3.38
0;2;3;0;0;0;0;0.4902;3.41
0;2;3;0;1;0;0;0.4902;3.46
6;5;3;0;1;0;0;0.4902;3.48
6;5;3;0;0;0;0;0.4902;3.49
6;2;3;0;0;0;0;0.4902;3.55
6;5;3;0;0;1;0;0.4902;3.57
5;2;3;0;1;1;0;0.4902;3.66
5;5;3;0;1;0;0;0.4902;3.74
6;5;3;0;1;1;0;0.4902;3.75
5;5;3;0;0;1;0;0.4902;3.97
6;2;3;0;0;0;1;0.4902;3.98
0;5;3;0;0;0;1;0.4902;4.2
0;5;3;0;1;0;1;0.4902;4.24
5;2;3;0;0;1;0;0.4902;4.25
5;2;3;0;1;0;0;0.4902;4.4
5;2;3;0;0;0;0;0.4902;4.47
0;5;3;0;0;1;1;0.4902;4.69
6;2;3;0;1;1;1;0.4902;4.75
0;2;3;0;1;1;1;0.4902;5.01
0;2;3;0;0;1;1;0.4902;5.11
6;5;3;0;0;0;1;0.4902;5.2
5;5;3;0;0;1;1;0.4902;5.26
6;5;3;0;0;1;1;0.4902;5.29
6;5;3;0;1;0;1;0.4902;5.29
5;5;3;0;1;0;1;0.4902;5.31
5;5;3;0;1;1;1;0.4902;5.4
0;5;3;0;1;1;1;0.4902;5.44
6;5;3;0;1;1;1;0.4902;5.57
5;2;3;0;1;0;1;0.4902;5.92
5;2;3;0;0;1;1;0.4902;5.94
5;2;3;0;1;1;1;0.4902;6.23
0;2;3;0;1;0;1;0.4902;6.27
5;2;3;0;0;0;1;0.4902;7.12
1;4;3;0;0;0;0;0.4502;1.69
1;0;3;0;1;1;0;0.4502;1.71
1;3;3;0;1;1;0;0.4502;1.72
1;2;3;0;0;0;0;0.4502;1.75
1;1;3;0;0;1;0;0.4502;1.94
1;3;3;0;1;0;0;0.4502;1.96
1;1;3;0;1;0;0;0.4502;2.35
1;2;3;0;1;0;0;0.4502;2.35
1;0;3;0;1;0;0;0.4502;2.44
1;1;3;0;0;0;1;0.4502;2.49
1;1;3;0;0;0;0;0.4502;2.55
1;1;3;0;0;1;1;0.4502;2.55
1;3;3;0;1;1;1;0.4502;2.6
1;2;3;0;0;1;0;0.4502;2.63
1;3;3;0;1;0;1;0.4502;2.64
1;0;3;0;0;0;0;0.4502;2.76
1;0;3;0;0;1;0;0.4502;2.84
1;0;3;0;1;0;1;0.4502;2.84
1;0;3;0;1;1;1;0.4502;2.87
1;4;3;0;1;0;0;0.4502;3.11
1;2;3;0;0;0;1;0.4502;3.13
1;1;3;0;1;1;0;0.4502;3.14
1;4;3;0;0;1;0;0.4502;3.18
1;3;3;0;0;1;0;0.4502;3.19
1;4;3;0;1;1;0;0.4502;3.22
1;4;3;0;0;0;1;0.4502;3.24
1;2;3;0;1;1;0;0.4502;3.29
1;5;3;0;1;0;0;0.4502;3.3
1;5;3;0;0;1;0;0.4502;3.41
1;5;3;0;1;1;0;0.4502;3.41
1;3;3;0;0;0;0;0.4502;3.99
1;5;3;0;0;0;0;0.4502;4.23
1;2;3;0;0;1;1;0.4502;4.77
1;4;3;0;1;0;1;0.4502;4.8
1;4;3;0;1;1;1;0.4502;4.82
1;1;3;0;1;0;1;0.4502;4.84
1;4;3;0;0;1;1;0.4502;4.85
1;3;3;0;0;1;1;0.4502;4.86
1;1;3;0;1;1;1;0.4502;4.9
1;0;3;0;0;1;1;0.4502;5.02
1;0;3;0;0;0;1;0.4502;5.06
1;5;3;0;1;0;1;0.4502;5.16
1;5;3;0;0;1;1;0.4502;5.17
1;5;3;0;0;0;1;0.4502;5.39
1;2;3;0;1;0;1;0.4502;5.46
1;5;3;0;1;1;1;0.4502;5.64
1;3;3;0;0;0;1;0.4502;5.69
1;2;3;0;1;1;1;0.4502;6.69
1;5;3;2;0;1;1;0.4463;3.12
1;4;3;2;0;1;1;0.4463;3.72
1;1;3;2;0;1;1;0.4463;3.86
1;3;3;2;1;1;1;0.4463;4.11
1;5;3;2;1;1;1;0.4463;4.14
1;0;3;2;1;1;1;0.4463;4.54
1;0;3;2;0;1;1;0.4463;4.56
1;2;3;2;0;1;1;0.4463;4.62
1;3;3;2;0;1;1;0.4463;4.64
1;1;3;2;1;1;1;0.4463;4.81
1;4;3;2;1;1;1;0.4463;5.14
1;2;3;2;1;1;1;0.4463;5.96
0;3;3;2;0;0;1;0.4344;2.52
0;4;3;2;1;1;1;0.4344;2.52
0;3;3;2;1;1;1;0.4344;2.53
6;3;3;2;1;0;1;0.4344;2.7
0;3;3;2;1;0;1;0.4344;2.76
6;3;3;2;0;1;1;0.4344;3.08
0;3;3;2;0;1;1;0.4344;3.39
0;4;3;2;1;0;1;0.4344;3.52
0;4;3;2;0;1;1;0.4344;4.52
0;4;3;2;0;0;1;0.4344;4.63
6;3;3;2;0;0;1;0.4344;5.02
6;4;3;2;0;0;1;0.4344;5.05
6;4;3;2;0;1;1;0.4344;5.07
6;3;3;2;1;1;1;0.4344;5.11
6;4;3;2;1;0;1;0.4344;5.17
6;4;3;2;1;1;1;0.4344;5.37
5;4;3;2;0;0;1;0.431;4.13
5;4;3;2;1;1;1;0.431;4.49
5;4;3;2;0;1;1;0.431;4.53
5;3;3;2;1;1;1;0.431;4.8
5;3;3;2;1;0;1;0.431;5.07
5;3;3;2;0;1;1;0.431;5.13
5;4;3;2;1;0;1;0.431;5.38
5;3;3;2;0;0;1;0.431;6.06
6;5;3;2;1;1;1;0.4305;2.7
6;5;3;2;1;0;1;0.4305;2.75
6;2;3;2;1;0;1;0.4305;2.77
5;5;3;2;1;0;1;0.4305;2.98
6;5;3;2;0;1;1;0.4305;3.09
6;2;3;2;0;1;1;0.4305;3.12
0;2;3;2;1;1;1;0.4305;3.13
5;5;3;2;0;0;1;0.4305;3.13
0;5;3;2;1;1;1;0.4305;3.65
6;5;3;2;0;0;1;0.4305;3.82
5;5;3;2;1;1;1;0.4305;4.22
6;2;3;2;1;1;1;0.4305;4.36
5;5;3;2;0;1;1;0.4305;4.51
0;2;3;2;1;0;1;0.4305;4.62
0;5;3;2;0;0;1;0.4305;4.89
0;5;3;2;1;0;1;0.4305;4.94
0;2;3;2;0;1;1;0.4305;5.25
0;2;3;2;0;0;1;0.4305;5.41
6;2;3;2;0;0;1;0.4305;5.42
5;2;3;2;1;0;1;0.4305;5.69
0;5;3;2;0;1;1;0.4305;6.2
5;2;3;2;0;1;1;0.4305;6.55
5;2;3;2;1;1;1;0.4305;7.01
5;2;3;2;0;0;1;0.4305;7.34
3;3;3;2;1;0;1;0.4281;2.56
3;4;3;2;1;0;1;0.4281;2.61
3;2;3;2;0;0;1;0.4281;2.7
3;3;3;2;1;1;1;0.4281;2.79
3;5;3;2;1;0;1;0.4281;2.82
3;3;3;2;0;0;1;0.4281;2.92
6;1;3;2;0;0;1;0.4281;2.92
5;0;3;2;0;1;1;0.4281;2.99
3;3;3;2;0;1;1;0.4281;3.0
3;5;3;2;0;1;1;0.4281;3.17
3;2;3;2;0;1;1;0.4281;3.2
6;1;3;2;0;1;1;0.4281;3.49
3;4;3;2;0;0;1;0.4281;3.51
3;4;3;2;1;1;1;0.4281;3.55
0;1;3;2;0;1;1;0.4281;3.64
6;1;3;2;1;1;1;0.4281;3.68
0;1;3;2;1;1;1;0.4281;4.19
2;0;3;2;1;1;1;0.4281;4.55
5;0;3;2;1;1;1;0.4281;4.56
3;1;3;2;1;0;1;0.4281;4.9
3;1;3;2;0;1;1;0.4281;4.94
3;1;3;2;1;1;1;0.4281;4.95
3;5;3;2;1;1;1;0.4281;4.95
2;0;3;2;0;0;1;0.4281;4.97
3;2;3;2;1;1;1;0.4281;4.97
0;1;3;2;0;0;1;0.4281;5.04
2;0;3;2;0;1;1;0.4281;5.12
0;1;3;2;1;0;1;0.4281;5.14
5;0;3;2;1;0;1;0.4281;5.2
3;0;3;2;0;1;1;0.4281;5.21
3;0;3;2;1;0;1;0.4281;5.23
3;0;3;2;1;1;1;0.4281;5.27
6;1;3;2;1;0;1;0.4281;5.54
5;0;3;2;0;0;1;0.4281;5.62
2;0;3;2;1;0;1;0.4281;5.68
3;5;3;2;0;0;1;0.4281;5.96
3;2;3;2;1;0;1;0.4281;6.2
3;4;3;2;0;1;1;0.4281;6.36
3;1;3;2;0;0;1;0.4281;6.51
5;1;3;2;0;0;1;0.4281;6.52
5;1;3;2;1;1;1;0.4281;6.79
5;1;3;2;0;1;1;0.4281;7.26
3;0;3;2;0;0;1;0.4281;7.27
5;1;3;2;1;0;1;0.4281;7.73
4;5;3;2;0;0;1;0.4155;2.62
4;1;3;2;0;0;1;0.4155;2.66
4;1;3;2;0;1;1;0.4155;2.7
4;2;3;2;1;1;1;0.4155;2.86
4;1;3;2;1;0;1;0.4155;2.91
4;2;3;2;1;0;1;0.4155;3.02
4;4;3;2;1;0;1;0.4155;3.02
4;4;3;2;0;1;1;0.4155;3.09
4;1;3;2;1;1;1;0.4155;3.2
4;5;3;2;0;1;1;0.4155;3.78
4;4;3;2;1;1;1;0.4155;3.86
4;4;3;2;0;0;1;0.4155;4.56
4;2;3;2;0;1;1;0.4155;4.63
4;2;3;2;0;0;1;0.4155;4.9
4;0;3;2;1;1;1;0.4155;4.92
4;5;3;2;1;0;1;0.4155;5.05
4;5;3;2;1;1;1;0.4155;5.07
4;3;3;2;1;0;1;0.4155;5.61
4;3;3;2;1;1;1;0.4155;5.89
4;0;3;2;1;0;1;0.4155;6.1
4;3;3;2;0;1;1;0.4155;6.35
4;0;3;2;0;0;1;0.4155;8.52
4;3;3;2;0;0;1;0.4155;8.77
4;0;3;2;0;1;1;0.4155;8.83
1;5;3;2;1;1;0;0.4113;1.35
1;5;3;2;0;1;0;0.4113;1.55
1;1;3;2;1;1;0;0.4113;1.62
1;0;3;2;1;1;0;0.4113;2.03
1;3;3;2;0;1;0;0.4113;2.04
1;2;3;2;0;1;0;0.4113;2.06
1;0;3;2;0;1;0;0.4113;2.08
1;3;3;2;1;1;0;0.4113;2.12
1;4;3;2;0;1;0;0.4113;2.15
1;1;3;2;0;1;0;0.4113;2.36
1;2;3;2;1;1;0;0.4113;2.39
1;4;3;2;1;1;0;0.4113;2.41
0;0;3;2;0;0;1;0.4097;4.71
0;0;3;2;1;0;1;0.4097;5.0
0;0;3;2;0;1;1;0.4097;5.02
6;0;3;2;1;1;1;0.4097;5.09
6;0;3;2;0;0;1;0.4097;5.19
6;0;3;2;1;0;1;0.4097;5.29
6;0;3;2;0;1;1;0.4097;5.32
0;0;3;2;1;1;1;0.4097;5.51
1;1;3;2;1;0;1;0.4074;2.99
1;5;3;2;1;0;1;0.4074;3.46
1;5;3;2;0;0;1;0.4074;4.04
1;4;3;2;1;0;1;0.4074;4.24
1;2;3;2;0;0;1;0.4074;4.29
1;0;3;2;0;0;1;0.4074;4.34
1;2;3;2;1;0;1;0.4074;4.36
1;3;3;2;0;0;1;0.4074;4.36
1;3;3;2;1;0;1;0.4074;4.38
1;4;3;2;0;0;1;0.4074;4.38
1;0;3;2;1;0;1;0.4074;4.42
1;1;3;2;0;0;1;0.4074;4.51
4;2;3;0;0;0;0;0.4035;1.8
4;3;3;0;1;0;0;0.4035;1.89
4;5;3;0;1;0;0;0.4035;1.89
4;5;3;0;1;1;0;0.4035;1.9
4;3;3;0;1;1;0;0.4035;2.36
4;2;3;0;0;1;0;0.4035;2.5
4;3;3;0;0;0;0;0.4035;2.62
4;5;3;0;1;1;1;0.4035;2.85
4;3;3;0;0;1;1;0.4035;2.86
4;3;3;0;1;1;1;0.4035;2.86
4;5;3;0;1;0;1;0.4035;2.88
4;2;3;0;0;0;1;0.4035;2.89
4;3;3;0;0;1;0;0.4035;3.0
4;3;3;0;0;0;1;0.4035;3.01
4;2;3;0;0;1;1;0.4035;3.03
4;4;3;0;0;1;1;0.4035;3.22
4;3;3;0;1;0;1;0.4035;3.31
4;4;3;0;1;0;0;0.4035;3.34
4;1;3;0;0;0;0;0.4035;3.4
4;0;3;0;1;0;0;0.4035;3.43
4;1;3;0;1;1;0;0.4035;3.46
4;1;3;0;0;1;0;0.4035;3.48
4;2;3;0;1;1;0;0.4035;3.51
4;2;3;0;1;0;0;0.4035;3.53
4;0;3;0;0;0;0;0.4035;3.57
4;0;3;0;0;1;0;0.4035;3.59
4;5;3;0;0;0;0;0.4035;3.63
4;1;3;0;1;0;0;0.4035;3.64
4;5;3;0;0;1;0;0.4035;3.68
4;4;3;0;1;1;0;0.4035;3.76
4;4;3;0;0;1;0;0.4035;4.16
4;4;3;0;0;0;0;0.4035;4.3
4;0;3;0;1;1;0;0.4035;4.33
4;5;3;0;0;1;1;0.4035;4.4
4;4;3;0;1;0;1;0.4035;4.68
4;1;3;0;1;1;1;0.4035;4.91
4;1;3;0;0;0;1;0.4035;5.29
4;1;3;0;1;0;1;0.4035;5.33
4;0;3;0;0;0;1;0.4035;5.4
4;0;3;0;0;1;1;0.4035;5.45
4;4;3;0;1;1;1;0.4035;5.45
4;2;3;0;1;0;1;0.4035;5.51
4;0;3;0;1;0;1;0.4035;5.61
4;1;3;0;0;1;1;0.4035;5.62
4;4;3;0;0;0;1;0.4035;5.67
4;5;3;0;0;0;1;0.4035;5.72
4;2;3;0;1;1;1;0.4035;5.75
4;0;3;0;1;1;1;0.4035;6.75
3;3;3;2;0;0;0;0.378;1.09
0;3;3;2;0;1;0;0.378;1.1
3;3;3;2;1;0;0;0.378;1.1
3;5;3;2;1;0;0;0.378;1.1
0;3;3;2;0;0;0;0.378;1.11
0;3;3;2;1;1;0;0.378;1.11
1;2;3;2;0;0;0;0.378;1.11
3;4;3;2;0;0;0;0.378;1.11
0;0;3;2;0;0;0;0.378;1.12
0;3;3;2;1;0;0;0.378;1.12
3;3;3;2;1;1;0;0.378;1.15
4;4;3;2;0;0;0;0.378;1.17
4;4;3;2;1;0;0;0.378;1.17
4;5;3;2;0;0;0;0.378;1.17
3;3;3;2;0;1;0;0.378;1.2
4;1;3;2;1;0;0;0.378;1.2
3;2;3;2;0;1;0;0.378;1.21
4;4;3;2;1;1;0;0.378;1.21
6;1;3;2;0;0;0;0.378;1.22
6;5;3;2;1;0;0;0.378;1.22
4;5;3;2;0;1;0;0.378;1.25
6;2;3;2;1;0;0;0.378;1.25
6;5;3;2;1;1;0;0.378;1.25
0;1;3;2;0;1;0;0.378;1.26
6;3;3;2;1;0;0;0.378;1.26
4;2;3;2;1;0;0;0.378;1.27
6;1;3;2;0;1;0;0.378;1.3
1;1;3;2;1;0;0;0.378;1.33
0;1;3;2;0;0;0;0.378;1.34
4;1;3;2;0;1;0;0.378;1.34
4;2;3;2;1;1;0;0.378;1.36
1;5;3;2;1;0;0;0.378;1.47
3;1;3;2;0;0;0;0.378;1.51
6;4;3;2;0;1;0;0.378;1.53
3;2;3;2;0;0;0;0.378;1.56
4;1;3;2;0;0;0;0.378;1.63
6;3;3;2;1;1;0;0.378;1.64
6;5;3;2;0;1;0;0.378;1.69
0;2;3;2;0;1;0;0.378;1.75
0;4;3;2;0;1;0;0.378;1.76
4;3;3;2;0;1;0;0.378;1.77
5;0;3;2;0;1;0;0.378;1.78
1;4;3;2;0;0;0;0.378;1.79
3;4;3;2;1;1;0;0.378;1.79
5;5;3;2;1;0;0;0.378;1.81
5;0;3;2;1;0;0;0.378;1.87
5;5;3;2;0;0;0;0.378;1.91
1;0;3;2;1;0;0;0.378;1.92
0;1;3;2;1;0;0;0.378;1.93
5;4;3;2;1;0;0;0.378;1.93
1;2;3;2;1;0;0;0.378;1.95
4;1;3;2;1;1;0;0.378;1.95
1;3;3;2;0;0;0;0.378;1.96
1;5;3;2;0;0;0;0.378;1.96
1;1;3;2;0;0;0;0.378;1.97
5;5;3;2;1;1;0;0.378;1.97
0;2;3;2;1;1;0;0.378;1.98
1;3;3;2;1;0;0;0.378;1.98
1;4;3;2;1;0;0;0.378;1.99
3;2;3;2;1;0;0;0.378;2.0
6;2;3;2;1;1;0;0.378;2.02
1;0;3;2;0;0;0;0.378;2.03
0;4;3;2;1;0;0;0.378;2.04
5;4;3;2;1;1;0;0.378;2.04
3;0;3;2;1;0;0;0.378;2.09
0;4;3;2;0;0;0;0.378;2.1
3;1;3;2;1;0;0;0.378;2.12
0;5;3;2;0;0;0;0.378;2.13
0;5;3;2;0;1;0;0.378;2.14
3;4;3;2;1;0;0;0.378;2.14
0;5;3;2;1;0;0;0.378;2.15
3;4;3;2;0;1;0;0.378;2.15
0;0;3;2;1;1;0;0.378;2.16
0;4;3;2;1;1;0;0.378;2.16
3;0;3;2;0;1;0;0.378;2.16
6;0;3;2;0;0;0;0.378;2.16
6;1;3;2;1;1;0;0.378;2.16
0;0;3;2;1;0;0;0.378;2.17
0;5;3;2;1;1;0;0.378;2.17
3;1;3;2;1;1;0;0.378;2.18
6;2;3;2;0;1;0;0.378;2.18
3;1;3;2;0;1;0;0.378;2.19
4;3;3;2;0;0;0;0.378;2.2
6;3;3;2;0;1;0;0.378;2.2
0;2;3;2;0;0;0;0.378;2.23
3;5;3;2;0;1;0;0.378;2.23
0;1;3;2;1;1;0;0.378;2.26
4;2;3;2;0;0;0;0.378;2.27
4;0;3;2;1;1;0;0.378;2.33
4;5;3;2;1;0;0;0.378;2.33
6;3;3;2;0;0;0;0.378;2.33
5;5;3;2;0;1;0;0.378;2.34
6;4;3;2;0;0;0;0.378;2.35
4;5;3;2;1;1;0;0.378;2.37
5;3;3;2;1;0;0;0.378;2.37
6;4;3;2;1;0;0;0.378;2.38
5;2;3;2;1;1;0;0.378;2.39
6;0;3;2;0;1;0;0.378;2.4
3;5;3;2;0;0;0;0.378;2.41
6;5;3;2;0;0;0;0.378;2.42
0;0;3;2;0;1;0;0.378;2.43
0;2;3;2;1;0;0;0.378;2.46
6;0;3;2;1;1;0;0.378;2.46
5;4;3;2;0;1;0;0.378;2.47
6;2;3;2;0;0;0;0.378;2.49
6;0;3;2;1;0;0;0.378;2.5
6;1;3;2;1;0;0;0.378;2.52
6;4;3;2;1;1;0;0.378;2.52
4;2;3;2;0;1;0;0.378;2.63
5;0;3;2;0;0;0;0.378;2.68
5;3;3;2;0;1;0;0.378;2.7
3;5;3;2;1;1;0;0.378;2.73
4;0;3;2;0;0;0;0.378;2.74
5;4;3;2;0;0;0;0.378;2.8
4;3;3;2;1;1;0;0.378;2.81
5;3;3;2;1;1;0;0.378;2.82
5;2;3;2;1;0;0;0.378;2.88
5;3;3;2;0;0;0;0.378;2.93
5;1;3;2;1;1;0;0.378;3.0
2;0;3;2;1;0;0;0.378;3.03
3;2;3;2;1;1;0;0.378;3.03
5;0;3;2;1;1;0;0.378;3.05
5;1;3;2;0;1;0;0.378;3.06
5;2;3;2;0;0;0;0.378;3.14
5;1;3;2;0;0;0;0.378;3.29
5;2;3;2;0;1;0;0.378;3.31
3;0;3;2;1;1;0;0.378;3.57
4;3;3;2;1;0;0;0.378;3.61
3;0;3;2;0;0;0;0.378;3.7
5;1;3;2;1;0;0;0.378;3.81
2;0;3;2;0;1;0;0.378;4.03
4;0;3;2;1;0;0;0.378;4.09
4;0;3;2;0;1;0;0.378;4.18
4;4;3;2;0;1;0;0.378;4.2
2;0;3;2;0;0;0;0.378;4.29
2;0;3;2;1;1;0;0.378;5.28
