#@seed 2460
#@graphSize 50
#@graphDepth 17
#@sdComp 0.3
#@sdComm 1.0
#@CCR 10
#@nbproc 3
#@minmk 49.0954

prio;cost;placement;desc;BIM;ins;bsa;makespan;time
1;1;4;2;0;1;0;1.0;23.25
1;1;4;2;0;0;1;1.0;24.24
1;1;4;2;0;0;0;1.0;27.76
6;0;4;2;0;1;1;1.0;31.37
6;0;4;2;0;1;0;1.0;32.98
6;3;4;2;0;1;1;1.0;33.56
1;1;4;2;0;1;1;1.0;35.24
6;4;4;2;0;1;1;1.0;36.34
6;4;4;2;0;0;1;1.0;36.6
6;4;4;2;0;1;0;1.0;37.47
6;3;4;2;0;0;1;1.0;39.21
6;3;4;2;0;1;0;1.0;40.41
6;0;4;2;0;0;0;1.0;41.3
6;0;4;2;0;0;1;1.0;41.75
6;4;4;2;0;0;0;1.0;43.44
6;3;4;2;0;0;0;1.0;50.34
1;0;0;2;0;1;0;0.9879;8.12
1;0;0;2;0;0;0;0.9879;8.33
1;5;0;2;0;0;0;0.9879;9.42
1;0;0;2;0;0;1;0.9879;9.58
1;4;0;2;0;1;0;0.9879;11.09
1;3;0;2;0;0;0;0.9879;11.28
1;2;0;2;0;0;0;0.9879;11.31
1;3;0;2;0;1;1;0.9879;11.47
1;4;0;2;0;0;0;0.9879;11.52
1;4;0;2;0;1;1;0.9879;11.6
1;1;0;2;0;0;1;0.9879;11.66
1;1;0;2;0;0;0;0.9879;12.02
1;3;0;2;0;1;0;0.9879;12.11
1;1;0;2;0;1;1;0.9879;12.13
1;2;0;2;0;1;1;0.9879;12.38
1;3;0;2;0;0;1;0.9879;12.46
1;2;0;2;0;1;0;0.9879;13.39
1;1;0;2;0;1;0;0.9879;13.52
1;5;0;2;0;0;1;0.9879;15.48
1;4;0;2;0;0;1;0.9879;15.98
1;0;0;2;0;1;1;0.9879;16.05
1;2;0;2;0;0;1;0.9879;16.57
1;5;0;2;0;1;1;0.9879;16.96
4;0;4;2;0;1;0;0.9879;22.04
1;5;0;2;0;1;0;0.9879;22.74
1;4;4;2;0;0;0;0.9879;23.06
4;4;4;2;0;1;0;0.9879;23.09
1;3;4;2;0;1;0;0.9879;23.9
4;0;4;2;0;1;1;0.9879;24.36
4;1;4;2;0;0;1;0.9879;25.74
4;1;4;2;0;0;0;0.9879;25.76
1;0;4;2;0;0;0;0.9879;25.94
1;2;4;2;0;0;0;0.9879;26.11
4;4;4;2;0;1;1;0.9879;26.64
4;1;4;2;0;1;1;0.9879;26.7
4;4;4;2;0;0;0;0.9879;26.7
4;2;4;2;0;0;1;0.9879;26.96
1;5;4;2;0;0;1;0.9879;27.61
4;3;4;2;0;0;0;0.9879;27.66
4;5;4;2;0;1;1;0.9879;27.83
4;5;4;2;0;0;0;0.9879;28.08
4;5;4;2;0;1;0;0.9879;28.12
1;3;4;2;0;0;1;0.9879;28.19
1;5;4;2;0;0;0;0.9879;28.77
1;4;4;2;0;1;0;0.9879;28.79
1;4;4;2;0;0;1;0.9879;28.94
1;0;4;2;0;1;1;0.9879;29.13
4;2;4;2;0;1;1;0.9879;29.55
4;2;4;2;0;0;0;0.9879;29.9
4;1;4;2;0;1;0;0.9879;30.32
1;3;4;2;0;1;1;0.9879;30.75
6;1;4;2;0;1;1;0.9879;31.3
6;1;4;2;0;0;0;0.9879;31.47
2;0;0;2;1;1;1;0.9879;31.53
4;4;4;2;0;0;1;0.9879;31.67
1;2;4;2;0;0;1;0.9879;31.68
4;0;4;2;0;0;0;0.9879;31.68
1;2;4;2;0;1;0;0.9879;31.71
1;3;4;2;0;0;0;0.9879;31.74
4;3;4;2;0;1;0;0.9879;31.77
1;5;4;2;0;1;1;0.9879;31.93
4;5;4;2;0;0;1;0.9879;32.8
4;2;4;2;0;1;0;0.9879;33.08
1;5;4;2;0;1;0;0.9879;33.09
4;3;4;2;0;1;1;0.9879;33.72
4;0;4;2;0;0;1;0.9879;33.83
1;0;4;2;0;1;0;0.9879;33.85
1;0;4;2;0;0;1;0.9879;34.01
2;0;0;2;1;0;0;0.9879;34.1
4;3;4;2;0;0;1;0.9879;34.34
2;0;0;2;1;1;0;0.9879;35.02
1;4;4;2;0;1;1;0.9879;35.1
1;2;4;2;0;1;1;0.9879;36.24
2;0;0;2;1;0;1;0.9879;36.27
6;1;4;2;0;1;0;0.9879;38.34
6;1;4;2;0;0;1;0.9879;40.94
1;5;2;0;0;1;0;0.9866;5.83
1;4;2;0;1;0;0;0.9866;5.92
1;3;2;0;0;0;0;0.9866;6.18
0;5;2;0;0;1;0;0.9866;6.53
4;4;2;0;0;1;0;0.9866;6.8
4;3;2;0;0;0;0;0.9866;6.9
4;1;2;0;1;1;0;0.9866;7.01
4;0;2;0;1;0;0;0.9866;7.19
0;3;2;0;0;0;0;0.9866;7.36
1;4;2;0;1;1;0;0.9866;7.45
3;3;2;0;0;0;0;0.9866;7.48
3;3;2;0;1;0;0;0.9866;7.56
1;3;2;0;1;0;0;0.9866;7.57
3;2;2;0;0;0;0;0.9866;7.6
4;3;2;0;1;1;0;0.9866;7.64
1;4;2;0;0;0;0;0.9866;7.8
4;2;2;0;0;0;0;0.9866;7.81
0;2;2;0;1;1;0;0.9866;7.97
1;4;2;0;1;0;1;0.9866;7.97
0;3;2;0;1;0;0;0.9866;7.99
1;0;2;0;1;1;0;0.9866;8.02
1;3;2;0;0;1;1;0.9866;8.03
0;2;2;0;0;1;0;0.9866;8.22
1;4;2;0;0;1;1;0.9866;8.23
0;0;2;0;1;1;0;0.9866;8.26
0;0;2;0;0;0;0;0.9866;8.42
5;5;2;0;0;0;0;0.9866;8.69
6;5;2;0;0;1;0;0.9866;8.73
0;3;2;0;1;0;1;0.9866;8.8
0;1;2;0;1;1;0;0.9866;8.9
4;1;2;0;0;0;0;0.9866;8.98
5;3;2;0;0;1;0;0.9866;9.02
6;0;2;0;1;0;0;0.9866;9.02
5;5;2;0;1;1;0;0.9866;9.05
0;5;2;0;0;1;1;0.9866;9.21
1;0;2;0;0;0;0;0.9866;9.27
0;2;2;0;0;0;0;0.9866;9.29
1;4;2;0;0;0;1;0.9866;9.39
3;2;2;0;0;0;1;0.9866;9.48
1;5;2;0;0;0;0;0.9866;9.54
4;5;2;0;0;0;1;0.9866;9.57
6;4;2;0;1;0;0;0.9866;9.57
5;5;2;0;1;0;0;0.9866;9.58
3;2;2;0;0;1;1;0.9866;9.59
1;2;2;0;0;1;0;0.9866;9.66
1;3;2;0;0;0;1;0.9866;9.68
4;5;2;0;0;0;0;0.9866;9.77
0;3;1;0;0;1;0;0.9866;9.78
1;4;2;0;0;1;0;0.9866;9.82
6;0;2;0;1;1;0;0.9866;9.82
3;2;2;0;0;1;0;0.9866;9.83
4;4;2;0;1;1;0;0.9866;9.83
3;0;2;0;1;1;1;0.9866;9.85
6;4;2;0;0;1;0;0.9866;9.85
0;3;2;0;0;1;0;0.9866;9.87
3;4;2;0;0;0;0;0.9866;9.87
1;4;1;0;0;0;1;0.9866;9.96
0;5;1;0;0;1;0;0.9866;9.98
4;4;2;0;0;0;0;0.9866;10.03
3;5;2;0;1;1;0;0.9866;10.04
1;5;2;0;1;0;0;0.9866;10.06
4;1;2;0;1;1;1;0.9866;10.09
0;5;2;0;0;0;1;0.9866;10.11
4;4;2;0;1;0;0;0.9866;10.11
1;0;2;0;1;0;0;0.9866;10.14
1;2;2;0;1;0;0;0.9866;10.15
3;1;2;0;0;0;1;0.9866;10.19
4;0;2;0;0;1;0;0.9866;10.25
1;3;2;0;0;1;0;0.9866;10.27
4;3;2;0;0;0;1;0.9866;10.28
4;2;2;0;0;1;0;0.9866;10.3
1;2;2;0;0;0;0;0.9866;10.33
6;5;2;0;0;0;0;0.9866;10.35
1;5;2;0;0;0;1;0.9866;10.42
0;2;1;0;0;0;0;0.9866;10.44
4;2;2;0;0;1;1;0.9866;10.51
4;4;2;0;0;0;1;0.9866;10.51
1;3;2;0;1;1;0;0.9866;10.56
1;0;2;0;0;1;0;0.9866;10.6
1;1;1;0;0;1;1;0.9866;10.65
0;0;2;0;1;0;0;0.9866;10.67
3;4;2;0;0;1;0;0.9866;10.67
1;2;2;0;1;1;0;0.9866;10.68
3;3;2;0;1;1;0;0.9866;10.69
0;3;2;0;0;1;1;0.9866;10.72
4;3;2;0;0;1;1;0.9866;10.74
1;3;2;0;1;0;1;0.9866;10.75
0;5;2;0;1;1;0;0.9866;10.77
3;2;2;0;1;0;0;0.9866;10.84
1;4;1;0;0;1;0;0.9866;10.88
4;0;2;0;0;0;0;0.9866;10.89
1;0;1;0;0;1;0;0.9866;10.9
5;4;2;0;1;0;1;0.9866;10.96
4;4;1;0;0;0;0;0.9866;10.97
1;5;2;0;0;1;1;0.9866;10.98
3;5;2;0;0;0;0;0.9866;11.03
0;3;2;0;1;1;0;0.9866;11.04
1;1;1;0;0;0;0;0.9866;11.1
0;5;1;0;0;0;0;0.9866;11.12
1;5;2;0;1;1;0;0.9866;11.14
3;4;2;0;1;1;1;0.9866;11.23
4;1;2;0;0;1;0;0.9866;11.23
1;1;1;0;0;1;0;0.9866;11.24
3;1;2;0;0;0;0;0.9866;11.25
0;5;2;0;1;0;0;0.9866;11.32
1;1;2;0;1;1;0;0.9866;11.36
4;2;2;0;1;1;0;0.9866;11.37
1;1;2;0;1;0;0;0.9866;11.39
0;0;2;0;1;0;1;0.9866;11.45
3;1;1;0;0;1;0;0.9866;11.46
4;3;2;0;0;1;0;0.9866;11.46
6;5;2;0;0;0;1;0.9866;11.46
3;5;2;0;0;1;0;0.9866;11.48
5;1;2;0;1;1;0;0.9866;11.51
4;1;2;0;1;0;1;0.9866;11.56
6;4;2;0;1;0;1;0.9866;11.61
4;4;2;0;0;1;1;0.9866;11.67
1;1;2;0;0;1;0;0.9866;11.68
3;2;2;0;1;1;0;0.9866;11.68
0;0;2;0;0;1;0;0.9866;11.71
3;4;2;0;1;0;0;0.9866;11.71
1;4;2;0;1;1;1;0.9866;11.74
3;1;2;0;0;1;0;0.9866;11.75
3;0;2;0;0;1;1;0.9866;11.77
5;1;1;0;0;0;0;0.9866;11.78
6;2;2;0;0;0;0;0.9866;11.87
0;2;2;0;1;0;1;0.9866;12.02
0;3;2;0;0;0;1;0.9866;12.07
0;2;2;0;1;0;0;0.9866;12.08
5;2;2;0;0;0;0;0.9866;12.11
0;5;2;0;0;0;0;0.9866;12.13
6;5;2;0;1;0;1;0.9866;12.15
0;1;2;0;1;0;0;0.9866;12.21
3;1;2;0;1;0;0;0.9866;12.23
4;0;2;0;1;0;1;0.9866;12.24
3;0;2;0;0;1;0;0.9866;12.29
3;0;2;0;1;0;0;0.9866;12.29
4;0;2;0;1;1;0;0.9866;12.29
0;4;2;0;0;0;0;0.9866;12.31
0;1;2;0;1;1;1;0.9866;12.34
0;0;1;0;0;1;0;0.9866;12.35
0;4;2;0;1;0;0;0.9866;12.36
1;2;2;0;0;1;1;0.9866;12.39
5;1;2;0;0;0;1;0.9866;12.4
3;0;2;0;1;1;0;0.9866;12.41
4;5;2;0;1;0;0;0.9866;12.41
0;1;2;0;0;0;0;0.9866;12.43
3;0;2;0;0;0;0;0.9866;12.49
4;5;2;0;0;1;0;0.9866;12.52
3;3;2;0;0;1;0;0.9866;12.53
0;3;1;0;0;0;1;0.9866;12.55
3;5;2;0;1;0;1;0.9866;12.56
0;1;2;0;0;1;0;0.9866;12.58
3;4;2;0;1;1;0;0.9866;12.58
3;3;2;0;1;1;1;0.9866;12.59
1;1;2;0;0;0;0;0.9866;12.62
0;4;2;0;1;1;0;0.9866;12.65
5;3;2;0;1;0;0;0.9866;12.66
4;3;2;0;1;0;0;0.9866;12.67
5;4;2;0;1;0;0;0.9866;12.68
3;2;2;0;1;0;1;0.9866;12.69
6;0;2;0;0;0;0;0.9866;12.69
3;5;2;0;1;0;0;0.9866;12.7
6;3;2;0;1;1;0;0.9866;12.73
0;2;2;0;0;0;1;0.9866;12.74
6;2;2;0;1;1;0;0.9866;12.74
6;0;1;0;0;0;0;0.9866;12.79
1;2;2;0;0;0;1;0.9866;12.8
0;2;1;0;0;1;0;0.9866;12.81
4;4;1;0;0;1;1;0.9866;12.86
1;0;2;0;1;0;1;0.9866;12.87
6;4;2;0;0;0;1;0.9866;12.9
3;1;2;0;1;1;0;0.9866;12.91
4;1;2;0;1;0;0;0.9866;12.94
1;0;2;0;0;0;1;0.9866;13.03
5;4;2;0;0;1;1;0.9866;13.03
5;1;2;0;1;0;0;0.9866;13.04
3;1;1;0;0;0;0;0.9866;13.05
0;4;2;0;0;1;0;0.9866;13.1
1;5;2;0;1;0;1;0.9866;13.11
4;0;2;0;0;1;1;0.9866;13.12
4;1;1;0;0;1;0;0.9866;13.15
4;3;1;0;0;0;0;0.9866;13.19
3;5;1;0;0;1;0;0.9866;13.21
3;5;2;0;0;1;1;0.9866;13.23
4;3;2;0;1;1;1;0.9866;13.23
4;3;2;0;1;0;1;0.9866;13.24
5;2;2;0;0;1;1;0.9866;13.24
1;0;2;0;0;1;1;0.9866;13.32
1;0;2;0;1;1;1;0.9866;13.33
1;2;2;0;1;0;1;0.9866;13.34
1;2;2;0;1;1;1;0.9866;13.39
4;1;2;0;0;0;1;0.9866;13.42
1;5;1;0;0;0;1;0.9866;13.43
4;5;2;0;1;1;0;0.9866;13.45
4;2;2;0;1;0;0;0.9866;13.5
3;0;1;0;0;1;0;0.9866;13.63
1;3;1;0;0;1;1;0.9866;13.67
5;1;2;0;0;0;0;0.9866;13.69
5;4;2;0;0;1;0;0.9866;13.73
6;5;2;0;1;1;0;0.9866;13.73
1;1;2;0;0;0;1;0.9866;13.81
6;4;2;0;1;1;0;0.9866;13.85
1;3;1;0;0;1;0;0.9866;13.86
5;2;2;0;1;0;0;0.9866;13.87
5;5;1;0;0;1;0;0.9866;13.92
1;5;2;0;1;1;1;0.9866;13.97
5;0;2;0;1;1;0;0.9866;13.97
5;5;2;0;0;0;1;0.9866;14.0
6;0;1;0;0;1;0;0.9866;14.01
1;3;1;0;0;0;0;0.9866;14.03
5;3;2;0;0;0;1;0.9866;14.03
4;2;2;0;0;0;1;0.9866;14.12
5;0;1;0;0;1;0;0.9866;14.18
0;2;2;0;1;1;1;0.9866;14.22
1;5;1;0;0;0;0;0.9866;14.22
4;2;2;0;1;1;1;0.9866;14.22
5;5;2;0;1;1;1;0.9866;14.22
0;1;1;0;0;0;0;0.9866;14.29
5;1;2;0;0;1;0;0.9866;14.31
5;2;1;0;0;1;0;0.9866;14.32
0;0;1;0;0;1;1;0.9866;14.36
0;0;1;0;0;0;1;0.9866;14.37
4;5;1;0;0;1;1;0.9866;14.38
6;5;2;0;1;0;0;0.9866;14.38
6;1;2;0;1;0;0;0.9866;14.41
4;3;1;0;0;1;0;0.9866;14.42
5;3;1;0;0;0;0;0.9866;14.44
1;1;2;0;0;1;1;0.9866;14.45
6;2;2;0;1;0;1;0.9866;14.53
0;0;2;0;0;0;1;0.9866;14.54
1;4;1;0;0;0;0;0.9866;14.54
1;1;2;0;1;0;1;0.9866;14.66
4;5;2;0;1;0;1;0.9866;14.66
5;3;2;0;0;0;0;0.9866;14.66
0;5;2;0;1;1;1;0.9866;14.7
2;0;1;1;0;1;0;0.9866;14.7
5;3;2;0;1;1;0;0.9866;14.7
6;2;2;0;1;0;0;0.9866;14.7
4;5;1;0;0;1;0;0.9866;14.71
6;0;2;0;0;0;1;0.9866;14.71
3;3;2;0;1;0;1;0.9866;14.73
1;5;1;0;0;1;0;0.9866;14.74
5;0;2;0;1;0;0;0.9866;14.75
1;2;1;0;0;0;0;0.9866;14.77
5;0;2;0;0;0;0;0.9866;14.82
3;3;1;0;0;0;0;0.9866;14.83
6;2;2;0;0;1;1;0.9866;14.83
5;2;2;0;0;1;0;0.9866;14.9
4;4;1;0;0;1;0;0.9866;14.91
1;0;1;0;0;0;0;0.9866;14.93
5;0;1;0;0;0;0;0.9866;14.93
6;1;2;0;1;0;1;0.9866;14.94
3;4;1;0;0;1;1;0.9866;14.95
6;0;2;0;1;1;1;0.9866;14.97
5;2;2;0;0;0;1;0.9866;14.99
5;5;1;0;0;0;0;0.9866;15.02
0;4;1;0;0;1;1;0.9866;15.03
0;2;1;0;1;0;0;0.9866;15.1
5;2;2;0;1;1;0;0.9866;15.11
5;3;1;0;0;1;0;0.9866;15.14
1;1;2;0;1;1;1;0.9866;15.18
6;3;2;0;0;0;0;0.9866;15.18
4;4;1;0;0;0;1;0.9866;15.23
5;1;1;0;0;0;1;0.9866;15.25
4;2;1;0;0;1;0;0.9866;15.26
6;5;1;0;0;1;0;0.9866;15.27
3;2;1;0;0;0;0;0.9866;15.28
5;5;2;0;0;1;0;0.9866;15.3
3;3;2;0;0;1;1;0.9866;15.34
5;4;2;0;0;0;0;0.9866;15.35
6;3;2;0;0;1;0;0.9866;15.38
3;0;1;0;0;0;0;0.9866;15.42
5;3;2;0;1;0;1;0.9866;15.42
3;4;1;0;0;1;0;0.9866;15.43
5;3;2;0;0;1;1;0.9866;15.43
0;0;1;0;0;0;0;0.9866;15.45
5;4;2;0;1;1;0;0.9866;15.54
6;0;2;0;0;1;0;0.9866;15.57
6;3;2;0;0;1;1;0.9866;15.58
6;4;2;0;0;0;0;0.9866;15.58
0;3;2;0;1;1;1;0.9866;15.61
5;2;1;0;0;0;0;0.9866;15.61
5;5;2;0;1;0;1;0.9866;15.64
5;0;2;0;0;1;0;0.9866;15.67
1;2;1;0;0;1;0;0.9866;15.71
0;4;1;0;0;0;0;0.9866;15.73
6;1;2;0;1;1;0;0.9866;15.78
6;4;1;0;0;1;0;0.9866;15.79
2;0;2;0;1;0;0;0.9866;15.85
1;0;1;0;0;1;1;0.9866;15.95
4;4;2;0;1;1;1;0.9866;15.96
6;4;1;0;0;0;0;0.9866;15.97
6;1;2;0;0;0;0;0.9866;15.98
3;0;2;0;1;0;1;0.9866;16.02
5;1;2;0;1;0;1;0.9866;16.03
2;0;2;0;0;1;0;0.9866;16.04
1;1;1;0;0;0;1;0.9866;16.07
4;3;1;0;0;1;1;0.9866;16.07
4;0;1;0;0;1;0;0.9866;16.09
3;5;2;0;1;1;1;0.9866;16.13
6;5;1;0;0;1;1;0.9866;16.14
0;0;2;0;0;1;1;0.9866;16.15
0;0;1;0;1;1;1;0.9866;16.17
2;0;1;1;0;0;1;0.9866;16.18
6;3;2;0;1;0;0;0.9866;16.2
0;2;2;0;0;1;1;0.9866;16.21
6;2;2;0;0;1;0;0.9866;16.25
1;3;2;0;1;1;1;0.9866;16.27
5;1;1;0;0;1;0;0.9866;16.32
2;0;2;0;0;1;1;0.9866;16.33
0;4;1;0;0;1;0;0.9866;16.39
0;5;2;0;1;0;1;0.9866;16.39
3;4;2;0;0;0;1;0.9866;16.4
3;4;2;0;1;0;1;0.9866;16.44
4;0;2;0;1;1;1;0.9866;16.44
0;4;1;0;1;0;0;0.9866;16.5
6;1;2;0;0;1;0;0.9866;16.5
0;4;2;0;1;0;1;0.9866;16.54
4;4;1;0;1;0;0;0.9866;16.56
6;0;2;0;0;1;1;0.9866;16.56
0;1;2;0;1;0;1;0.9866;16.66
0;0;1;0;1;1;0;0.9866;16.67
0;1;2;0;0;0;1;0.9866;16.73
0;3;1;0;0;0;0;0.9866;16.75
3;0;2;0;0;0;1;0.9866;16.75
3;5;2;0;0;0;1;0.9866;16.75
0;4;1;0;0;0;1;0.9866;16.78
1;4;1;0;0;1;1;0.9866;16.82
6;4;2;0;1;1;1;0.9866;16.82
0;4;2;0;0;1;1;0.9866;16.86
3;4;1;0;0;0;0;0.9866;16.88
3;5;1;0;0;0;1;0.9866;16.88
4;4;2;0;1;0;1;0.9866;17.0
6;3;2;0;1;1;1;0.9866;17.02
0;4;2;0;1;1;1;0.9866;17.03
6;1;1;0;0;0;0;0.9866;17.04
0;1;1;0;0;1;0;0.9866;17.11
0;1;2;0;0;1;1;0.9866;17.11
1;5;1;0;0;1;1;0.9866;17.11
4;0;1;0;0;0;0;0.9866;17.11
3;3;2;0;0;0;1;0.9866;17.12
5;4;2;0;1;1;1;0.9866;17.13
0;4;2;0;0;0;1;0.9866;17.14
5;0;1;0;1;0;0;0.9866;17.18
3;1;2;0;1;0;1;0.9866;17.2
5;4;1;0;0;1;0;0.9866;17.2
5;2;2;0;1;1;1;0.9866;17.23
3;5;1;0;0;0;0;0.9866;17.29
6;5;2;0;0;1;1;0.9866;17.29
1;3;1;0;0;0;1;0.9866;17.42
3;1;2;0;1;1;1;0.9866;17.42
1;0;1;0;0;0;1;0.9866;17.46
1;2;1;0;0;0;1;0.9866;17.47
4;0;2;0;0;0;1;0.9866;17.51
4;5;1;0;0;0;0;0.9866;17.53
2;0;2;0;0;0;0;0.9866;17.54
0;1;1;0;1;1;1;0.9866;17.58
4;2;2;0;1;0;1;0.9866;17.59
0;2;1;0;0;1;1;0.9866;17.6
2;0;2;0;1;1;0;0.9866;17.64
4;2;1;0;0;0;0;0.9866;17.66
0;5;1;0;1;1;1;0.9866;17.68
3;3;1;0;0;1;0;0.9866;17.68
4;3;1;0;0;0;1;0.9866;17.8
3;2;1;0;0;1;0;0.9866;17.86
5;4;2;0;0;0;1;0.9866;17.86
6;1;1;0;0;1;1;0.9866;17.86
3;1;1;0;0;1;1;0.9866;17.94
6;2;2;0;0;0;1;0.9866;17.94
6;3;2;0;1;0;1;0.9866;17.96
6;5;1;0;1;0;0;0.9866;17.98
1;2;1;0;0;1;1;0.9866;17.99
3;2;2;0;1;1;1;0.9866;17.99
4;1;1;0;0;0;1;0.9866;18.03
5;0;2;0;1;0;1;0.9866;18.1
4;0;1;0;0;0;1;0.9866;18.12
4;1;2;0;0;1;1;0.9866;18.12
0;0;2;0;1;1;1;0.9866;18.19
4;5;2;0;0;1;1;0.9866;18.2
5;1;2;0;0;1;1;0.9866;18.23
0;3;1;0;1;0;1;0.9866;18.24
6;0;1;0;1;1;0;0.9866;18.26
5;1;2;0;1;1;1;0.9866;18.33
1;0;1;0;1;1;0;0.9866;18.34
1;1;1;0;1;0;0;0.9866;18.35
5;3;1;0;0;0;1;0.9866;18.4
3;1;2;0;0;1;1;0.9866;18.48
2;0;1;1;0;0;0;0.9866;18.54
0;1;1;0;1;1;0;0.9866;18.61
0;5;1;0;1;0;1;0.9866;18.64
6;2;1;0;0;0;0;0.9866;18.64
4;2;1;0;0;1;1;0.9866;18.66
4;5;2;0;1;1;1;0.9866;18.67
1;5;1;0;1;0;0;0.9866;18.68
4;1;1;0;0;0;0;0.9866;18.68
3;4;2;0;0;1;1;0.9866;18.73
5;3;2;0;1;1;1;0.9866;18.77
1;2;1;0;1;1;0;0.9866;18.79
3;4;1;0;0;0;1;0.9866;18.8
5;4;1;0;0;0;0;0.9866;18.84
5;2;2;0;1;0;1;0.9866;18.88
6;1;2;0;0;0;1;0.9866;18.89
3;5;1;0;0;1;1;0.9866;18.95
6;0;2;0;1;0;1;0.9866;19.03
1;2;1;0;1;0;1;0.9866;19.09
0;3;1;0;0;1;1;0.9866;19.14
6;2;1;0;0;1;0;0.9866;19.15
0;0;1;0;1;0;1;0.9866;19.28
5;0;2;0;0;1;1;0.9866;19.35
5;0;2;0;0;0;1;0.9866;19.36
6;3;2;0;0;0;1;0.9866;19.4
0;2;1;0;1;1;0;0.9866;19.44
5;5;1;0;1;1;0;0.9866;19.5
5;0;1;0;1;1;1;0.9866;19.53
3;1;1;0;0;0;1;0.9866;19.58
5;5;1;0;0;0;1;0.9866;19.59
5;5;1;0;1;1;1;0.9866;19.59
5;5;2;0;0;1;1;0.9866;19.6
3;0;1;0;0;0;1;0.9866;19.68
6;2;2;0;1;1;1;0.9866;19.74
6;5;2;0;1;1;1;0.9866;19.76
2;0;1;0;0;0;0;0.9866;19.79
6;2;1;0;0;0;1;0.9866;19.8
4;1;1;0;0;1;1;0.9866;19.85
4;0;1;0;0;1;1;0.9866;19.86
6;5;1;0;0;0;0;0.9866;19.87
6;1;1;0;0;1;0;0.9866;19.9
6;4;2;0;0;1;1;0.9866;19.92
0;5;1;0;0;0;1;0.9866;19.95
3;5;1;0;1;1;0;0.9866;19.95
0;0;1;0;1;0;0;0.9866;19.96
1;4;1;0;1;1;0;0.9866;19.99
0;5;1;0;0;1;1;0.9866;20.02
5;0;1;0;0;0;1;0.9866;20.09
2;0;1;0;0;1;0;0.9866;20.13
6;0;1;0;0;1;1;0.9866;20.33
6;4;1;0;1;1;0;0.9866;20.34
1;2;1;0;1;1;1;0.9866;20.37
6;0;1;0;1;0;1;0.9866;20.42
5;0;2;0;1;1;1;0.9866;20.44
5;4;1;0;1;1;0;0.9866;20.47
1;4;1;0;1;0;1;0.9866;20.56
6;4;1;0;0;0;1;0.9866;20.56
3;0;1;0;0;1;1;0.9866;20.72
6;1;2;0;1;1;1;0.9866;20.72
2;0;1;1;1;0;0;0.9866;20.79
5;2;1;0;0;1;1;0.9866;21.01
5;1;1;0;0;1;1;0.9866;21.05
0;1;1;0;0;0;1;0.9866;21.18
0;5;1;0;1;1;0;0.9866;21.21
0;3;1;0;1;0;0;0.9866;21.27
6;0;1;0;0;0;1;0.9866;21.48
0;4;1;0;1;0;1;0.9866;21.49
4;5;1;0;1;0;0;0.9866;21.49
6;2;1;0;1;0;0;0.9866;21.51
0;2;1;0;0;0;1;0.9866;21.67
0;1;1;0;0;1;1;0.9866;21.71
5;1;1;0;1;1;0;0.9866;21.71
1;0;1;0;1;0;0;0.9866;21.72
6;5;1;0;0;0;1;0.9866;21.82
4;2;1;0;0;0;1;0.9866;21.85
6;1;2;0;0;1;1;0.9866;21.86
4;1;1;0;1;0;0;0.9866;21.89
6;4;1;0;1;1;1;0.9866;21.89
5;2;1;0;0;0;1;0.9866;21.96
1;4;1;0;1;0;0;0.9866;21.98
4;3;1;0;1;1;0;0.9866;22.15
4;5;1;0;1;1;1;0.9866;22.16
4;4;1;0;1;0;1;0.9866;22.17
6;3;1;0;0;1;0;0.9866;22.24
3;3;1;0;0;0;1;0.9866;22.31
5;4;1;0;0;1;1;0.9866;22.32
4;5;1;0;0;0;1;0.9866;22.39
5;5;1;0;0;1;1;0.9866;22.39
6;4;1;0;0;1;1;0.9866;22.47
5;0;1;0;0;1;1;0.9866;22.48
5;5;1;0;1;0;1;0.9866;22.52
6;1;1;0;0;0;1;0.9866;22.52
0;5;1;0;1;0;0;0.9866;22.81
2;0;1;1;0;1;1;0.9866;22.95
5;3;1;0;1;1;0;0.9866;23.0
4;4;1;0;1;1;1;0.9866;23.02
3;2;1;0;0;0;1;0.9866;23.11
4;1;1;0;1;0;1;0.9866;23.15
6;1;1;0;1;1;0;0.9866;23.17
4;1;1;0;1;1;0;0.9866;23.21
5;5;1;0;1;0;0;0.9866;23.37
4;2;1;0;1;0;0;0.9866;23.42
0;4;1;0;1;1;1;0.9866;23.47
3;0;1;0;1;0;1;0.9866;23.51
1;3;1;0;1;0;0;0.9866;23.61
5;3;1;0;1;0;0;0.9866;23.67
0;2;1;0;1;0;1;0.9866;23.72
6;3;1;0;0;0;0;0.9866;23.77
2;0;2;0;0;0;1;0.9866;23.8
6;5;1;0;1;0;1;0.9866;23.8
5;3;1;0;1;1;1;0.9866;23.86
5;4;1;0;1;0;1;0.9866;23.87
3;5;1;0;1;0;0;0.9866;23.89
3;3;1;0;0;1;1;0.9866;23.9
2;0;2;0;1;0;1;0.9866;23.91
3;1;1;0;1;1;0;0.9866;23.93
5;1;1;0;1;1;1;0.9866;24.03
5;4;1;0;0;0;1;0.9866;24.15
0;1;1;0;1;0;0;0.9866;24.17
2;0;2;0;1;1;1;0.9866;24.19
2;0;1;1;1;1;0;0.9866;24.33
3;1;1;0;1;1;1;0.9866;24.37
1;5;1;0;1;1;0;0.9866;24.42
5;1;1;0;1;0;1;0.9866;24.53
6;2;1;0;0;1;1;0.9866;24.68
6;1;1;0;1;1;1;0.9866;24.76
3;4;1;0;1;0;0;0.9866;24.79
2;0;1;0;0;1;1;0.9866;24.83
3;0;1;0;1;0;0;0.9866;24.83
3;0;1;0;1;1;0;0.9866;24.98
5;4;1;0;1;0;0;0.9866;25.03
5;3;1;0;1;0;1;0.9866;25.04
2;0;1;0;0;0;1;0.9866;25.11
0;4;1;0;1;1;0;0.9866;25.15
3;2;1;0;0;1;1;0.9866;25.15
2;0;1;1;1;0;1;0.9866;25.23
0;3;1;0;1;1;0;0.9866;25.3
1;0;1;0;1;0;1;0.9866;25.31
1;2;1;0;1;0;0;0.9866;25.36
5;0;1;0;1;1;0;0.9866;25.49
2;0;1;0;1;1;0;0.9866;25.5
5;1;1;0;1;0;0;0.9866;25.5
6;0;1;0;1;0;0;0.9866;25.56
5;3;1;0;0;1;1;0.9866;25.63
0;2;1;0;1;1;1;0.9866;25.64
4;4;1;0;1;1;0;0.9866;25.73
1;3;1;0;1;1;1;0.9866;26.06
0;3;1;0;1;1;1;0.9866;26.08
0;1;1;0;1;0;1;0.9866;26.45
1;3;1;0;1;1;0;0.9866;26.45
1;1;1;0;1;1;0;0.9866;26.49
5;2;1;0;1;0;0;0.9866;26.6
1;0;1;0;1;1;1;0.9866;26.68
4;1;1;0;1;1;1;0.9866;26.78
6;4;1;0;1;0;0;0.9866;27.0
6;1;1;0;1;0;0;0.9866;27.16
3;2;1;0;1;0;0;0.9866;27.18
3;1;1;0;1;0;0;0.9866;27.2
3;2;1;0;1;1;1;0.9866;27.28
5;4;1;0;1;1;1;0.9866;27.33
4;0;1;0;1;1;1;0.9866;27.51
1;4;1;0;1;1;1;0.9866;27.59
3;2;1;0;1;1;0;0.9866;27.6
5;0;1;0;1;0;1;0.9866;27.61
4;3;1;0;1;0;0;0.9866;27.62
5;2;1;0;1;1;0;0.9866;27.74
3;3;1;0;1;0;1;0.9866;27.78
5;2;1;0;1;0;1;0.9866;27.9
4;2;1;0;1;1;1;0.9866;27.96
1;5;1;0;1;1;1;0.9866;27.98
6;1;1;0;1;0;1;0.9866;27.99
6;0;1;0;1;1;1;0.9866;28.06
3;3;1;0;1;0;0;0.9866;28.11
6;5;1;0;1;1;0;0.9866;28.13
6;3;1;0;1;0;1;0.9866;28.27
4;0;1;0;1;1;0;0.9866;28.31
2;0;1;0;1;0;0;0.9866;28.33
6;3;1;0;0;0;1;0.9866;28.41
3;5;1;0;1;0;1;0.9866;28.48
4;0;1;0;1;0;0;0.9866;28.67
4;5;1;0;1;1;0;0.9866;28.68
3;0;1;0;1;1;1;0.9866;28.82
3;5;1;0;1;1;1;0.9866;28.92
3;4;1;0;1;1;0;0.9866;29.02
4;2;1;0;1;1;0;0.9866;29.14
5;2;1;0;1;1;1;0.9866;29.37
1;3;1;0;1;0;1;0.9866;29.57
3;1;1;0;1;0;1;0.9866;29.57
1;5;1;0;1;0;1;0.9866;29.62
3;4;1;0;1;1;1;0.9866;29.83
3;3;1;0;1;1;1;0.9866;29.9
1;1;1;0;1;0;1;0.9866;29.98
6;2;1;0;1;0;1;0.9866;30.27
2;0;1;0;1;0;1;0.9866;30.39
6;4;1;0;1;0;1;0.9866;30.67
4;2;1;0;1;0;1;0.9866;31.2
1;1;1;0;1;1;1;0.9866;31.37
6;3;1;0;1;0;0;0.9866;31.48
4;3;1;0;1;1;1;0.9866;31.52
4;3;1;0;1;0;1;0.9866;31.61
6;3;1;0;1;1;0;0.9866;31.61
6;5;1;0;1;1;1;0.9866;31.71
3;3;1;0;1;1;0;0.9866;32.15
4;0;1;0;1;0;1;0.9866;32.22
4;5;1;0;1;0;1;0.9866;32.3
6;3;1;0;1;1;1;0.9866;32.9
3;4;1;0;1;0;1;0.9866;33.07
2;0;1;1;1;1;1;0.9866;33.16
3;2;1;0;1;0;1;0.9866;35.09
6;3;1;0;0;1;1;0.9866;35.54
2;0;1;0;1;1;1;0.9866;36.49
6;2;1;0;1;1;0;0.9866;36.83
6;2;1;0;1;1;1;0.9866;45.64
1;0;0;1;0;0;0;0.9792;3.39
1;2;0;1;0;0;0;0.9792;3.43
1;2;2;1;1;1;0;0.9792;3.51
1;0;0;1;0;1;0;0.9792;3.91
1;3;2;1;1;1;0;0.9792;3.95
1;1;2;1;1;0;0;0.9792;4.22
3;5;2;1;0;0;0;0.9792;4.29
0;1;2;1;0;0;0;0.9792;4.34
3;4;0;1;0;0;0;0.9792;4.37
3;1;2;1;0;1;0;0.9792;4.4
3;2;2;1;1;0;0;0.9792;4.42
3;3;2;1;0;0;0;0.9792;4.42
3;4;2;1;0;1;0;0.9792;4.49
3;3;2;1;0;1;0;0.9792;4.53
0;5;0;1;0;0;0;0.9792;4.56
1;2;2;1;0;0;1;0.9792;4.69
3;3;0;1;0;0;0;0.9792;4.76
1;1;0;1;0;0;0;0.9792;4.77
1;4;0;1;0;1;0;0.9792;4.82
4;2;2;1;0;0;0;0.9792;4.82
4;3;2;1;1;0;0;0.9792;4.87
0;2;2;1;0;1;0;0.9792;4.95
3;4;2;1;0;0;0;0.9792;4.95
3;5;2;1;1;1;0;0.9792;5.0
0;0;2;1;1;1;0;0.9792;5.02
1;0;2;1;1;1;1;0.9792;5.15
0;5;2;1;1;1;0;0.9792;5.19
1;3;2;1;1;1;1;0.9792;5.19
3;4;2;1;1;0;0;0.9792;5.21
3;3;2;1;1;1;0;0.9792;5.27
0;1;0;1;0;0;0;0.9792;5.37
3;0;0;1;0;0;0;0.9792;5.37
4;5;0;1;0;1;0;0.9792;5.5
3;4;2;1;1;1;0;0.9792;5.58
3;0;2;1;1;0;0;0.9792;5.61
0;0;2;1;0;0;0;0.9792;5.67
1;4;2;1;1;1;0;0.9792;5.71
4;4;2;1;1;1;0;0.9792;5.74
6;5;2;1;1;1;0;0.9792;5.74
0;2;2;1;0;0;0;0.9792;5.75
1;4;0;0;0;1;0;0.9792;5.85
1;5;2;1;1;0;0;0.9792;5.92
3;5;2;1;1;0;0;0.9792;5.99
1;2;2;1;0;0;0;0.9792;6.01
1;1;1;1;0;1;0;0.9792;6.09
0;5;2;1;1;0;0;0.9792;6.17
4;0;0;1;0;1;0;0.9792;6.18
3;5;0;1;0;0;0;0.9792;6.22
6;3;2;1;1;0;0;0.9792;6.27
4;3;2;1;1;1;0;0.9792;6.28
1;2;2;1;1;0;0;0.9792;6.3
1;3;0;0;0;0;0;0.9792;6.32
1;2;2;1;0;1;0;0.9792;6.32
1;5;0;1;0;1;1;0.9792;6.33
1;0;1;1;0;1;0;0.9792;6.35
4;2;2;1;0;1;0;0.9792;6.35
1;2;1;1;0;0;0;0.9792;6.36
0;3;2;1;0;1;0;0.9792;6.38
1;4;2;1;0;0;0;0.9792;6.38
5;0;2;1;0;0;0;0.9792;6.38
1;5;0;1;0;0;0;0.9792;6.4
1;5;2;1;0;0;0;0.9792;6.4
1;0;2;1;1;0;0;0.9792;6.41
3;2;0;0;0;0;0;0.9792;6.41
1;4;2;1;1;0;0;0.9792;6.42
1;0;2;1;0;0;0;0.9792;6.44
3;1;0;1;0;0;0;0.9792;6.47
1;0;2;1;1;1;0;0.9792;6.48
1;3;0;1;0;0;0;0.9792;6.5
0;3;2;1;0;0;0;0.9792;6.53
1;1;2;1;0;1;1;0.9792;6.56
1;3;2;1;0;0;0;0.9792;6.56
1;1;2;1;1;1;0;0.9792;6.61
0;3;2;1;1;0;0;0.9792;6.62
1;1;0;1;0;1;0;0.9792;6.63
1;5;0;1;0;1;0;0.9792;6.63
1;0;2;1;0;1;0;0.9792;6.64
3;1;2;1;0;0;1;0.9792;6.65
0;1;2;1;0;1;0;0.9792;6.66
1;5;2;1;1;1;0;0.9792;6.66
3;2;0;0;0;1;0;0.9792;6.67
1;1;2;1;0;1;0;0.9792;6.68
1;4;0;1;0;0;0;0.9792;6.71
3;3;2;1;1;1;1;0.9792;6.71
1;5;2;1;0;1;0;0.9792;6.73
1;0;1;1;0;0;0;0.9792;6.76
0;5;2;1;1;1;1;0.9792;6.81
1;3;2;1;0;1;0;0.9792;6.83
1;3;0;1;0;1;0;0.9792;6.85
3;1;0;1;0;0;1;0.9792;6.92
4;1;0;1;0;0;0;0.9792;6.92
1;4;2;1;0;1;0;0.9792;6.93
3;3;1;1;0;0;0;0.9792;6.94
6;1;2;1;0;0;0;0.9792;6.94
0;1;0;1;0;0;1;0.9792;6.96
0;0;2;1;0;1;0;0.9792;6.96
1;1;2;1;1;1;1;0.9792;6.96
1;3;2;1;1;0;0;0.9792;6.96
3;4;2;1;0;0;1;0.9792;7.03
0;4;0;1;0;1;1;0.9792;7.06
0;2;2;1;0;1;1;0.9792;7.06
4;3;2;1;1;1;1;0.9792;7.08
3;0;2;1;0;0;1;0.9792;7.1
0;5;0;1;0;1;1;0.9792;7.11
1;2;0;1;0;1;0;0.9792;7.11
4;2;2;1;0;0;1;0.9792;7.12
5;4;2;1;0;0;0;0.9792;7.13
0;2;2;1;1;0;0;0.9792;7.14
1;4;2;1;1;1;1;0.9792;7.14
6;2;2;1;1;1;0;0.9792;7.14
4;1;2;1;1;1;0;0.9792;7.18
3;0;2;1;1;0;1;0.9792;7.19
5;3;2;1;0;0;0;0.9792;7.19
4;4;2;1;0;1;0;0.9792;7.2
6;3;0;1;0;1;0;0.9792;7.21
3;2;2;1;1;1;0;0.9792;7.22
0;0;0;0;0;0;0;0.9792;7.23
1;2;2;1;0;1;1;0.9792;7.23
4;5;1;1;0;1;0;0.9792;7.25
3;1;2;1;0;0;0;0.9792;7.26
5;4;0;1;0;0;0;0.9792;7.26
3;3;0;0;0;0;0;0.9792;7.27
3;2;2;1;0;0;0;0.9792;7.28
4;4;2;1;0;0;1;0.9792;7.28
0;0;2;1;0;0;1;0.9792;7.29
0;0;1;1;0;1;0;0.9792;7.3
1;4;1;1;0;0;0;0.9792;7.3
1;0;0;1;0;0;1;0.9792;7.31
4;0;1;1;0;0;0;0.9792;7.32
1;3;0;0;0;0;1;0.9792;7.34
4;0;0;1;0;1;1;0.9792;7.34
1;2;2;1;1;1;1;0.9792;7.4
6;1;2;1;0;1;0;0.9792;7.44
0;5;0;0;0;1;0;0.9792;7.54
0;5;0;1;0;1;0;0.9792;7.55
3;1;2;1;1;1;0;0.9792;7.57
5;3;0;1;0;1;0;0.9792;7.58
4;5;0;1;0;0;0;0.9792;7.6
1;1;0;0;0;0;0;0.9792;7.61
1;3;2;1;1;0;1;0.9792;7.66
1;1;2;1;0;0;0;0.9792;7.67
1;2;0;1;0;0;1;0.9792;7.68
4;0;0;0;0;0;0;0.9792;7.68
0;2;0;1;0;1;0;0.9792;7.69
5;3;0;1;0;0;1;0.9792;7.71
3;2;0;1;0;1;0;0.9792;7.72
3;2;2;1;0;1;1;0.9792;7.74
5;0;2;1;1;0;0;0.9792;7.74
0;5;0;1;0;0;1;0.9792;7.76
4;3;2;1;0;0;0;0.9792;7.78
1;4;0;1;0;0;1;0.9792;7.79
3;2;2;1;0;1;0;0.9792;7.79
1;3;0;1;0;1;1;0.9792;7.8
3;2;2;1;1;1;1;0.9792;7.84
1;4;0;1;0;1;1;0.9792;7.85
4;5;2;1;0;0;0;0.9792;7.86
0;2;2;1;1;1;0;0.9792;7.87
3;0;1;1;0;1;0;0.9792;7.87
0;4;0;1;0;1;0;0.9792;7.95
4;4;2;1;0;0;0;0.9792;7.95
6;0;0;1;0;1;0;0.9792;7.98
1;1;1;1;0;0;1;0.9792;7.99
6;2;0;1;0;0;0;0.9792;8.05
3;1;0;1;0;1;0;0.9792;8.07
3;0;2;1;0;1;0;0.9792;8.08
5;1;2;1;1;1;0;0.9792;8.1
6;4;2;1;0;0;0;0.9792;8.11
6;5;2;1;1;1;1;0.9792;8.15
6;3;2;1;1;1;0;0.9792;8.16
4;2;2;1;1;0;0;0.9792;8.17
0;1;2;1;1;0;0;0.9792;8.19
3;4;0;1;0;1;0;0.9792;8.21
3;5;0;1;0;0;1;0.9792;8.28
4;3;0;0;0;1;0;0.9792;8.28
6;1;0;0;0;1;0;0.9792;8.29
0;0;0;1;0;0;0;0.9792;8.31
3;0;2;1;1;1;0;0.9792;8.31
0;3;1;1;0;1;0;0.9792;8.33
3;2;0;1;0;0;0;0.9792;8.34
4;5;2;1;0;1;0;0.9792;8.35
0;4;0;1;0;0;0;0.9792;8.39
5;0;1;1;0;1;0;0.9792;8.39
5;3;2;1;1;1;1;0.9792;8.41
6;1;0;1;0;1;0;0.9792;8.41
0;3;0;1;0;0;0;0.9792;8.44
1;5;4;1;0;0;0;0.9792;8.44
1;2;1;1;0;1;0;0.9792;8.45
5;4;2;1;1;1;0;0.9792;8.46
6;2;2;1;0;1;0;0.9792;8.46
3;3;2;1;1;0;0;0.9792;8.47
0;4;2;1;0;0;0;0.9792;8.5
0;4;2;1;0;1;0;0.9792;8.51
0;4;1;1;0;0;0;0.9792;8.52
4;3;0;1;0;1;0;0.9792;8.53
0;5;2;1;0;0;0;0.9792;8.55
1;5;0;0;0;0;1;0.9792;8.57
4;3;2;1;1;0;1;0.9792;8.57
3;0;0;1;0;1;0;0.9792;8.61
0;0;0;1;0;1;0;0.9792;8.62
6;5;2;1;0;0;1;0.9792;8.62
6;0;2;1;0;1;1;0.9792;8.63
0;5;2;1;0;1;0;0.9792;8.64
1;0;0;1;0;1;1;0.9792;8.64
4;0;0;1;0;0;1;0.9792;8.64
6;3;2;1;0;0;0;0.9792;8.64
0;3;0;1;0;1;0;0.9792;8.65
1;4;0;0;0;1;1;0.9792;8.65
5;1;2;1;0;1;0;0.9792;8.65
3;0;2;1;0;0;0;0.9792;8.66
0;4;2;1;1;0;0;0.9792;8.67
0;1;2;1;1;1;0;0.9792;8.69
0;3;2;1;1;1;0;0.9792;8.71
3;3;0;1;0;1;0;0.9792;8.71
5;1;0;0;0;0;0;0.9792;8.73
1;5;2;1;0;1;1;0.9792;8.75
4;4;0;1;0;0;0;0.9792;8.75
0;2;0;1;0;0;0;0.9792;8.76
4;0;2;1;0;0;0;0.9792;8.77
4;2;0;1;0;0;0;0.9792;8.78
4;2;0;1;0;1;1;0.9792;8.78
4;0;2;1;1;0;0;0.9792;8.8
0;4;2;1;1;1;0;0.9792;8.81
4;4;0;0;0;0;0;0.9792;8.83
4;3;0;1;0;0;0;0.9792;8.85
0;2;2;1;0;0;1;0.9792;8.86
4;1;2;1;0;0;0;0.9792;8.86
5;3;2;1;1;0;0;0.9792;8.87
4;1;2;1;1;0;0;0.9792;8.88
1;4;2;1;1;0;1;0.9792;8.92
3;1;2;1;1;0;0;0.9792;8.92
4;4;2;1;1;0;0;0.9792;8.94
5;4;2;1;0;1;0;0.9792;8.94
4;0;2;1;1;1;0;0.9792;8.95
4;5;2;1;1;1;1;0.9792;8.95
0;2;2;1;1;1;1;0.9792;8.97
4;3;0;0;0;0;0;0.9792;8.97
3;3;0;1;0;1;1;0.9792;8.98
1;1;2;1;1;0;1;0.9792;9.0
5;4;0;1;0;0;1;0.9792;9.0
6;2;2;1;1;1;1;0.9792;9.0
1;0;0;0;0;1;0;0.9792;9.03
1;0;0;0;0;0;1;0.9792;9.04
4;2;0;1;0;1;0;0.9792;9.04
6;3;0;0;0;0;0;0.9792;9.04
3;1;2;1;1;1;1;0.9792;9.05
5;4;2;1;1;0;1;0.9792;9.05
0;1;0;0;0;0;0;0.9792;9.06
0;1;1;1;0;1;0;0.9792;9.06
4;5;2;1;1;0;0;0.9792;9.06
1;2;4;1;0;1;0;0.9792;9.1
1;5;2;1;0;0;1;0.9792;9.11
1;5;0;1;0;0;1;0.9792;9.12
6;2;0;1;0;1;0;0.9792;9.12
1;3;0;0;0;1;1;0.9792;9.13
1;3;2;1;0;0;1;0.9792;9.13
4;1;2;1;0;1;0;0.9792;9.13
1;5;2;1;1;0;1;0.9792;9.15
5;3;2;1;1;1;0;0.9792;9.15
1;1;0;1;0;0;1;0.9792;9.17
0;5;2;1;1;0;1;0.9792;9.19
4;0;0;1;0;0;0;0.9792;9.19
5;5;2;1;0;1;1;0.9792;9.19
1;0;2;1;0;0;1;0.9792;9.2
0;1;0;1;0;1;0;0.9792;9.21
3;5;0;1;0;1;0;0.9792;9.21
6;1;2;1;1;1;0;0.9792;9.26
1;3;0;0;0;1;0;0.9792;9.28
1;3;0;1;0;0;1;0.9792;9.28
4;2;2;1;1;1;0;0.9792;9.29
5;1;0;1;0;1;1;0.9792;9.29
6;0;2;1;1;0;0;0.9792;9.3
6;3;2;1;1;1;1;0.9792;9.3
5;3;2;1;1;0;1;0.9792;9.31
4;4;0;1;0;1;0;0.9792;9.32
1;0;2;1;0;1;1;0.9792;9.33
1;2;2;1;1;0;1;0.9792;9.35
1;5;1;1;0;0;0;0.9792;9.36
6;1;1;1;0;0;0;0.9792;9.37
4;0;2;1;0;1;0;0.9792;9.39
6;0;2;1;1;0;1;0.9792;9.4
1;1;0;0;0;0;1;0.9792;9.41
6;1;2;1;1;0;0;0.9792;9.42
1;0;2;1;1;0;1;0.9792;9.43
0;2;1;1;0;1;0;0.9792;9.44
1;3;2;1;0;1;1;0.9792;9.45
3;3;2;1;1;0;1;0.9792;9.49
0;1;2;1;0;0;1;0.9792;9.51
3;0;2;1;1;1;1;0.9792;9.51
1;1;0;1;0;1;1;0.9792;9.52
1;4;2;1;0;0;1;0.9792;9.52
6;4;2;1;1;0;0;0.9792;9.52
5;3;0;1;0;1;1;0.9792;9.53
0;2;1;1;0;0;0;0.9792;9.58
1;4;2;1;0;1;1;0.9792;9.59
5;0;2;1;1;1;1;0.9792;9.61
5;4;0;1;0;1;1;0.9792;9.62
6;0;2;1;1;1;0;0.9792;9.64
5;5;2;1;0;1;0;0.9792;9.65
3;5;2;1;0;1;0;0.9792;9.66
0;3;2;1;0;1;1;0.9792;9.67
5;0;2;1;1;0;1;0.9792;9.67
6;4;0;0;0;0;0;0.9792;9.68
5;4;1;1;0;1;0;0.9792;9.69
6;5;2;1;0;1;0;0.9792;9.72
3;3;1;1;0;1;0;0.9792;9.73
4;5;2;1;1;1;0;0.9792;9.75
5;2;2;1;1;0;0;0.9792;9.82
5;1;2;1;0;0;0;0.9792;9.83
6;3;2;1;0;1;0;0.9792;9.83
4;1;0;1;0;1;0;0.9792;9.87
0;5;1;1;0;0;0;0.9792;9.9
0;1;1;1;0;0;0;0.9792;9.93
1;4;0;0;0;0;0;0.9792;9.93
5;4;2;1;1;0;0;0.9792;9.95
1;2;0;1;0;1;1;0.9792;9.97
1;1;1;1;0;1;1;0.9792;9.97
3;1;1;1;0;1;0;0.9792;9.98
5;4;0;1;0;1;0;0.9792;9.98
5;3;0;1;0;0;0;0.9792;9.99
1;4;0;0;0;0;1;0.9792;10.02
4;4;0;0;0;0;1;0.9792;10.03
4;5;0;0;0;1;1;0.9792;10.07
1;5;0;0;0;0;0;0.9792;10.08
5;1;0;0;0;1;0;0.9792;10.09
4;5;0;0;0;0;0;0.9792;10.1
5;5;2;1;1;0;0;0.9792;10.11
4;3;2;1;0;1;0;0.9792;10.13
5;1;2;1;0;0;1;0.9792;10.13
3;1;0;1;0;1;1;0.9792;10.14
4;4;1;1;0;1;0;0.9792;10.15
6;4;2;1;1;1;0;0.9792;10.16
3;0;1;1;0;0;0;0.9792;10.18
0;0;2;1;1;0;0;0.9792;10.2
6;0;0;1;0;1;1;0.9792;10.21
5;2;2;1;0;1;0;0.9792;10.22
6;3;2;1;1;0;1;0.9792;10.26
5;4;2;1;0;0;1;0.9792;10.31
6;2;0;0;0;1;0;0.9792;10.31
3;2;0;0;0;0;1;0.9792;10.34
4;4;2;1;1;1;1;0.9792;10.34
4;2;0;0;0;1;1;0.9792;10.38
0;0;0;0;0;1;1;0.9792;10.44
0;0;2;1;1;0;1;0.9792;10.44
1;5;0;0;0;1;0;0.9792;10.46
5;0;0;1;0;1;0;0.9792;10.46
4;4;0;0;0;1;0;0.9792;10.49
4;2;1;1;0;1;0;0.9792;10.49
6;0;1;1;0;0;0;0.9792;10.49
4;4;1;1;0;0;0;0.9792;10.5
1;2;1;1;0;0;1;0.9792;10.51
2;0;0;1;0;0;0;0.9792;10.52
3;5;0;1;0;1;1;0.9792;10.52
4;5;0;1;0;1;1;0.9792;10.54
1;5;2;1;1;1;1;0.9792;10.55
3;4;0;0;0;0;0;0.9792;10.56
0;1;2;1;0;1;1;0.9792;10.6
3;1;2;1;0;1;1;0.9792;10.63
1;0;1;1;0;0;1;0.9792;10.64
1;1;4;1;0;1;0;0.9792;10.67
1;2;0;0;0;1;0;0.9792;10.69
4;5;2;1;0;1;1;0.9792;10.7
5;0;2;1;1;1;0;0.9792;10.7
6;5;2;1;0;0;0;0.9792;10.71
0;5;0;0;0;0;1;0.9792;10.73
5;0;2;1;0;1;0;0.9792;10.74
1;0;0;0;0;0;0;0.9792;10.76
1;2;0;0;0;0;0;0.9792;10.81
6;2;0;1;0;1;1;0.9792;10.81
3;5;2;1;0;0;1;0.9792;10.84
5;1;2;1;1;0;0;0.9792;10.84
5;4;2;1;0;1;1;0.9792;10.84
3;5;0;0;0;0;0;0.9792;10.85
5;4;0;0;0;0;0;0.9792;10.86
6;1;2;1;1;1;1;0.9792;10.86
1;1;0;0;0;1;0;0.9792;10.87
5;1;0;1;0;0;0;0.9792;10.87
6;5;1;1;0;1;0;0.9792;10.88
1;1;2;1;0;0;1;0.9792;10.9
4;5;0;0;0;1;0;0.9792;10.9
6;1;0;0;0;0;0;0.9792;10.91
0;2;1;1;0;1;1;0.9792;10.92
1;0;0;0;0;1;1;0.9792;10.93
6;2;2;1;1;0;0;0.9792;10.93
0;0;2;1;1;1;1;0.9792;10.96
5;4;0;0;0;0;1;0.9792;10.96
5;5;2;1;0;0;0;0.9792;10.97
0;2;2;1;1;0;1;0.9792;10.98
1;1;1;1;0;0;0;0.9792;10.98
3;2;0;0;0;1;1;0.9792;11.0
5;1;2;1;1;0;1;0.9792;11.0
3;2;1;1;0;1;0;0.9792;11.04
5;2;2;1;0;0;0;0.9792;11.04
3;0;0;1;0;0;1;0.9792;11.07
4;0;2;1;0;0;1;0.9792;11.07
6;3;0;1;0;0;0;0.9792;11.08
4;2;1;1;0;0;0;0.9792;11.09
3;4;0;0;0;1;0;0.9792;11.12
5;0;0;1;0;0;0;0.9792;11.12
6;3;2;1;0;0;1;0.9792;11.12
6;0;2;1;0;1;0;0.9792;11.15
6;2;2;1;0;0;0;0.9792;11.15
1;3;1;1;0;0;0;0.9792;11.16
5;5;0;1;0;0;0;0.9792;11.16
0;4;0;1;1;0;0;0.9792;11.17
6;0;0;1;0;0;0;0.9792;11.17
5;1;1;1;0;1;0;0.9792;11.18
5;3;2;1;0;1;0;0.9792;11.19
6;4;2;1;0;1;0;0.9792;11.21
6;5;2;1;1;0;0;0.9792;11.23
5;5;0;1;0;1;0;0.9792;11.24
3;3;2;1;0;0;1;0.9792;11.26
1;4;1;1;0;1;0;0.9792;11.28
3;3;0;1;0;0;1;0.9792;11.28
0;3;2;1;1;0;1;0.9792;11.29
1;3;1;1;0;1;0;0.9792;11.29
5;5;0;0;0;0;0;0.9792;11.29
5;5;2;1;1;1;0;0.9792;11.31
6;1;0;1;0;0;1;0.9792;11.31
3;3;4;1;0;0;0;0.9792;11.33
6;4;0;1;0;1;0;0.9792;11.33
1;5;1;1;0;1;0;0.9792;11.34
3;2;2;1;0;0;1;0.9792;11.37
5;2;2;1;1;1;0;0.9792;11.39
6;1;2;1;0;0;1;0.9792;11.39
0;4;1;1;0;1;0;0.9792;11.4
3;4;0;0;0;0;1;0.9792;11.4
1;3;4;1;0;0;0;0.9792;11.41
0;3;0;1;1;1;0;0.9792;11.42
0;4;1;1;0;0;1;0.9792;11.44
0;0;1;1;0;0;0;0.9792;11.45
6;1;0;1;0;0;0;0.9792;11.48
4;2;2;1;0;1;1;0.9792;11.49
0;2;0;0;0;1;0;0.9792;11.5
0;2;0;1;0;0;1;0.9792;11.53
5;4;0;0;0;1;0;0.9792;11.54
1;5;0;1;1;0;0;0.9792;11.58
5;2;0;0;0;0;0;0.9792;11.59
5;2;0;1;0;1;0;0.9792;11.59
0;0;0;0;0;0;1;0.9792;11.6
3;3;0;0;0;0;1;0.9792;11.61
1;2;1;1;0;1;1;0.9792;11.63
3;3;2;1;0;1;1;0.9792;11.64
3;2;1;1;0;0;0;0.9792;11.65
5;2;0;1;0;0;0;0.9792;11.65
4;5;2;1;1;0;1;0.9792;11.66
4;0;2;1;0;1;1;0.9792;11.67
4;1;1;1;0;0;0;0.9792;11.68
6;3;0;0;0;1;0;0.9792;11.68
5;5;0;0;0;0;1;0.9792;11.7
3;5;1;1;0;1;0;0.9792;11.71
5;5;1;1;0;0;0;0.9792;11.71
3;0;2;1;0;1;1;0.9792;11.75
3;5;4;1;0;0;1;0.9792;11.76
6;2;2;1;0;1;1;0.9792;11.76
0;4;2;1;1;0;1;0.9792;11.77
5;2;1;1;0;1;0;0.9792;11.78
3;4;4;1;0;1;0;0.9792;11.79
6;2;2;1;1;0;1;0.9792;11.79
5;1;0;1;0;1;0;0.9792;11.81
6;4;0;0;0;1;0;0.9792;11.81
0;3;1;1;0;0;0;0.9792;11.83
3;4;1;1;0;0;1;0.9792;11.83
3;4;2;1;0;1;1;0.9792;11.83
6;4;0;1;0;0;0;0.9792;11.85
0;5;1;1;0;1;1;0.9792;11.88
0;3;2;1;1;1;1;0.9792;11.96
4;4;1;1;0;0;1;0.9792;11.98
4;5;1;1;0;0;1;0.9792;11.99
5;2;2;1;0;1;1;0.9792;12.0
3;2;0;1;0;0;1;0.9792;12.02
0;3;0;1;0;0;1;0.9792;12.05
3;1;2;1;1;0;1;0.9792;12.05
3;1;0;0;0;0;0;0.9792;12.06
0;5;1;1;0;1;0;0.9792;12.11
6;4;1;1;0;0;0;0.9792;12.12
3;1;1;1;0;0;1;0.9792;12.13
4;1;0;0;0;1;0;0.9792;12.13
5;0;2;1;0;1;1;0.9792;12.17
6;5;0;1;0;1;0;0.9792;12.17
3;4;2;1;1;1;1;0.9792;12.18
4;3;0;1;0;0;1;0.9792;12.18
3;5;4;1;0;1;0;0.9792;12.2
0;0;0;1;0;1;1;0.9792;12.21
0;2;0;0;0;0;0;0.9792;12.23
4;0;1;1;0;1;0;0.9792;12.25
4;1;0;0;0;1;1;0.9792;12.27
4;3;0;0;0;1;1;0.9792;12.27
5;0;0;0;0;0;0;0.9792;12.3
3;0;0;0;0;1;1;0.9792;12.31
0;4;1;1;0;1;1;0.9792;12.34
5;2;2;1;1;0;1;0.9792;12.34
0;3;0;0;0;1;0;0.9792;12.35
1;0;4;1;0;0;0;0.9792;12.35
4;0;0;0;0;0;1;0.9792;12.36
4;3;4;1;0;1;0;0.9792;12.42
0;3;0;0;0;0;0;0.9792;12.43
0;0;0;1;0;0;1;0.9792;12.44
4;0;2;1;1;0;1;0.9792;12.45
3;5;4;1;0;0;0;0.9792;12.46
3;2;1;1;0;0;1;0.9792;12.49
0;1;0;0;0;1;0;0.9792;12.51
3;4;2;1;1;0;1;0.9792;12.51
4;2;0;0;0;0;0;0.9792;12.52
4;3;4;1;0;0;0;0.9792;12.52
0;3;2;1;0;0;1;0.9792;12.53
3;0;0;0;0;0;0;0.9792;12.53
0;3;0;0;0;0;1;0.9792;12.54
0;4;0;1;0;0;1;0.9792;12.54
1;0;4;1;0;0;1;0.9792;12.56
0;4;0;0;0;1;0;0.9792;12.58
3;4;0;1;0;0;1;0.9792;12.59
6;3;0;1;0;1;1;0.9792;12.59
4;1;4;1;0;0;1;0.9792;12.61
0;5;1;1;1;1;0;0.9792;12.62
0;4;2;1;0;0;1;0.9792;12.62
6;5;2;1;1;0;1;0.9792;12.62
5;2;2;1;0;0;1;0.9792;12.64
0;1;0;1;0;1;1;0.9792;12.65
0;0;1;1;1;1;0;0.9792;12.65
3;0;0;0;0;1;0;0.9792;12.65
4;0;0;0;0;1;0;0.9792;12.65
6;3;0;0;0;1;1;0.9792;12.66
4;5;0;1;0;0;1;0.9792;12.68
5;3;2;1;0;0;1;0.9792;12.69
6;1;0;0;0;1;1;0.9792;12.69
0;5;2;1;0;0;1;0.9792;12.71
5;2;0;0;0;1;1;0.9792;12.71
4;3;0;0;0;0;1;0.9792;12.72
4;4;0;1;0;0;1;0.9792;12.72
0;0;0;0;0;1;0;0.9792;12.74
4;3;2;1;0;1;1;0.9792;12.74
6;4;0;1;0;1;1;0.9792;12.75
0;1;2;1;1;0;1;0.9792;12.8
4;4;0;1;0;1;1;0.9792;12.81
4;3;1;1;0;1;0;0.9792;12.82
3;1;0;0;0;1;0;0.9792;12.85
4;0;4;1;0;1;0;0.9792;12.86
1;2;0;0;0;0;1;0.9792;12.87
4;2;4;1;0;0;0;0.9792;12.88
6;0;2;1;0;0;0;0.9792;12.88
0;5;0;0;0;0;0;0.9792;12.89
0;4;2;1;0;1;1;0.9792;12.92
3;5;0;0;0;1;0;0.9792;12.92
5;1;1;1;0;0;0;0.9792;12.92
4;4;2;1;0;1;1;0.9792;12.94
3;0;0;1;0;1;1;0.9792;12.96
5;1;1;1;0;1;1;0.9792;12.96
3;5;2;1;0;1;1;0.9792;12.97
3;4;1;1;0;0;0;0.9792;12.99
4;2;0;0;0;1;0;0.9792;12.99
0;1;2;1;1;1;1;0.9792;13.01
2;0;0;1;0;1;0;0.9792;13.01
6;4;2;1;1;1;1;0.9792;13.01
6;0;1;1;0;1;0;0.9792;13.02
0;2;0;1;0;1;1;0.9792;13.04
6;1;0;1;1;1;0;0.9792;13.05
1;0;1;1;0;1;1;0.9792;13.07
6;1;0;1;0;1;1;0.9792;13.07
3;1;1;1;0;0;0;0.9792;13.11
6;4;2;1;0;0;1;0.9792;13.11
3;4;4;1;0;1;1;0.9792;13.14
6;0;0;0;0;1;0;0.9792;13.16
0;4;2;1;1;1;1;0.9792;13.17
4;0;2;1;1;1;1;0.9792;13.17
0;0;0;1;1;0;0;0.9792;13.18
4;1;2;1;1;0;1;0.9792;13.2
4;1;2;1;0;0;1;0.9792;13.21
0;3;0;0;0;1;1;0.9792;13.24
3;4;0;1;0;1;1;0.9792;13.24
1;5;0;0;0;1;1;0.9792;13.25
4;4;4;1;0;0;1;0.9792;13.25
5;5;2;1;1;1;1;0.9792;13.27
3;4;1;1;0;1;0;0.9792;13.28
4;3;2;1;0;0;1;0.9792;13.28
0;4;1;1;1;1;1;0.9792;13.29
1;4;4;1;0;1;0;0.9792;13.29
1;2;0;0;0;1;1;0.9792;13.3
4;2;2;1;1;0;1;0.9792;13.31
4;4;2;1;1;0;1;0.9792;13.33
4;1;2;1;1;1;1;0.9792;13.34
5;3;0;0;0;1;0;0.9792;13.35
0;3;0;1;0;1;1;0.9792;13.36
4;3;0;1;0;1;1;0.9792;13.36
1;1;0;0;0;1;1;0.9792;13.38
6;2;0;1;1;1;0;0.9792;13.38
4;2;0;1;0;0;1;0.9792;13.39
4;5;1;1;0;0;0;0.9792;13.4
5;2;0;0;0;1;0;0.9792;13.41
0;5;1;1;1;1;1;0.9792;13.42
4;1;0;1;0;0;1;0.9792;13.43
1;4;1;1;0;0;1;0.9792;13.45
5;3;0;1;1;0;0;0.9792;13.45
1;5;4;1;0;1;0;0.9792;13.46
4;1;2;1;0;1;1;0.9792;13.46
6;3;2;1;0;1;1;0.9792;13.49
4;0;1;1;0;0;1;0.9792;13.5
5;5;0;0;0;1;0;0.9792;13.55
3;2;2;1;1;0;1;0.9792;13.56
5;3;1;1;0;0;1;0.9792;13.57
1;3;1;1;0;0;1;0.9792;13.61
1;5;4;1;1;0;0;0.9792;13.64
3;3;0;0;0;1;0;0.9792;13.69
1;5;1;1;0;0;1;0.9792;13.7
5;1;0;0;0;0;1;0.9792;13.73
4;5;0;0;0;0;1;0.9792;13.75
4;1;0;0;0;0;0;0.9792;13.76
4;2;4;1;0;1;0;0.9792;13.77
3;1;1;1;1;0;0;0.9792;13.79
6;5;0;0;0;0;0;0.9792;13.79
0;5;0;1;1;1;0;0.9792;13.8
5;2;0;0;0;0;1;0.9792;13.8
1;5;0;1;1;1;0;0.9792;13.81
3;5;1;1;0;0;0;0.9792;13.81
4;2;1;1;0;1;1;0.9792;13.81
0;4;0;0;1;0;0;0.9792;13.84
4;2;2;1;1;1;1;0.9792;13.86
4;1;0;0;0;0;1;0.9792;13.87
4;1;1;1;0;1;0;0.9792;13.87
1;4;1;1;0;1;1;0.9792;13.89
6;3;0;0;0;0;1;0.9792;13.91
0;2;1;1;1;1;0;0.9792;13.92
1;2;4;1;0;1;1;0.9792;13.92
3;5;2;1;1;1;1;0.9792;13.94
3;2;0;1;0;1;1;0.9792;13.96
1;2;1;1;1;0;0;0.9792;13.97
6;5;0;0;0;1;1;0.9792;13.97
1;4;4;1;1;0;0;0.9792;13.99
4;4;1;1;1;0;0;0.9792;14.02
4;5;2;1;0;0;1;0.9792;14.02
5;0;1;1;0;1;1;0.9792;14.02
6;0;0;1;0;0;1;0.9792;14.03
2;0;0;0;0;0;0;0.9792;14.05
4;2;0;1;1;0;0;0.9792;14.05
1;3;1;1;0;1;1;0.9792;14.09
5;2;1;1;0;0;0;0.9792;14.09
5;5;2;1;1;0;1;0.9792;14.09
6;4;0;0;0;0;1;0.9792;14.1
5;5;1;1;0;0;1;0.9792;14.14
0;2;4;1;0;0;0;0.9792;14.15
3;5;1;1;0;1;1;0.9792;14.16
4;3;1;1;0;0;0;0.9792;14.19
4;4;5;2;1;0;0;0.9792;14.22
6;4;1;1;0;1;0;0.9792;14.24
3;0;4;1;0;0;1;0.9792;14.25
3;3;4;1;0;1;1;0.9792;14.26
0;5;0;0;0;1;1;0.9792;14.28
5;3;2;1;0;1;1;0.9792;14.35
3;1;4;1;0;0;0;0.9792;14.38
2;0;0;1;0;0;1;0.9792;14.44
2;0;2;1;1;1;0;0.9792;14.45
1;3;0;1;1;0;0;0.9792;14.46
4;5;0;1;1;0;0;0.9792;14.46
0;1;0;1;1;0;0;0.9792;14.48
5;2;1;1;1;1;0;0.9792;14.49
0;5;4;1;1;0;0;0.9792;14.5
6;1;1;1;0;0;1;0.9792;14.52
5;4;0;1;1;0;1;0.9792;14.55
1;5;1;1;0;1;1;0.9792;14.58
3;3;0;0;0;1;1;0.9792;14.58
6;2;2;1;0;0;1;0.9792;14.58
3;3;1;1;0;1;1;0.9792;14.62
3;2;4;1;0;0;0;0.9792;14.63
4;1;4;1;0;0;0;0.9792;14.73
4;5;4;1;0;0;0;0.9792;14.75
0;0;0;0;1;1;0;0.9792;14.76
0;5;2;1;0;1;1;0.9792;14.79
5;0;2;1;0;0;1;0.9792;14.81
0;4;0;0;0;0;0;0.9792;14.83
1;3;4;1;0;0;1;0.9792;14.85
6;5;0;1;0;0;0;0.9792;14.89
5;3;1;1;1;0;0;0.9792;14.9
6;1;2;1;1;0;1;0.9792;14.9
6;2;0;0;0;0;0;0.9792;14.91
5;0;0;0;0;1;0;0.9792;14.92
0;1;4;1;1;0;0;0.9792;14.96
0;4;0;0;0;0;1;0.9792;14.99
5;0;0;1;0;0;1;0.9792;14.99
0;5;1;1;0;0;1;0.9792;15.0
5;5;2;1;0;0;1;0.9792;15.02
6;4;1;1;0;0;1;0.9792;15.03
0;1;4;1;0;1;0;0.9792;15.07
2;0;2;1;0;1;0;0.9792;15.07
1;2;4;1;0;0;1;0.9792;15.08
4;4;4;1;0;0;0;0.9792;15.08
5;0;1;1;0;0;1;0.9792;15.11
6;5;0;0;0;1;0;0.9792;15.11
6;5;1;1;1;1;0;0.9792;15.15
2;0;2;1;1;0;1;0.9792;15.18
6;2;0;1;0;0;1;0.9792;15.18
5;0;1;1;1;0;1;0.9792;15.2
6;3;0;1;0;0;1;0.9792;15.21
6;0;1;1;0;0;1;0.9792;15.22
0;3;1;1;0;0;1;0.9792;15.24
0;4;1;1;1;0;1;0.9792;15.25
5;2;2;1;1;1;1;0.9792;15.27
4;4;1;1;0;1;1;0.9792;15.29
4;3;5;1;1;0;0;0.9792;15.31
6;4;2;1;1;0;1;0.9792;15.31
1;0;0;1;1;0;0;0.9792;15.32
5;1;0;1;0;0;1;0.9792;15.37
4;4;0;1;1;1;0;0.9792;15.38
6;0;0;0;0;0;0;0.9792;15.39
4;4;4;1;1;0;1;0.9792;15.42
3;0;4;1;0;0;0;0.9792;15.47
5;1;2;1;0;1;1;0.9792;15.47
6;4;2;1;0;1;1;0.9792;15.47
0;3;4;1;1;1;0;0.9792;15.48
4;1;0;1;0;1;1;0.9792;15.48
6;4;0;1;0;0;1;0.9792;15.48
5;0;0;1;1;1;0;0.9792;15.49
3;1;1;1;0;1;1;0.9792;15.51
0;1;4;1;0;0;1;0.9792;15.52
6;2;0;1;1;0;0;0.9792;15.52
4;1;1;1;0;0;1;0.9792;15.53
3;5;2;1;1;0;1;0.9792;15.56
3;0;4;1;0;1;1;0.9792;15.56
3;4;4;1;0;0;0;0.9792;15.56
0;2;0;1;1;0;0;0.9792;15.58
4;1;4;1;0;1;0;0.9792;15.61
5;4;2;1;1;1;1;0.9792;15.61
4;5;4;1;0;0;1;0.9792;15.62
5;3;0;0;0;0;0;0.9792;15.63
6;0;2;1;0;0;1;0.9792;15.63
0;4;1;1;1;1;0;0.9792;15.66
1;0;1;1;1;0;0;0.9792;15.66
5;4;1;1;0;0;0;0.9792;15.66
5;0;1;1;0;0;0;0.9792;15.67
2;0;2;1;0;0;0;0.9792;15.7
6;1;1;1;0;1;0;0.9792;15.73
0;5;0;1;1;1;1;0.9792;15.74
5;3;1;1;0;1;0;0.9792;15.74
6;5;1;1;0;0;0;0.9792;15.74
0;1;0;0;0;0;1;0.9792;15.75
1;4;4;1;0;0;0;0.9792;15.75
3;5;5;2;1;0;0;0.9792;15.76
3;0;0;0;0;0;1;0.9792;15.78
4;3;0;0;1;0;0;0.9792;15.78
4;5;1;1;0;1;1;0.9792;15.78
3;0;1;1;0;1;1;0.9792;15.83
1;1;4;1;0;0;0;0.9792;15.84
3;2;1;1;0;1;1;0.9792;15.84
5;1;2;1;1;1;1;0.9792;15.85
1;5;5;1;1;0;0;0.9792;15.89
6;5;2;1;0;1;1;0.9792;15.91
1;0;4;1;0;1;0;0.9792;15.95
3;1;0;0;0;0;1;0.9792;15.95
3;5;1;1;0;0;1;0.9792;15.96
1;2;4;1;0;0;0;0.9792;15.97
4;3;4;1;0;1;1;0.9792;15.97
5;0;0;1;0;1;1;0.9792;15.97
1;0;0;0;1;0;1;0.9792;16.0
6;1;2;1;0;1;1;0.9792;16.0
2;0;2;1;1;0;0;0.9792;16.02
5;5;1;1;0;1;0;0.9792;16.02
0;2;0;0;0;0;1;0.9792;16.06
5;4;1;1;0;1;1;0.9792;16.08
3;3;4;1;0;1;0;0.9792;16.1
4;3;1;1;0;1;1;0.9792;16.17
5;5;0;1;0;0;1;0.9792;16.17
0;3;1;1;1;0;1;0.9792;16.18
5;3;4;1;1;1;1;0.9792;16.2
5;2;0;1;0;0;1;0.9792;16.26
5;3;1;1;0;0;0;0.9792;16.28
4;1;1;1;1;0;0;0.9792;16.29
5;1;4;1;1;0;0;0.9792;16.3
0;3;0;0;1;1;0;0.9792;16.33
1;5;0;1;1;0;1;0.9792;16.34
0;0;1;1;0;0;1;0.9792;16.35
2;0;2;1;1;1;1;0.9792;16.37
5;5;0;1;0;1;1;0.9792;16.37
6;5;1;1;0;1;1;0.9792;16.38
6;0;2;1;1;1;1;0.9792;16.4
4;4;0;0;0;1;1;0.9792;16.41
6;3;1;1;0;1;0;0.9792;16.44
4;2;1;1;0;0;1;0.9792;16.45
4;0;0;1;1;0;0;0.9792;16.46
0;2;4;1;1;0;1;0.9792;16.52
3;3;5;1;1;0;1;0.9792;16.52
4;0;4;1;0;0;1;0.9792;16.53
0;3;4;1;1;0;1;0.9792;16.59
0;3;0;1;1;0;1;0.9792;16.61
6;2;4;1;1;0;0;0.9792;16.62
3;5;0;0;0;1;1;0.9792;16.67
6;0;0;0;0;0;1;0.9792;16.67
4;0;1;1;0;1;1;0.9792;16.68
4;0;5;1;1;1;0;0.9792;16.69
6;5;0;1;0;0;1;0.9792;16.69
0;1;5;0;0;0;0;0.9792;16.7
6;3;0;1;1;0;0;0.9792;16.73
4;0;4;1;0;0;0;0.9792;16.74
5;4;4;1;0;1;0;0.9792;16.75
0;2;1;1;0;0;1;0.9792;16.78
6;3;1;1;0;0;0;0.9792;16.78
1;4;5;1;1;1;1;0.9792;16.81
0;0;0;0;1;0;1;0.9792;16.82
0;0;5;1;0;0;1;0.9792;16.84
0;1;1;1;0;0;1;0.9792;16.89
0;3;4;1;1;0;0;0.9792;16.89
1;3;4;1;0;1;0;0.9792;16.89
0;1;0;0;1;1;1;0.9792;16.9
5;0;4;1;0;0;0;0.9792;16.91
0;1;0;1;1;1;0;0.9792;16.92
0;3;0;1;1;0;0;0.9792;16.92
6;1;0;0;0;0;1;0.9792;16.92
0;1;0;1;1;0;1;0.9792;17.01
1;4;5;2;1;1;1;0.9792;17.01
5;4;0;0;1;0;0;0.9792;17.02
3;0;1;1;1;1;0;0.9792;17.03
3;1;0;0;0;1;1;0.9792;17.08
3;4;0;0;0;1;1;0.9792;17.08
4;3;1;1;0;0;1;0.9792;17.12
5;1;1;1;1;0;1;0.9792;17.13
2;0;0;0;0;0;1;0.9792;17.14
3;0;4;1;0;1;0;0.9792;17.16
4;4;5;1;1;1;0;0.9792;17.16
6;1;0;1;1;0;1;0.9792;17.16
1;4;1;1;1;1;0;0.9792;17.17
0;0;1;1;0;1;1;0.9792;17.18
1;2;4;1;1;0;0;0.9792;17.18
0;1;0;0;0;1;1;0.9792;17.19
5;1;1;1;1;1;1;0.9792;17.21
5;3;1;1;0;1;1;0.9792;17.21
3;0;1;1;0;0;1;0.9792;17.25
5;4;1;1;1;0;0;0.9792;17.26
1;4;0;1;1;0;0;0.9792;17.28
6;2;0;0;0;1;1;0.9792;17.29
0;1;4;1;0;0;0;0.9792;17.31
5;1;0;1;1;0;0;0.9792;17.31
1;5;4;1;0;0;1;0.9792;17.32
4;0;0;0;1;1;0;0.9792;17.33
0;0;4;1;0;1;1;0.9792;17.34
4;5;4;1;1;0;0;0.9792;17.34
4;0;0;0;1;0;0;0.9792;17.35
6;5;1;1;0;0;1;0.9792;17.38
0;2;5;1;0;0;0;0.9792;17.4
3;3;5;1;1;1;0;0.9792;17.4
3;4;5;2;1;0;1;0.9792;17.41
4;5;4;1;0;1;0;0.9792;17.44
1;4;4;1;0;0;1;0.9792;17.47
1;4;5;1;0;0;0;0.9792;17.47
0;1;1;1;0;1;1;0.9792;17.48
0;2;4;1;1;1;0;0.9792;17.49
1;3;4;1;1;0;0;0.9792;17.49
3;4;1;1;0;1;1;0.9792;17.53
5;3;0;0;0;1;1;0.9792;17.54
1;5;0;1;1;1;1;0.9792;17.55
5;4;4;1;1;1;0;0.9792;17.57
3;4;5;1;1;0;0;0.9792;17.59
5;0;0;1;1;0;0;0.9792;17.6
5;5;0;1;1;0;0;0.9792;17.6
1;1;4;1;0;1;1;0.9792;17.64
0;4;5;1;0;0;1;0.9792;17.67
6;2;0;1;1;1;1;0.9792;17.67
0;2;0;0;0;1;1;0.9792;17.68
0;5;0;1;1;0;0;0.9792;17.68
4;2;0;0;0;0;1;0.9792;17.68
0;1;4;0;1;1;0;0.9792;17.69
1;0;0;1;1;0;1;0.9792;17.7
2;0;0;1;0;1;1;0.9792;17.7
0;0;2;1;0;1;1;0.9792;17.72
4;0;0;0;0;1;1;0.9792;17.74
0;0;4;1;1;0;1;0.9792;17.79
5;1;1;1;1;0;0;0.9792;17.8
0;2;1;1;1;1;1;0.9792;17.81
5;0;4;1;0;1;0;0.9792;17.81
2;0;2;1;0;0;1;0.9792;17.82
4;1;5;2;1;1;1;0.9792;17.83
1;3;4;1;0;1;1;0.9792;17.91
5;5;4;1;1;1;0;0.9792;17.93
0;2;1;1;1;0;0;0.9792;17.94
5;4;0;1;1;1;0;0.9792;17.94
1;1;0;1;1;1;0;0.9792;17.95
4;1;4;1;0;1;1;0.9792;17.96
4;5;4;1;0;1;1;0.9792;17.96
0;5;5;1;0;0;0;0.9792;17.97
3;2;0;0;1;0;0;0.9792;17.97
0;0;0;1;1;1;0;0.9792;17.99
4;0;4;1;0;1;1;0.9792;18.01
5;5;1;1;1;1;0;0.9792;18.01
5;0;0;0;0;1;1;0.9792;18.02
0;4;1;1;1;0;0;0.9792;18.04
1;1;5;1;1;1;1;0.9792;18.04
6;0;0;0;0;1;1;0.9792;18.04
4;1;1;1;0;1;1;0.9792;18.05
0;3;1;1;0;1;1;0.9792;18.07
4;0;1;1;1;0;1;0.9792;18.08
1;5;4;0;1;1;0;0.9792;18.09
4;5;0;1;1;1;0;0.9792;18.1
5;1;1;1;0;0;1;0.9792;18.1
0;0;4;1;0;0;1;0.9792;18.11
4;4;1;1;1;1;1;0.9792;18.11
0;1;1;1;1;0;1;0.9792;18.12
6;3;1;1;0;0;1;0.9792;18.12
0;5;4;1;1;0;1;0.9792;18.14
3;4;0;1;1;1;0;0.9792;18.14
1;3;0;1;1;1;0;0.9792;18.16
6;5;0;1;1;0;0;0.9792;18.16
6;2;0;0;0;0;1;0.9792;18.2
0;3;0;1;1;1;1;0.9792;18.21
5;1;0;0;0;1;1;0.9792;18.26
5;4;0;1;1;0;0;0.9792;18.26
1;3;0;1;1;0;1;0.9792;18.28
4;4;0;1;1;0;0;0.9792;18.31
3;4;4;1;1;0;0;0.9792;18.32
1;0;0;0;1;1;1;0.9792;18.33
1;4;4;1;1;1;1;0.9792;18.33
5;3;0;0;1;0;1;0.9792;18.33
0;5;1;1;1;0;0;0.9792;18.34
3;1;4;1;0;1;0;0.9792;18.35
0;4;0;1;1;1;1;0.9792;18.36
1;0;5;1;1;0;0;0.9792;18.41
0;3;4;0;1;1;0;0.9792;18.43
3;5;0;0;0;0;1;0.9792;18.43
3;2;1;1;1;1;1;0.9792;18.45
0;2;0;1;1;0;1;0.9792;18.46
0;1;4;0;1;0;0;0.9792;18.48
4;3;1;1;1;0;0;0.9792;18.48
2;5;4;1;0;1;0;0.9792;18.52
0;2;0;1;1;1;0;0.9792;18.54
5;2;1;1;0;0;1;0.9792;18.54
1;0;4;0;1;0;0;0.9792;18.55
4;2;0;1;1;1;0;0.9792;18.56
0;4;0;0;0;1;1;0.9792;18.57
0;1;1;1;1;1;1;0.9792;18.57
1;2;0;1;1;0;0;0.9792;18.58
5;4;1;1;0;0;1;0.9792;18.58
0;3;1;1;1;1;1;0.9792;18.59
5;2;1;1;0;1;1;0.9792;18.59
6;2;0;0;1;0;0;0.9792;18.61
6;0;4;0;1;0;0;0.9792;18.62
5;0;1;1;1;1;0;0.9792;18.67
0;0;1;1;1;0;0;0.9792;18.69
1;4;4;1;1;0;1;0.9792;18.71
4;1;1;1;1;1;0;0.9792;18.71
3;2;0;1;1;0;1;0.9792;18.72
5;2;4;1;0;1;0;0.9792;18.72
3;4;1;1;1;1;0;0.9792;18.73
4;2;4;1;0;0;1;0.9792;18.73
0;4;4;1;1;0;1;0.9792;18.74
4;0;0;1;1;0;1;0.9792;18.74
5;3;1;1;1;0;1;0.9792;18.74
1;4;5;1;0;1;0;0.9792;18.76
6;1;4;1;1;0;1;0.9792;18.78
3;1;4;1;0;1;1;0.9792;18.79
4;1;0;1;1;0;0;0.9792;18.81
4;4;5;1;1;0;0;0.9792;18.81
0;3;1;1;1;0;0;0.9792;18.82
4;3;4;1;0;0;1;0.9792;18.85
6;4;0;1;1;0;0;0.9792;18.85
3;2;4;1;0;0;1;0.9792;18.87
3;2;4;1;0;1;0;0.9792;18.92
1;1;4;1;0;0;1;0.9792;18.95
2;3;4;1;1;0;0;0.9792;18.96
0;4;4;0;1;0;0;0.9792;18.98
2;1;4;1;1;0;0;0.9792;18.99
4;2;4;1;1;1;0;0.9792;18.99
4;4;1;1;1;0;1;0.9792;19.05
5;1;0;0;1;0;0;0.9792;19.06
4;3;5;1;1;1;1;0.9792;19.07
6;3;0;0;1;1;0;0.9792;19.07
2;2;4;1;1;0;0;0.9792;19.09
0;4;0;1;1;1;0;0.9792;19.1
3;1;5;1;1;0;1;0.9792;19.13
4;5;1;1;1;0;1;0.9792;19.14
5;0;4;1;1;0;0;0.9792;19.16
1;4;5;1;1;1;0;0.9792;19.17
4;5;4;0;1;0;0;0.9792;19.17
4;0;5;2;1;1;1;0.9792;19.18
4;5;1;1;1;1;1;0.9792;19.19
5;0;0;0;0;0;1;0.9792;19.19
6;0;0;0;1;1;0;0.9792;19.21
6;3;1;1;1;1;0;0.9792;19.21
0;5;4;0;1;0;0;0.9792;19.22
4;3;1;1;1;1;0;0.9792;19.22
0;3;4;1;0;1;0;0.9792;19.23
1;0;4;1;1;0;0;0.9792;19.23
5;5;0;0;0;1;1;0.9792;19.24
0;5;0;1;1;0;1;0.9792;19.25
4;1;5;2;1;0;0;0.9792;19.27
6;4;0;0;0;1;1;0.9792;19.27
0;2;1;1;1;0;1;0.9792;19.28
0;2;4;1;0;1;0;0.9792;19.28
1;2;0;1;1;0;1;0.9792;19.29
0;3;0;0;1;1;1;0.9792;19.3
5;0;1;1;1;0;0;0.9792;19.3
3;5;5;2;1;1;1;0.9792;19.32
0;4;0;1;1;0;1;0.9792;19.33
6;5;0;0;0;0;1;0.9792;19.34
0;0;4;1;0;0;0;0.9792;19.36
1;5;5;1;0;0;0;0.9792;19.36
4;2;0;1;1;0;1;0.9792;19.36
4;5;5;1;1;1;1;0.9792;19.36
6;2;4;1;1;1;0;0.9792;19.42
1;4;5;2;1;0;0;0.9792;19.44
3;5;1;1;1;1;0;0.9792;19.45
3;3;4;1;1;0;0;0.9792;19.45
5;5;1;1;0;1;1;0.9792;19.45
0;0;1;1;1;1;1;0.9792;19.46
0;5;4;1;0;1;0;0.9792;19.46
5;2;0;1;0;1;1;0.9792;19.46
1;5;4;1;0;1;1;0.9792;19.47
3;3;5;1;1;0;0;0.9792;19.47
4;0;4;1;1;0;1;0.9792;19.5
0;4;0;0;1;1;0;0.9792;19.52
3;0;4;1;1;0;0;0.9792;19.52
4;4;4;1;0;1;1;0.9792;19.52
5;1;0;1;1;1;0;0.9792;19.52
0;1;1;1;1;1;0;0.9792;19.53
4;4;4;1;0;1;0;0.9792;19.55
3;5;5;1;1;1;1;0.9792;19.56
4;5;1;1;1;1;0;0.9792;19.56
3;3;4;1;0;0;1;0.9792;19.58
3;4;4;1;0;0;1;0.9792;19.58
5;4;4;1;0;1;1;0.9792;19.58
0;0;1;1;1;0;1;0.9792;19.62
0;1;4;0;1;0;1;0.9792;19.62
6;0;0;0;1;0;0;0.9792;19.63
6;1;0;1;1;0;0;0.9792;19.63
6;2;0;0;1;1;0;0.9792;19.64
0;5;4;1;0;0;0;0.9792;19.67
0;5;4;1;1;1;0;0.9792;19.69
0;2;4;1;1;1;1;0.9792;19.7
1;3;1;1;1;1;0;0.9792;19.74
3;5;5;1;1;0;1;0.9792;19.76
4;3;4;1;1;0;0;0.9792;19.76
1;0;0;0;1;1;0;0.9792;19.78
1;1;0;0;1;0;1;0.9792;19.78
0;2;5;1;0;0;1;0.9792;19.83
6;1;1;1;1;0;0;0.9792;19.83
3;4;0;1;1;0;0;0.9792;19.86
6;1;1;1;0;1;1;0.9792;19.86
1;4;4;1;1;1;0;0.9792;19.87
0;1;0;0;1;0;1;0.9792;19.88
0;5;4;1;0;0;1;0.9792;19.88
6;0;1;1;1;1;0;0.9792;19.88
3;0;1;1;1;0;1;0.9792;19.9
1;0;4;1;0;1;1;0.9792;19.91
1;2;5;1;0;1;0;0.9792;19.94
1;5;5;1;1;0;1;0.9792;19.94
0;4;5;0;0;0;1;0.9792;19.95
0;4;4;0;1;1;0;0.9792;19.96
1;0;4;0;1;0;1;0.9792;19.96
0;1;1;1;1;0;0;0.9792;19.98
3;5;5;1;0;1;1;0.9792;20.0
2;0;0;0;0;1;0;0.9792;20.01
4;4;0;0;1;1;0;0.9792;20.01
4;2;5;1;1;0;1;0.9792;20.08
6;5;4;1;1;0;0;0.9792;20.08
4;2;1;1;1;0;0;0.9792;20.09
6;5;1;1;1;0;1;0.9792;20.11
6;2;1;1;0;1;0;0.9792;20.12
1;4;4;1;0;1;1;0.9792;20.13
5;5;1;1;1;1;1;0.9792;20.13
5;0;0;1;1;1;1;0.9792;20.14
5;1;1;1;1;1;0;0.9792;20.16
1;1;1;1;1;0;0;0.9792;20.17
1;3;4;0;1;0;0;0.9792;20.19
1;0;4;1;1;1;1;0.9792;20.21
4;2;5;1;1;0;0;0.9792;20.22
6;0;1;1;0;1;1;0.9792;20.22
5;1;5;1;0;1;0;0.9792;20.23
5;4;0;0;0;1;1;0.9792;20.24
0;0;4;1;1;1;0;0.9792;20.26
4;5;4;1;1;1;0;0.9792;20.27
3;1;4;1;1;0;0;0.9792;20.29
3;2;4;1;0;1;1;0.9792;20.3
0;3;4;1;1;1;1;0.9792;20.31
5;3;4;1;1;1;0;0.9792;20.31
6;3;1;1;1;0;0;0.9792;20.31
0;1;5;1;0;1;0;0.9792;20.33
0;3;1;1;1;1;0;0.9792;20.36
6;4;0;1;1;0;1;0.9792;20.36
3;5;5;1;1;0;0;0.9792;20.38
4;1;0;1;1;1;1;0.9792;20.38
0;1;0;1;1;1;1;0.9792;20.39
5;4;0;1;1;1;1;0.9792;20.4
3;1;4;1;0;0;1;0.9792;20.41
2;0;0;0;0;1;1;0.9792;20.42
0;0;4;1;1;0;0;0.9792;20.43
5;3;4;1;1;0;0;0.9792;20.43
1;4;1;1;1;0;0;0.9792;20.5
3;3;0;1;1;0;1;0.9792;20.5
6;0;1;1;1;0;0;0.9792;20.5
0;1;5;1;1;1;0;0.9792;20.51
0;2;4;1;1;0;0;0.9792;20.55
0;1;4;1;1;0;1;0.9792;20.57
1;5;1;1;1;1;0;0.9792;20.57
4;3;4;0;1;0;0;0.9792;20.62
0;2;4;0;1;0;1;0.9792;20.63
5;5;0;1;1;0;1;0.9792;20.63
0;4;4;1;1;0;0;0.9792;20.64
5;2;5;1;0;1;0;0.9792;20.64
0;4;4;1;0;1;0;0.9792;20.65
1;1;5;1;1;0;0;0.9792;20.65
5;1;0;1;1;0;1;0.9792;20.65
5;5;4;0;1;1;0;0.9792;20.65
2;0;2;1;0;1;1;0.9792;20.66
0;2;5;0;0;1;0;0.9792;20.71
3;4;5;1;1;1;0;0.9792;20.71
5;0;5;1;0;1;0;0.9792;20.71
6;5;0;1;1;1;1;0.9792;20.74
6;2;1;1;0;0;0;0.9792;20.77
4;0;4;0;1;1;0;0.9792;20.78
5;0;0;1;1;0;1;0.9792;20.78
5;4;0;0;1;1;0;0.9792;20.78
1;4;4;0;1;1;1;0.9792;20.81
1;5;5;1;0;0;1;0.9792;20.82
3;5;4;1;0;1;1;0.9792;20.82
6;0;1;1;1;1;1;0.9792;20.82
3;2;5;1;1;1;0;0.9792;20.85
3;5;0;0;1;0;1;0.9792;20.86
3;5;5;2;1;1;0;0.9792;20.87
4;1;4;1;1;1;0;0.9792;20.87
3;5;0;1;1;0;0;0.9792;20.88
5;2;4;1;1;1;0;0.9792;20.9
3;5;4;1;1;1;0;0.9792;20.94
1;1;5;1;1;0;1;0.9792;20.96
6;4;0;1;1;1;0;0.9792;20.96
5;0;4;1;1;0;1;0.9792;20.99
6;3;1;1;1;0;1;0.9792;20.99
6;5;1;1;1;1;1;0.9792;20.99
3;3;0;0;1;1;0;0.9792;21.01
1;0;5;1;0;0;1;0.9792;21.02
6;2;4;0;1;0;0;0.9792;21.02
0;0;0;1;1;0;1;0.9792;21.04
0;2;4;0;1;1;1;0.9792;21.04
1;1;0;1;1;0;0;0.9792;21.04
1;2;5;1;1;0;0;0.9792;21.06
6;0;4;1;1;0;1;0.9792;21.07
0;5;0;0;1;0;0;0.9792;21.08
1;0;0;1;1;1;0;0.9792;21.08
6;1;4;1;1;1;0;0.9792;21.09
3;2;4;1;1;0;0;0.9792;21.11
3;3;0;0;1;0;0;0.9792;21.13
5;2;4;1;1;0;0;0.9792;21.13
0;1;4;0;1;1;1;0.9792;21.14
1;0;1;1;1;0;1;0.9792;21.14
0;3;4;1;0;1;1;0.9792;21.18
1;3;1;1;1;0;0;0.9792;21.21
1;0;5;2;1;0;0;0.9792;21.21
5;5;4;1;0;0;0;0.9792;21.21
6;3;0;1;1;1;0;0.9792;21.21
3;1;0;1;1;0;0;0.9792;21.22
0;5;4;0;1;1;0;0.9792;21.25
1;0;1;1;1;1;0;0.9792;21.26
1;2;4;1;1;1;0;0.9792;21.29
4;0;4;0;1;0;0;0.9792;21.29
4;2;4;1;0;1;1;0.9792;21.33
6;2;1;1;0;1;1;0.9792;21.36
1;0;5;2;1;0;1;0.9792;21.38
3;2;5;1;1;0;1;0.9792;21.38
1;5;1;1;1;0;0;0.9792;21.41
1;3;5;2;1;1;0;0.9792;21.42
3;2;1;1;1;1;0;0.9792;21.43
4;0;4;1;1;1;0;0.9792;21.44
4;2;4;0;1;0;0;0.9792;21.44
3;5;0;0;1;1;0;0.9792;21.45
6;0;4;0;1;1;1;0.9792;21.49
6;1;4;0;1;1;0;0.9792;21.49
4;5;5;2;1;1;1;0.9792;21.5
5;1;4;1;1;1;0;0.9792;21.5
5;1;0;1;1;1;1;0.9792;21.51
2;2;4;1;1;1;0;0.9792;21.53
4;2;5;2;1;1;0;0.9792;21.53
5;4;1;1;1;1;1;0.9792;21.55
6;3;1;1;0;1;1;0.9792;21.55
1;5;0;0;1;0;0;0.9792;21.56
6;5;1;1;1;0;0;0.9792;21.56
3;5;5;1;0;0;0;0.9792;21.57
1;1;5;1;0;0;1;0.9792;21.6
4;5;1;1;1;0;0;0.9792;21.6
4;4;4;0;1;1;0;0.9792;21.62
1;3;0;1;1;1;1;0.9792;21.64
4;3;0;1;1;1;0;0.9792;21.64
1;1;4;1;1;0;0;0.9792;21.65
1;1;5;1;1;1;0;0.9792;21.68
5;5;5;2;1;0;0;0.9792;21.7
6;2;4;0;1;0;1;0.9792;21.7
3;5;0;1;1;1;0;0.9792;21.72
6;0;4;1;1;0;0;0.9792;21.72
0;4;4;1;0;0;0;0.9792;21.75
0;5;5;0;0;1;1;0.9792;21.75
1;1;0;0;1;1;0;0.9792;21.76
3;5;5;0;0;1;0;0.9792;21.76
4;2;5;0;0;1;0;0.9792;21.76
1;4;5;2;1;1;0;0.9792;21.78
0;0;5;1;0;1;0;0.9792;21.79
3;0;5;1;1;1;0;0.9792;21.8
4;4;4;0;1;0;0;0.9792;21.8
1;2;0;1;1;1;0;0.9792;21.81
1;5;5;1;1;1;0;0.9792;21.82
1;4;0;1;1;1;0;0.9792;21.83
0;4;5;1;0;0;0;0.9792;21.85
1;0;0;1;1;1;1;0.9792;21.85
3;5;0;1;1;0;1;0.9792;21.85
4;1;5;2;1;1;0;0.9792;21.85
4;2;5;2;1;0;1;0.9792;21.85
6;4;1;1;1;0;0;0.9792;21.85
4;3;4;1;1;1;1;0.9792;21.88
5;4;5;1;0;1;0;0.9792;21.89
3;0;5;2;1;0;1;0.9792;21.9
5;1;4;1;0;1;1;0.9792;21.91
0;0;0;0;1;0;0;0.9792;21.93
3;1;4;0;1;0;1;0.9792;21.94
4;4;5;2;1;1;0;0.9792;21.94
6;5;0;0;1;0;1;0.9792;21.94
1;1;0;1;1;1;1;0.9792;21.95
6;4;0;0;1;1;1;0.9792;21.96
6;1;4;1;1;1;1;0.9792;21.96
3;0;5;1;1;0;0;0.9792;21.98
0;2;4;0;0;1;0;0.9792;21.99
0;3;5;1;0;1;0;0.9792;21.99
4;5;0;1;1;0;1;0.9792;21.99
1;1;1;1;1;1;0;0.9792;22.01
1;2;1;1;1;1;0;0.9792;22.01
4;1;4;1;1;0;0;0.9792;22.01
5;1;0;0;1;0;1;0.9792;22.02
5;1;0;0;1;1;1;0.9792;22.03
0;4;4;0;1;1;1;0.9792;22.04
4;0;5;2;1;1;0;0.9792;22.05
5;4;5;1;0;0;1;0.9792;22.06
1;3;4;1;1;1;1;0.9792;22.07
4;2;1;1;1;1;1;0.9792;22.08
6;5;0;0;1;1;0;0.9792;22.08
1;2;0;0;1;1;1;0.9792;22.1
1;0;5;2;1;1;0;0.9792;22.1
4;1;1;1;1;1;1;0.9792;22.1
4;2;0;1;1;1;1;0.9792;22.12
5;4;4;1;1;1;1;0.9792;22.12
0;5;0;0;1;1;0;0.9792;22.13
4;1;1;1;1;0;1;0.9792;22.14
0;1;0;0;1;0;0;0.9792;22.15
6;4;0;1;1;1;1;0.9792;22.15
3;4;4;1;1;0;1;0.9792;22.19
4;3;5;2;1;1;0;0.9792;22.2
4;5;0;0;1;1;0;0.9792;22.23
3;0;0;1;1;1;0;0.9792;22.24
0;2;4;0;1;0;0;0.9792;22.25
6;3;1;1;1;1;1;0.9792;22.26
0;0;5;0;0;1;0;0.9792;22.27
1;1;4;1;1;0;1;0.9792;22.27
3;3;1;1;1;0;0;0.9792;22.28
1;1;4;1;1;1;0;0.9792;22.31
0;1;5;0;0;1;1;0.9792;22.33
0;1;0;0;1;1;0;0.9792;22.34
3;5;4;1;1;1;1;0.9792;22.35
4;2;4;1;1;0;0;0.9792;22.36
3;5;5;1;1;1;0;0.9792;22.37
5;2;0;0;1;0;0;0.9792;22.37
0;0;4;0;1;1;0;0.9792;22.38
5;5;5;0;0;1;1;0.9792;22.38
5;1;4;1;0;1;0;0.9792;22.39
3;0;4;1;1;0;1;0.9792;22.4
0;4;4;1;1;1;0;0.9792;22.41
1;0;1;1;1;1;1;0.9792;22.43
1;2;4;0;1;0;0;0.9792;22.43
5;1;0;0;1;1;0;0.9792;22.43
5;3;0;1;1;0;1;0.9792;22.43
5;2;1;1;1;1;1;0.9792;22.43
5;3;4;1;0;1;0;0.9792;22.44
3;3;0;0;1;0;1;0.9792;22.45
4;4;0;1;1;0;1;0.9792;22.45
0;3;4;1;0;0;1;0.9792;22.48
0;2;5;1;1;0;0;0.9792;22.48
5;5;4;1;1;0;0;0.9792;22.48
6;3;0;0;1;0;0;0.9792;22.5
3;3;4;0;1;1;1;0.9792;22.51
4;4;5;2;1;1;1;0.9792;22.51
4;5;5;1;1;0;0;0.9792;22.52
3;0;5;0;0;0;0;0.9792;22.53
4;3;0;1;1;1;1;0.9792;22.53
4;3;0;1;1;0;0;0.9792;22.54
1;2;5;1;1;1;1;0.9792;22.57
0;5;0;0;1;0;1;0.9792;22.58
2;0;0;0;1;0;0;0.9792;22.59
2;2;5;2;1;0;0;0.9792;22.6
4;0;1;1;1;1;0;0.9792;22.6
6;1;1;1;1;0;1;0.9792;22.6
3;1;5;1;1;1;0;0.9792;22.61
0;3;4;1;0;0;0;0.9792;22.63
6;3;4;1;1;0;0;0.9792;22.66
1;2;5;1;0;0;0;0.9792;22.67
3;3;1;1;0;0;1;0.9792;22.68
5;3;4;0;0;0;0;0.9792;22.71
6;4;4;1;1;0;1;0.9792;22.71
3;4;4;1;1;1;0;0.9792;22.72
0;0;0;0;1;1;1;0.9792;22.75
1;2;1;1;1;0;1;0.9792;22.75
3;4;1;1;1;0;0;0.9792;22.75
0;0;5;2;1;0;0;0.9792;22.77
4;0;1;1;1;1;1;0.9792;22.77
1;0;0;0;1;0;0;0.9792;22.78
3;3;1;1;1;1;1;0.9792;22.78
4;1;4;0;1;0;0;0.9792;22.81
0;5;1;1;1;0;1;0.9792;22.83
0;5;4;1;1;1;1;0.9792;22.83
0;1;4;1;1;1;0;0.9792;22.84
3;5;1;1;1;0;0;0.9792;22.84
6;1;4;1;1;0;0;0.9792;22.84
3;1;1;1;1;1;1;0.9792;22.85
3;2;0;1;1;0;0;0.9792;22.86
0;3;5;1;1;0;0;0.9792;22.87
6;5;0;1;1;0;1;0.9792;22.87
1;5;4;1;1;1;0;0.9792;22.91
3;4;5;2;1;1;0;0.9792;22.91
4;3;1;1;1;0;1;0.9792;22.91
4;1;4;0;1;1;1;0.9792;22.91
1;0;5;1;0;0;0;0.9792;22.92
1;4;5;0;0;1;0;0.9792;22.92
0;2;0;0;1;1;1;0.9792;22.94
1;1;5;1;0;1;0;0.9792;22.94
5;5;0;1;1;1;0;0.9792;22.94
1;0;5;1;1;1;0;0.9792;22.95
4;2;5;1;0;0;0;0.9792;22.95
5;2;0;1;1;0;0;0.9792;22.95
6;4;1;1;0;1;1;0.9792;22.98
5;4;1;1;1;1;0;0.9792;22.99
6;5;4;1;1;1;1;0.9792;22.99
0;0;0;1;1;1;1;0.9792;23.0
0;2;5;1;0;1;0;0.9792;23.0
3;4;0;0;1;1;0;0.9792;23.01
3;2;5;2;1;0;0;0.9792;23.03
6;4;4;1;1;0;0;0.9792;23.03
1;4;0;1;1;0;1;0.9792;23.04
6;3;0;0;1;0;1;0.9792;23.04
5;0;0;0;1;1;1;0.9792;23.05
1;1;0;0;1;0;0;0.9792;23.06
1;3;4;0;1;0;1;0.9792;23.06
3;3;5;2;1;1;1;0.9792;23.06
1;1;4;1;1;1;1;0.9792;23.07
4;2;0;0;1;1;0;0.9792;23.1
4;5;5;0;0;0;0;0.9792;23.11
6;5;4;0;1;0;1;0.9792;23.11
0;0;4;1;0;1;0;0.9792;23.13
1;2;4;1;1;0;1;0.9792;23.13
3;1;0;1;1;1;1;0.9792;23.13
1;3;1;1;1;0;1;0.9792;23.15
6;4;4;0;1;0;0;0.9792;23.15
0;1;4;1;0;1;1;0.9792;23.17
3;3;0;1;1;1;0;0.9792;23.17
0;4;4;1;1;1;1;0.9792;23.18
1;3;5;1;0;1;0;0.9792;23.18
4;4;4;1;1;1;0;0.9792;23.2
4;1;5;1;1;1;0;0.9792;23.2
5;0;0;0;1;1;0;0.9792;23.2
5;5;1;1;1;0;0;0.9792;23.22
5;4;4;1;1;0;0;0.9792;23.22
0;1;4;1;1;1;1;0.9792;23.23
5;2;5;1;0;0;0;0.9792;23.23
1;2;0;1;1;1;1;0.9792;23.24
5;3;5;1;0;0;1;0.9792;23.26
3;4;5;1;0;1;0;0.9792;23.27
2;0;5;2;1;0;0;0.9792;23.28
4;4;4;1;1;0;0;0.9792;23.28
6;2;4;1;1;0;1;0.9792;23.28
1;4;0;1;1;1;1;0.9792;23.3
3;3;1;1;1;1;0;0.9792;23.3
6;2;4;0;1;1;0;0.9792;23.3
6;5;0;1;1;1;0;0.9792;23.31
6;2;0;1;1;0;1;0.9792;23.35
3;0;1;1;1;0;0;0.9792;23.37
6;0;0;0;1;1;1;0.9792;23.37
0;0;5;0;0;1;1;0.9792;23.38
5;3;0;1;1;1;0;0.9792;23.39
5;4;4;1;0;0;1;0.9792;23.41
5;4;5;2;1;1;1;0.9792;23.41
1;2;5;0;0;0;0;0.9792;23.42
5;2;1;1;1;0;0;0.9792;23.42
5;1;4;1;0;0;0;0.9792;23.42
6;0;0;1;1;1;0;0.9792;23.43
6;3;4;0;1;0;1;0.9792;23.43
1;3;5;1;1;1;1;0.9792;23.44
3;5;5;2;1;0;1;0.9792;23.44
5;3;4;1;1;0;1;0.9792;23.45
6;1;4;0;1;0;0;0.9792;23.46
5;2;0;1;1;1;0;0.9792;23.48
6;0;0;1;1;0;0;0.9792;23.48
6;4;0;0;1;0;1;0.9792;23.48
0;3;5;0;0;1;0;0.9792;23.49
1;5;1;1;1;1;1;0.9792;23.49
5;3;5;1;0;1;1;0.9792;23.51
3;1;0;0;1;0;0;0.9792;23.52
3;4;4;0;1;1;0;0.9792;23.54
5;2;4;1;0;1;1;0.9792;23.56
3;3;0;0;1;1;1;0.9792;23.57
1;1;5;2;1;1;0;0.9792;23.59
4;0;4;1;1;0;0;0.9792;23.59
5;3;0;0;1;0;0;0.9792;23.6
0;4;4;0;1;0;1;0.9792;23.62
1;3;4;1;1;1;0;0.9792;23.65
3;3;4;0;1;1;0;0.9792;23.66
5;3;5;1;0;0;0;0.9792;23.66
0;4;0;0;1;0;1;0.9792;23.67
2;5;5;2;1;0;1;0.9792;23.68
3;5;0;0;1;0;0;0.9792;23.68
1;3;5;1;0;0;0;0.9792;23.69
2;4;4;1;0;1;1;0.9792;23.7
0;3;5;1;0;0;1;0.9792;23.74
5;1;5;1;0;0;0;0.9792;23.74
3;0;5;1;1;1;1;0.9792;23.79
5;2;5;0;0;1;0;0.9792;23.8
5;0;0;0;1;0;0;0.9792;23.81
1;4;0;0;1;1;1;0.9792;23.84
1;3;0;0;1;0;0;0.9792;23.88
4;2;4;1;1;0;1;0.9792;23.88
4;0;5;1;1;0;0;0.9792;23.89
1;4;0;0;1;0;0;0.9792;23.9
3;0;0;1;1;0;0;0.9792;23.9
2;5;4;1;0;0;0;0.9792;23.91
2;2;5;1;0;0;0;0.9792;23.91
2;1;4;1;0;1;0;0.9792;23.92
1;2;0;0;1;0;0;0.9792;23.93
4;0;5;1;1;1;1;0.9792;23.93
6;1;0;1;1;1;1;0.9792;23.95
0;5;4;0;1;1;1;0.9792;23.96
4;2;1;1;1;1;0;0.9792;23.96
3;1;5;1;0;1;0;0.9792;23.97
6;0;1;1;1;0;1;0.9792;23.97
5;2;4;1;1;0;1;0.9792;24.02
1;3;4;1;1;0;1;0.9792;24.04
2;1;4;0;1;1;0;0.9792;24.04
0;2;0;1;1;1;1;0.9792;24.05
1;2;5;2;1;0;1;0.9792;24.07
4;0;1;1;1;0;0;0.9792;24.08
6;4;4;0;1;0;1;0.9792;24.1
4;1;5;1;1;0;0;0.9792;24.12
4;3;4;0;1;0;1;0.9792;24.13
1;2;4;0;1;1;1;0.9792;24.14
4;0;4;0;1;0;1;0.9792;24.15
0;4;5;1;1;0;0;0.9792;24.18
5;2;0;1;1;0;1;0.9792;24.18
3;5;4;1;1;0;1;0.9792;24.19
6;4;4;1;1;1;0;0.9792;24.19
2;4;4;1;0;1;0;0.9792;24.21
2;5;4;1;0;0;1;0.9792;24.22
4;0;4;1;1;1;1;0.9792;24.25
4;5;4;1;1;0;1;0.9792;24.26
6;0;4;0;1;0;1;0.9792;24.26
3;1;5;1;1;0;0;0.9792;24.27
3;2;1;1;1;0;0;0.9792;24.29
5;4;4;1;0;0;0;0.9792;24.29
1;5;0;0;1;1;0;0.9792;24.3
5;3;1;1;1;1;0;0.9792;24.31
5;2;5;1;0;1;1;0.9792;24.31
2;3;4;1;0;1;0;0.9792;24.33
2;0;5;2;1;1;1;0.9792;24.33
1;3;0;0;1;1;1;0.9792;24.34
4;2;5;1;0;1;1;0.9792;24.34
1;0;5;1;1;0;1;0.9792;24.35
5;3;4;1;0;0;0;0.9792;24.36
4;0;5;1;1;0;1;0.9792;24.37
3;3;4;0;1;0;0;0.9792;24.38
5;5;4;1;1;0;1;0.9792;24.38
5;2;0;0;1;0;1;0.9792;24.39
3;1;5;2;1;0;1;0.9792;24.4
3;4;5;2;1;0;0;0.9792;24.4
1;1;1;1;1;1;1;0.9792;24.42
4;1;5;0;0;0;0;0.9792;24.42
5;5;5;0;0;0;1;0.9792;24.42
6;2;1;1;1;1;0;0.9792;24.42
4;1;0;1;1;1;0;0.9792;24.44
4;3;4;1;1;0;1;0.9792;24.46
4;1;5;2;1;0;1;0.9792;24.47
0;3;4;0;0;0;1;0.9792;24.5
4;5;0;1;1;1;1;0.9792;24.51
3;5;5;1;0;1;0;0.9792;24.52
4;4;1;1;1;1;0;0.9792;24.52
6;2;4;1;1;1;1;0.9792;24.53
1;3;5;2;1;0;1;0.9792;24.54
3;3;5;1;0;1;1;0.9792;24.54
4;4;0;0;1;0;0;0.9792;24.54
0;3;4;0;1;0;1;0.9792;24.55
3;1;5;1;0;0;0;0.9792;24.55
1;4;4;0;1;1;0;0.9792;24.56
3;0;4;0;1;1;0;0.9792;24.56
3;5;0;1;1;1;1;0.9792;24.57
5;2;0;0;1;1;0;0.9792;24.57
0;3;0;0;1;0;0;0.9792;24.59
6;2;1;1;1;0;0;0.9792;24.59
4;5;5;1;1;1;0;0.9792;24.62
6;3;0;1;1;1;1;0.9792;24.64
4;5;5;2;1;0;0;0.9792;24.65
5;1;4;1;1;0;1;0.9792;24.65
0;3;4;0;1;1;1;0.9792;24.68
6;3;0;0;1;1;1;0.9792;24.68
6;4;4;0;1;1;0;0.9792;24.68
0;2;4;0;1;1;0;0.9792;24.7
6;2;1;1;0;0;1;0.9792;24.7
3;4;4;1;1;1;1;0.9792;24.73
5;4;0;0;1;0;1;0.9792;24.73
1;0;4;0;1;1;1;0.9792;24.76
3;3;4;1;1;1;1;0.9792;24.76
3;1;5;2;1;1;1;0.9792;24.76
3;3;5;1;0;0;1;0.9792;24.76
4;3;5;1;0;1;1;0.9792;24.76
1;4;0;0;1;1;0;0.9792;24.78
3;2;5;1;1;0;0;0.9792;24.78
2;1;4;1;1;0;1;0.9792;24.8
3;1;0;1;1;1;0;0.9792;24.81
2;0;5;1;1;0;0;0.9792;24.83
0;3;5;1;0;0;0;0.9792;24.84
6;5;5;1;0;1;0;0.9792;24.84
1;5;5;1;0;1;0;0.9792;24.87
2;2;4;1;0;1;0;0.9792;24.87
3;0;5;1;0;0;1;0.9792;24.87
2;1;4;1;0;0;0;0.9792;24.88
5;2;4;1;0;0;0;0.9792;24.88
5;4;4;0;0;1;1;0.9792;24.88
5;1;4;1;1;1;1;0.9792;24.89
5;5;5;0;0;1;0;0.9792;24.9
6;2;4;0;1;1;1;0.9792;24.91
6;1;1;1;1;1;0;0.9792;24.93
3;0;5;1;0;0;0;0.9792;24.94
5;0;5;2;1;0;0;0.9792;24.99
0;4;5;2;1;1;0;0.9792;25.0
4;1;5;1;0;1;1;0.9792;25.0
3;0;5;2;1;0;0;0.9792;25.01
0;3;5;1;1;0;1;0.9792;25.02
1;4;1;1;1;0;1;0.9792;25.03
4;5;5;2;1;1;0;0.9792;25.03
1;3;5;1;1;1;0;0.9792;25.06
3;4;0;0;1;1;1;0.9792;25.06
1;4;1;1;1;1;1;0.9792;25.08
3;4;0;0;1;0;0;0.9792;25.1
5;0;4;1;1;1;0;0.9792;25.11
2;0;4;1;1;1;0;0.9792;25.13
5;2;1;1;1;0;1;0.9792;25.14
0;1;5;1;0;0;0;0.9792;25.15
1;1;4;0;1;1;0;0.9792;25.16
4;1;5;1;0;0;0;0.9792;25.16
2;5;4;1;1;0;0;0.9792;25.18
4;1;0;1;1;0;1;0.9792;25.18
1;4;5;1;1;0;0;0.9792;25.19
0;3;4;0;1;0;0;0.9792;25.2
0;4;5;0;0;0;0;0.9792;25.21
1;2;1;1;1;1;1;0.9792;25.22
5;2;0;0;1;1;1;0.9792;25.22
4;3;0;0;1;1;1;0.9792;25.23
0;2;4;1;0;1;1;0.9792;25.25
5;2;5;1;0;0;1;0.9792;25.26
1;1;5;2;1;0;1;0.9792;25.29
2;5;5;1;1;0;1;0.9792;25.3
2;3;5;2;1;0;0;0.9792;25.32
3;1;1;1;1;0;1;0.9792;25.32
1;1;5;2;1;0;0;0.9792;25.34
1;2;5;1;0;1;1;0.9792;25.34
6;1;1;1;1;1;1;0.9792;25.34
4;2;5;1;1;1;0;0.9792;25.36
5;5;4;1;1;1;1;0.9792;25.36
1;1;5;1;0;0;0;0.9792;25.37
1;5;5;2;1;0;0;0.9792;25.37
5;0;5;2;1;1;0;0.9792;25.38
3;2;4;0;1;0;0;0.9792;25.39
3;5;1;1;1;0;1;0.9792;25.47
3;1;4;0;1;0;0;0.9792;25.49
4;2;0;0;1;0;1;0.9792;25.49
1;1;0;1;1;0;1;0.9792;25.5
0;5;4;1;0;1;1;0.9792;25.52
0;0;5;1;0;0;0;0.9792;25.52
0;5;5;2;1;0;0;0.9792;25.53
2;3;5;1;1;1;0;0.9792;25.54
3;1;0;0;1;0;1;0.9792;25.55
5;5;0;1;1;1;1;0.9792;25.55
0;1;5;0;0;1;0;0.9792;25.57
3;3;0;1;1;1;1;0.9792;25.57
6;2;0;0;1;1;1;0.9792;25.57
3;0;4;0;1;0;1;0.9792;25.6
1;4;0;0;1;0;1;0.9792;25.61
6;2;1;1;1;0;1;0.9792;25.61
3;3;5;1;0;1;0;0.9792;25.62
5;3;4;1;0;1;1;0.9792;25.63
1;3;4;0;1;1;0;0.9792;25.64
2;0;0;1;1;1;1;0.9792;25.65
2;5;4;1;0;1;1;0.9792;25.65
5;4;1;1;1;0;1;0.9792;25.66
0;2;4;1;0;0;1;0.9792;25.67
0;5;5;1;0;0;1;0.9792;25.67
1;2;0;0;1;1;0;0.9792;25.68
1;3;5;1;1;0;1;0.9792;25.68
5;0;1;1;1;1;1;0.9792;25.68
5;5;4;1;0;1;0;0.9792;25.68
3;3;5;2;1;0;0;0.9792;25.7
1;3;5;2;1;0;0;0.9792;25.73
1;5;5;2;1;1;1;0.9792;25.74
5;5;5;0;0;0;0;0.9792;25.77
3;1;5;2;1;0;0;0.9792;25.81
4;4;0;1;1;1;1;0.9792;25.81
5;5;1;1;1;0;1;0.9792;25.81
3;2;0;0;1;0;1;0.9792;25.83
3;3;0;1;1;0;0;0.9792;25.86
5;4;4;1;1;0;1;0.9792;25.87
1;1;1;1;1;0;1;0.9792;25.88
1;0;4;1;1;1;0;0.9792;25.88
6;1;5;1;0;0;0;0.9792;25.88
5;1;5;1;0;0;1;0.9792;25.9
0;0;4;0;1;1;1;0.9792;25.91
1;2;5;1;1;1;0;0.9792;25.91
4;0;5;2;1;0;0;0.9792;25.93
0;2;0;0;1;1;0;0.9792;25.94
4;2;5;2;1;1;1;0.9792;25.94
6;0;0;1;1;1;1;0.9792;25.94
1;1;4;0;1;0;1;0.9792;25.95
3;2;5;2;1;1;0;0.9792;25.95
2;0;4;1;0;1;1;0.9792;25.96
2;4;5;1;1;1;0;0.9792;25.96
0;4;4;1;0;0;1;0.9792;25.97
0;3;5;0;0;0;0;0.9792;25.99
4;4;0;0;1;0;1;0.9792;26.0
0;0;5;2;1;1;0;0.9792;26.02
4;5;4;1;1;1;1;0.9792;26.02
5;0;4;1;0;1;1;0.9792;26.04
1;2;5;2;1;0;0;0.9792;26.05
4;5;4;0;1;1;0;0.9792;26.06
5;5;5;1;1;0;0;0.9792;26.06
2;4;4;1;1;0;1;0.9792;26.07
4;0;5;2;1;0;1;0.9792;26.09
6;1;0;0;1;1;0;0.9792;26.09
1;2;4;1;1;1;1;0.9792;26.1
3;2;4;0;1;1;1;0.9792;26.11
3;0;5;1;1;0;1;0.9792;26.12
5;3;0;1;1;1;1;0.9792;26.14
1;4;4;0;1;0;0;0.9792;26.21
6;1;5;1;0;0;1;0.9792;26.21
0;3;5;1;0;1;1;0.9792;26.22
2;4;5;1;1;0;1;0.9792;26.22
1;5;1;1;1;0;1;0.9792;26.25
5;3;0;0;1;1;0;0.9792;26.25
6;5;0;0;1;0;0;0.9792;26.25
2;1;4;1;0;0;1;0.9792;26.26
1;4;5;1;1;0;1;0.9792;26.27
3;0;5;1;0;1;0;0.9792;26.27
4;5;4;0;1;0;1;0.9792;26.27
1;5;5;1;1;1;1;0.9792;26.28
0;5;5;0;0;0;0;0.9792;26.29
3;2;4;1;1;0;1;0.9792;26.29
0;3;4;0;0;1;0;0.9792;26.33
0;4;4;0;0;1;0;0.9792;26.33
2;3;5;1;1;0;0;0.9792;26.34
5;4;5;1;0;1;1;0.9792;26.34
6;3;4;0;1;1;0;0.9792;26.36
3;0;0;0;1;1;0;0.9792;26.38
3;1;4;1;1;1;0;0.9792;26.39
4;0;0;1;1;1;0;0.9792;26.4
4;2;4;0;1;1;0;0.9792;26.4
0;3;0;0;1;0;1;0.9792;26.44
0;0;4;1;1;1;1;0.9792;26.44
1;5;0;0;1;0;1;0.9792;26.45
3;4;1;1;1;0;1;0.9792;26.45
3;1;4;0;1;1;1;0.9792;26.45
1;3;5;0;0;0;0;0.9792;26.48
3;2;0;1;1;1;0;0.9792;26.48
1;5;5;2;1;1;0;0.9792;26.5
1;3;4;0;1;1;1;0.9792;26.51
6;4;0;0;1;1;0;0.9792;26.52
5;2;4;0;1;0;1;0.9792;26.54
1;3;1;1;1;1;1;0.9792;26.55
6;3;4;1;1;0;1;0.9792;26.56
3;2;4;0;1;1;0;0.9792;26.57
4;5;0;0;1;0;1;0.9792;26.58
6;3;0;1;1;0;1;0.9792;26.6
2;1;5;2;1;1;0;0.9792;26.61
3;0;5;2;1;1;0;0.9792;26.61
3;2;5;2;1;1;1;0.9792;26.63
4;2;5;1;0;0;1;0.9792;26.63
3;3;5;2;1;0;1;0.9792;26.64
5;4;0;0;1;1;1;0.9792;26.64
4;2;5;2;1;0;0;0.9792;26.65
2;4;4;1;0;0;1;0.9792;26.66
3;4;5;1;1;0;1;0.9792;26.66
5;2;0;1;1;1;1;0.9792;26.66
3;2;0;0;1;1;0;0.9792;26.67
5;5;5;1;0;0;1;0.9792;26.68
5;0;4;0;0;0;1;0.9792;26.69
2;4;4;1;1;0;0;0.9792;26.71
5;5;5;1;0;1;1;0.9792;26.71
5;0;4;0;0;0;0;0.9792;26.72
0;5;5;1;0;1;0;0.9792;26.73
1;3;0;0;1;1;0;0.9792;26.74
0;1;4;0;0;0;0;0.9792;26.75
4;3;5;2;1;0;0;0.9792;26.75
6;3;4;0;1;0;0;0.9792;26.75
2;4;5;0;1;1;0;0.9792;26.77
4;1;4;1;1;0;1;0.9792;26.78
4;4;4;1;1;1;1;0.9792;26.8
4;3;5;1;0;1;0;0.9792;26.8
0;4;5;1;0;1;0;0.9792;26.83
4;3;0;0;1;0;1;0.9792;26.83
3;1;0;0;1;1;0;0.9792;26.85
6;4;0;0;1;0;0;0.9792;26.85
6;0;4;1;1;1;0;0.9792;26.85
1;3;5;1;1;0;0;0.9792;26.87
1;5;4;0;1;0;0;0.9792;26.88
3;5;4;0;1;1;0;0.9792;26.88
3;0;5;0;0;1;1;0.9792;26.88
4;2;0;0;1;0;0;0.9792;26.88
4;3;0;0;1;1;0;0.9792;26.88
1;0;4;0;1;1;0;0.9792;26.89
1;0;4;1;1;0;1;0.9792;26.9
2;2;4;0;0;1;0;0.9792;26.91
6;2;0;0;1;0;1;0.9792;26.91
1;0;5;0;0;1;0;0.9792;26.96
3;2;0;1;1;1;1;0.9792;26.96
3;1;4;1;1;0;1;0.9792;26.98
3;2;5;1;1;1;1;0.9792;26.98
4;3;1;1;1;1;1;0.9792;27.0
1;1;0;0;1;1;1;0.9792;27.02
3;0;4;0;1;1;1;0.9792;27.02
3;2;5;1;0;1;1;0.9792;27.02
0;2;0;0;1;0;1;0.9792;27.04
1;1;5;1;0;1;1;0.9792;27.04
3;1;1;1;1;1;0;0.9792;27.04
0;0;4;0;1;0;0;0.9792;27.07
4;2;4;1;1;1;1;0.9792;27.08
3;1;4;0;1;1;0;0.9792;27.09
2;0;4;0;1;0;1;0.9792;27.1
3;2;5;1;0;0;0;0.9792;27.14
4;2;0;0;1;1;1;0.9792;27.14
1;2;4;0;1;0;1;0.9792;27.15
3;4;0;1;1;0;1;0.9792;27.17
4;2;5;1;1;1;1;0.9792;27.17
4;0;5;0;0;0;0;0.9792;27.18
1;0;5;2;1;1;1;0.9792;27.22
3;0;4;0;1;0;0;0.9792;27.22
4;3;4;1;1;1;0;0.9792;27.23
0;4;5;0;0;1;0;0.9792;27.26
4;1;0;0;1;0;0;0.9792;27.27
5;3;4;1;0;0;1;0.9792;27.29
1;4;5;0;0;0;0;0.9792;27.3
2;1;4;0;1;0;0;0.9792;27.31
6;0;0;1;1;0;1;0.9792;27.31
4;5;0;0;1;1;1;0.9792;27.32
0;4;0;0;1;1;1;0.9792;27.33
5;5;4;1;0;0;1;0.9792;27.33
3;0;0;0;1;0;0;0.9792;27.34
0;0;5;0;0;0;0;0.9792;27.36
6;1;0;0;1;1;1;0.9792;27.36
0;1;5;1;0;1;1;0.9792;27.38
3;1;5;0;0;1;1;0.9792;27.38
6;4;5;0;0;1;0;0.9792;27.39
4;1;0;0;1;1;1;0.9792;27.4
3;2;4;1;1;1;0;0.9792;27.41
2;2;4;1;0;0;0;0.9792;27.42
1;5;5;0;0;0;0;0.9792;27.47
4;5;0;0;1;0;0;0.9792;27.49
0;2;5;1;1;1;0;0.9792;27.52
3;2;5;1;0;1;0;0.9792;27.54
1;5;4;1;1;0;1;0.9792;27.55
4;3;4;0;1;1;0;0.9792;27.55
4;0;5;1;0;0;0;0.9792;27.56
4;3;5;2;1;1;1;0.9792;27.56
3;1;5;2;1;1;0;0.9792;27.58
1;3;5;1;0;1;1;0.9792;27.59
4;2;1;1;1;0;1;0.9792;27.6
5;2;5;1;1;1;0;0.9792;27.6
3;4;4;0;1;0;0;0.9792;27.63
2;1;5;1;0;1;0;0.9792;27.66
3;3;4;1;1;0;1;0.9792;27.67
2;3;4;1;1;1;0;0.9792;27.7
4;1;4;0;1;1;0;0.9792;27.71
0;4;4;1;0;1;1;0.9792;27.72
3;3;5;2;1;1;0;0.9792;27.72
0;0;5;1;1;1;0;0.9792;27.73
1;4;5;1;0;0;1;0.9792;27.73
5;5;5;1;0;1;0;0.9792;27.73
1;5;5;1;0;1;1;0.9792;27.74
5;5;0;0;1;1;0;0.9792;27.75
3;1;5;0;0;0;0;0.9792;27.76
2;2;5;2;1;1;1;0.9792;27.77
3;2;1;1;1;0;1;0.9792;27.78
4;1;5;1;1;1;1;0.9792;27.8
4;3;5;1;1;1;0;0.9792;27.8
6;3;4;1;1;1;0;0.9792;27.81
6;5;4;0;1;0;0;0.9792;27.82
5;0;4;1;1;1;1;0.9792;27.83
1;5;5;2;1;0;1;0.9792;27.84
4;3;5;1;0;0;1;0.9792;27.86
4;5;5;1;0;1;0;0.9792;27.86
3;1;5;1;1;1;1;0.9792;27.87
4;0;0;0;1;1;1;0.9792;27.88
0;5;5;1;1;0;1;0.9792;27.9
4;5;5;1;1;0;1;0.9792;27.9
0;2;0;0;1;0;0;0.9792;27.92
2;2;4;1;1;1;1;0.9792;27.94
1;5;4;1;1;1;1;0.9792;27.96
1;0;5;0;0;1;1;0.9792;27.96
3;1;0;1;1;0;1;0.9792;28.01
4;5;5;2;1;0;1;0.9792;28.01
6;1;0;0;1;0;1;0.9792;28.01
0;5;4;0;1;0;1;0.9792;28.04
2;1;5;2;1;0;0;0.9792;28.04
4;1;5;1;1;0;1;0.9792;28.04
4;3;5;1;1;0;1;0.9792;28.04
1;3;0;0;1;0;1;0.9792;28.07
1;2;5;1;0;0;1;0.9792;28.07
0;1;5;0;0;0;1;0.9792;28.08
1;3;5;2;1;1;1;0.9792;28.08
1;5;5;0;0;0;1;0.9792;28.1
3;4;5;2;1;1;1;0.9792;28.1
2;5;5;1;1;1;0;0.9792;28.11
3;1;0;0;1;1;1;0.9792;28.11
5;0;5;1;0;0;0;0.9792;28.11
4;4;5;2;1;0;1;0.9792;28.12
5;3;1;1;1;1;1;0.9792;28.13
3;5;1;1;1;1;1;0.9792;28.14
3;0;0;1;1;0;1;0.9792;28.16
3;2;5;2;1;0;1;0.9792;28.16
5;5;5;2;1;1;1;0.9792;28.16
3;4;1;1;1;1;1;0.9792;28.2
5;3;5;2;1;1;0;0.9792;28.2
2;3;5;0;1;0;0;0.9792;28.22
3;0;4;1;1;1;0;0.9792;28.22
1;2;4;0;1;1;0;0.9792;28.24
3;0;0;1;1;1;1;0.9792;28.26
3;0;0;0;1;0;1;0.9792;28.27
1;2;5;0;0;1;0;0.9792;28.3
5;5;5;1;0;0;0;0.9792;28.32
1;1;5;0;0;1;0;0.9792;28.33
3;3;5;0;0;1;1;0.9792;28.33
0;2;5;0;0;0;0;0.9792;28.34
4;1;5;1;0;1;0;0.9792;28.35
1;1;5;0;0;1;1;0.9792;28.36
2;0;0;0;1;0;1;0.9792;28.38
5;1;4;0;0;0;0;0.9792;28.38
5;2;4;1;0;0;1;0.9792;28.39
6;4;1;1;1;1;1;0.9792;28.4
6;4;5;0;0;0;0;0.9792;28.41
1;5;5;0;0;1;0;0.9792;28.45
3;5;4;1;1;0;0;0.9792;28.45
0;2;5;2;1;0;0;0.9792;28.46
1;2;5;2;1;1;0;0.9792;28.48
0;1;5;1;0;0;1;0.9792;28.5
5;5;4;1;0;1;1;0.9792;28.5
6;1;0;0;1;0;0;0.9792;28.5
2;3;4;1;0;1;1;0.9792;28.54
1;5;4;0;1;1;1;0.9792;28.56
2;0;0;1;1;1;0;0.9792;28.58
1;0;5;1;0;1;0;0.9792;28.59
4;5;4;0;1;1;1;0.9792;28.59
5;1;4;1;0;0;1;0.9792;28.6
5;5;4;0;1;0;0;0.9792;28.62
1;3;5;0;0;1;0;0.9792;28.67
0;0;5;1;1;0;1;0.9792;28.68
1;1;5;0;0;0;0;0.9792;28.69
2;3;4;0;1;1;0;0.9792;28.69
0;2;5;0;0;1;1;0.9792;28.7
0;4;4;0;0;0;0;0.9792;28.72
2;1;5;1;1;0;1;0.9792;28.73
1;0;5;1;1;1;1;0.9792;28.76
3;3;1;1;1;0;1;0.9792;28.79
6;5;4;1;1;0;1;0.9792;28.82
1;4;4;0;1;0;1;0.9792;28.83
5;2;5;0;0;0;0;0.9792;28.84
0;0;4;0;1;0;1;0.9792;28.85
5;3;0;0;1;1;1;0.9792;28.85
2;0;4;1;0;0;0;0.9792;28.86
2;2;5;1;1;0;0;0.9792;28.86
4;1;0;0;1;0;1;0.9792;28.86
5;0;4;1;0;0;1;0.9792;28.87
0;0;5;0;0;0;1;0.9792;28.89
5;4;5;1;1;0;0;0.9792;28.92
1;2;0;0;1;0;1;0.9792;28.93
3;2;5;0;0;0;0;0.9792;28.94
0;2;5;1;0;1;1;0.9792;28.96
3;2;4;1;1;1;1;0.9792;28.96
1;4;5;2;1;0;1;0.9792;28.98
3;4;0;0;1;0;1;0.9792;28.99
6;5;4;1;1;1;0;0.9792;28.99
5;0;0;0;1;0;1;0.9792;29.0
6;0;4;0;1;1;0;0.9792;29.01
5;4;5;2;1;0;1;0.9792;29.02
5;1;5;2;1;0;0;0.9792;29.04
5;0;5;1;0;0;1;0.9792;29.05
6;0;0;0;1;0;1;0.9792;29.05
4;4;0;0;1;1;1;0.9792;29.07
0;5;0;0;1;1;1;0.9792;29.08
5;2;4;1;1;1;1;0.9792;29.09
3;3;5;1;0;0;0;0.9792;29.1
2;3;4;1;0;0;0;0.9792;29.15
4;3;0;1;1;0;1;0.9792;29.15
6;4;4;0;1;1;1;0.9792;29.15
0;0;4;0;0;0;1;0.9792;29.16
2;3;4;1;1;0;1;0.9792;29.16
2;0;5;1;1;1;1;0.9792;29.16
2;4;5;0;0;1;0;0.9792;29.16
0;4;5;1;0;1;1;0.9792;29.25
3;3;5;0;0;0;0;0.9792;29.25
2;2;4;1;1;0;1;0.9792;29.28
4;1;0;0;1;1;0;0.9792;29.29
0;1;5;1;1;0;0;0.9792;29.31
4;5;5;1;0;0;1;0.9792;29.32
4;2;4;0;1;0;1;0.9792;29.33
6;0;5;0;0;0;0;0.9792;29.35
6;2;1;1;1;1;1;0.9792;29.37
3;5;4;0;1;0;0;0.9792;29.4
6;1;5;1;0;1;0;0.9792;29.4
3;0;1;1;1;1;1;0.9792;29.44
4;3;5;2;1;0;1;0.9792;29.48
1;4;5;0;0;0;1;0.9792;29.49
2;1;5;0;0;1;1;0.9792;29.49
2;0;0;1;1;0;0;0.9792;29.5
4;4;5;0;0;1;0;0.9792;29.51
1;4;5;1;0;1;1;0.9792;29.54
4;5;5;0;0;1;1;0.9792;29.55
2;0;4;1;0;1;0;0.9792;29.56
4;0;5;1;0;1;0;0.9792;29.58
3;4;5;1;1;1;1;0.9792;29.59
4;3;5;1;0;0;0;0.9792;29.59
2;1;5;1;1;1;1;0.9792;29.6
3;0;5;2;1;1;1;0.9792;29.62
3;1;5;1;0;0;1;0.9792;29.63
4;0;4;0;1;1;1;0.9792;29.63
4;4;5;1;1;1;1;0.9792;29.63
5;2;4;0;1;0;0;0.9792;29.64
2;4;4;1;0;0;0;0.9792;29.65
2;0;5;2;1;1;0;0.9792;29.66
6;4;5;1;0;0;0;0.9792;29.66
0;3;5;2;1;1;1;0.9792;29.67
0;5;5;1;1;0;0;0.9792;29.74
5;3;5;1;0;1;0;0.9792;29.74
5;4;5;1;0;0;0;0.9792;29.74
2;4;5;1;1;1;1;0.9792;29.76
3;4;5;0;0;0;1;0.9792;29.77
6;4;5;1;0;1;1;0.9792;29.77
4;3;4;0;1;1;1;0.9792;29.78
6;2;5;1;0;0;0;0.9792;29.78
3;4;4;0;1;1;1;0.9792;29.8
2;0;4;0;1;0;0;0.9792;29.81
1;2;5;1;1;0;1;0.9792;29.83
3;4;5;1;0;0;1;0.9792;29.84
2;4;4;1;1;1;0;0.9792;29.88
4;2;5;0;0;0;0;0.9792;29.88
6;4;1;1;1;0;1;0.9792;29.88
5;1;5;1;0;1;1;0.9792;29.92
1;5;0;0;1;1;1;0.9792;29.95
3;3;5;1;1;1;1;0.9792;29.96
2;3;4;1;0;0;1;0.9792;29.97
4;4;5;0;0;0;0;0.9792;29.97
0;4;5;0;1;0;1;0.9792;29.99
3;1;5;0;0;1;0;0.9792;30.07
2;1;5;2;1;1;1;0.9792;30.08
6;5;4;0;1;1;0;0.9792;30.13
5;2;4;0;1;1;0;0.9792;30.19
6;4;1;1;1;1;0;0.9792;30.19
3;2;5;0;0;1;0;0.9792;30.2
3;4;5;0;0;1;0;0.9792;30.22
6;5;5;1;0;0;0;0.9792;30.22
0;1;4;0;0;1;0;0.9792;30.23
2;1;5;0;1;1;0;0.9792;30.24
2;2;5;1;1;1;1;0.9792;30.24
3;4;0;1;1;1;1;0.9792;30.25
1;1;5;2;1;1;1;0.9792;30.26
2;0;0;0;1;1;0;0.9792;30.26
2;2;5;0;1;0;0;0.9792;30.33
5;3;4;0;0;0;1;0.9792;30.36
4;4;5;1;0;0;0;0.9792;30.38
3;0;5;0;0;0;1;0.9792;30.39
6;4;5;1;0;0;1;0.9792;30.4
4;1;5;0;0;0;1;0.9792;30.41
4;3;5;0;0;0;0;0.9792;30.41
0;5;5;1;0;1;1;0.9792;30.43
1;3;5;1;0;0;1;0.9792;30.43
4;4;5;1;0;0;1;0.9792;30.43
0;5;5;0;0;0;1;0.9792;30.44
2;5;4;0;1;0;0;0.9792;30.45
2;2;5;0;0;0;0;0.9792;30.47
2;4;5;1;1;0;0;0.9792;30.47
4;0;5;1;0;1;1;0.9792;30.5
0;1;4;0;0;0;1;0.9792;30.51
2;1;5;1;0;1;1;0.9792;30.51
0;3;5;0;0;0;1;0.9792;30.52
2;0;5;1;0;0;0;0.9792;30.52
2;0;4;1;1;0;0;0.9792;30.58
2;2;5;1;1;1;0;0.9792;30.59
5;0;4;0;0;1;1;0.9792;30.6
4;4;4;0;1;1;1;0.9792;30.61
3;0;5;0;0;1;0;0.9792;30.71
5;0;5;1;1;1;0;0.9792;30.75
2;2;5;1;0;0;1;0.9792;30.8
0;2;5;2;1;0;1;0.9792;30.84
4;5;5;1;0;0;0;0.9792;30.84
4;2;5;1;0;1;0;0.9792;30.86
1;2;5;2;1;1;1;0.9792;30.89
0;2;5;0;0;0;1;0.9792;30.9
3;5;5;0;0;0;0;0.9792;30.91
2;2;4;1;0;1;1;0.9792;30.92
2;1;4;1;1;1;0;0.9792;30.93
3;5;4;0;1;0;1;0.9792;30.94
0;5;4;0;0;1;1;0.9792;30.96
1;0;5;0;0;0;0;0.9792;30.96
3;0;4;1;1;1;1;0.9792;30.97
4;1;4;1;1;1;1;0.9792;30.99
6;0;5;1;0;1;0;0.9792;30.99
5;5;4;0;1;0;1;0.9792;31.0
4;4;5;1;1;0;1;0.9792;31.01
5;3;5;2;1;0;0;0.9792;31.01
2;0;5;1;1;1;0;0.9792;31.03
0;0;5;1;0;1;1;0.9792;31.07
3;1;4;1;1;1;1;0.9792;31.07
4;1;4;0;1;0;1;0.9792;31.07
6;5;5;1;0;0;1;0.9792;31.12
4;0;5;1;0;0;1;0.9792;31.15
0;2;4;0;0;0;0;0.9792;31.19
1;5;4;0;1;0;1;0.9792;31.26
2;3;5;2;1;0;1;0.9792;31.26
0;5;5;0;0;1;0;0.9792;31.27
0;3;5;1;1;1;1;0.9792;31.28
2;1;5;1;1;0;0;0.9792;31.3
2;3;5;0;1;1;1;0.9792;31.36
0;4;4;0;0;1;1;0.9792;31.37
2;5;4;0;1;1;1;0.9792;31.38
0;0;5;1;1;1;1;0.9792;31.41
2;4;5;1;0;1;1;0.9792;31.41
2;4;4;1;1;1;1;0.9792;31.42
2;3;4;0;1;0;0;0.9792;31.43
0;0;4;0;0;0;0;0.9792;31.49
3;5;0;0;1;1;1;0.9792;31.5
6;1;5;1;0;1;1;0.9792;31.5
5;5;4;0;1;1;1;0.9792;31.51
2;2;5;0;0;1;0;0.9792;31.53
4;4;4;0;1;0;1;0.9792;31.55
5;3;5;1;1;0;0;0.9792;31.57
2;3;4;0;1;0;1;0.9792;31.64
3;2;4;0;1;0;1;0.9792;31.64
0;3;5;1;1;1;0;0.9792;31.67
4;4;5;1;0;1;0;0.9792;31.67
1;3;5;0;0;0;1;0.9792;31.68
2;0;5;0;0;0;0;0.9792;31.68
4;3;5;0;0;1;1;0.9792;31.7
6;4;5;1;0;1;0;0.9792;31.7
0;0;4;0;0;1;1;0.9792;31.71
6;4;5;0;0;1;1;0.9792;31.72
6;3;5;1;0;0;1;0.9792;31.73
0;0;5;1;1;0;0;0.9792;31.74
6;3;4;0;1;1;1;0.9792;31.75
3;1;5;1;0;1;1;0.9792;31.77
2;3;4;1;1;1;1;0.9792;31.82
2;4;5;2;1;1;1;0.9792;31.88
5;4;5;2;1;0;0;0.9792;31.91
2;5;4;1;1;0;1;0.9792;31.94
1;4;5;0;0;1;1;0.9792;31.97
3;5;5;1;0;0;1;0.9792;31.97
4;5;5;1;0;1;1;0.9792;31.97
2;5;5;1;1;0;0;0.9792;32.04
0;2;4;0;0;0;1;0.9792;32.08
2;5;4;1;1;1;0;0.9792;32.08
2;1;4;1;0;1;1;0.9792;32.13
0;1;5;1;1;0;1;0.9792;32.15
4;0;0;0;1;0;1;0.9792;32.17
4;1;5;1;0;0;1;0.9792;32.17
2;1;4;0;1;1;1;0.9792;32.25
6;5;0;0;1;1;1;0.9792;32.25
6;1;5;0;0;0;0;0.9792;32.27
2;2;4;0;1;1;1;0.9792;32.29
4;5;5;0;0;1;0;0.9792;32.31
1;2;5;0;0;1;1;0.9792;32.33
6;5;0;1;0;1;1;0.9792;32.33
0;4;5;2;1;0;0;0.9792;32.37
0;1;5;1;1;1;1;0.9792;32.38
3;2;5;1;0;0;1;0.9792;32.4
2;2;4;0;1;1;0;0.9792;32.41
0;5;4;0;0;1;0;0.9792;32.42
5;1;4;0;0;1;1;0.9792;32.42
6;5;5;1;0;1;1;0.9792;32.42
5;2;5;0;0;1;1;0.9792;32.52
6;1;4;0;1;1;1;0.9792;32.54
2;0;4;1;0;0;1;0.9792;32.55
0;2;5;0;1;1;0;0.9792;32.56
2;1;4;0;1;0;1;0.9792;32.56
1;1;4;0;1;1;1;0.9792;32.57
2;1;4;0;0;1;0;0.9792;32.57
3;0;0;0;1;1;1;0.9792;32.61
5;0;5;1;0;1;1;0.9792;32.63
5;2;5;1;1;0;0;0.9792;32.67
6;0;5;0;0;0;1;0.9792;32.69
2;3;4;0;1;1;1;0.9792;32.71
2;2;5;1;0;1;0;0.9792;32.74
5;5;0;0;1;1;1;0.9792;32.78
0;2;5;2;1;1;0;0.9792;32.81
1;1;5;0;0;0;1;0.9792;32.81
0;5;4;0;0;0;0;0.9792;32.85
6;0;5;0;0;1;1;0.9792;32.86
2;3;5;1;0;1;0;0.9792;32.87
5;5;4;0;0;1;0;0.9792;32.98
2;0;4;0;0;0;0;0.9792;32.99
2;2;4;1;0;0;1;0.9792;33.0
3;3;5;0;0;0;1;0.9792;33.0
4;4;5;1;0;1;1;0.9792;33.04
1;2;5;0;0;0;1;0.9792;33.06
6;0;4;1;1;1;1;0.9792;33.07
0;0;5;0;1;1;0;0.9792;33.08
3;4;5;1;0;1;1;0.9792;33.08
2;5;5;0;1;0;1;0.9792;33.13
2;4;4;0;0;0;0;0.9792;33.14
2;4;5;2;1;0;1;0.9792;33.15
1;0;5;1;0;1;1;0.9792;33.16
5;1;4;0;0;1;0;0.9792;33.19
3;2;0;0;1;1;1;0.9792;33.2
0;0;5;2;1;1;1;0.9792;33.21
2;4;5;2;1;0;0;0.9792;33.21
2;5;5;1;1;1;1;0.9792;33.23
6;0;5;1;0;0;1;0.9792;33.23
0;0;5;2;1;0;1;0.9792;33.27
0;4;5;0;0;1;1;0.9792;33.33
2;3;4;0;0;1;1;0.9792;33.35
4;0;0;1;1;1;1;0.9792;33.4
2;1;4;0;0;0;0;0.9792;33.41
2;0;5;1;0;1;1;0.9792;33.41
6;3;5;0;0;0;0;0.9792;33.41
4;0;5;0;0;1;0;0.9792;33.42
6;5;4;0;1;1;1;0.9792;33.42
2;2;4;0;1;0;0;0.9792;33.43
5;5;0;0;1;0;1;0.9792;33.43
2;3;4;0;0;0;0;0.9792;33.44
4;2;4;0;1;1;1;0.9792;33.45
0;4;5;0;1;1;0;0.9792;33.47
0;2;5;0;1;0;0;0.9792;33.49
6;0;5;1;0;1;1;0.9792;33.5
0;2;4;0;0;1;1;0.9792;33.53
2;0;4;1;1;1;1;0.9792;33.53
4;2;5;0;0;0;1;0.9792;33.54
3;5;5;0;0;0;1;0.9792;33.56
6;1;4;0;1;0;1;0.9792;33.57
2;5;4;0;1;1;0;0.9792;33.62
2;0;5;1;1;0;1;0.9792;33.62
3;0;5;1;0;1;1;0.9792;33.67
3;4;5;0;0;1;1;0.9792;33.69
2;1;5;0;0;0;0;0.9792;33.71
0;5;5;2;1;1;0;0.9792;33.73
5;2;4;0;1;1;1;0.9792;33.73
2;2;5;0;0;1;1;0.9792;33.75
2;4;4;0;1;0;0;0.9792;33.76
6;3;5;1;0;1;0;0.9792;33.77
3;4;5;1;0;0;0;0.9792;33.83
0;3;5;0;0;1;1;0.9792;33.86
5;2;5;0;0;0;1;0.9792;33.87
3;4;5;0;0;0;0;0.9792;33.88
5;5;4;0;0;1;1;0.9792;33.9
2;2;4;0;1;0;1;0.9792;33.97
0;3;4;0;0;0;0;0.9792;33.98
2;1;5;0;0;0;1;0.9792;33.98
0;1;5;2;1;0;0;0.9792;33.99
2;3;5;0;0;1;1;0.9792;33.99
3;4;4;0;1;0;1;0.9792;34.04
2;4;5;0;1;0;0;0.9792;34.09
4;3;5;0;0;1;0;0.9792;34.09
5;3;0;0;0;0;1;0.9792;34.09
0;5;4;0;0;0;1;0.9792;34.11
2;3;5;1;0;0;1;0.9792;34.11
5;4;4;0;0;0;1;0.9792;34.14
2;3;5;2;1;1;1;0.9792;34.15
5;2;5;1;1;1;1;0.9792;34.15
5;3;5;1;1;0;1;0.9792;34.16
0;4;5;1;1;1;1;0.9792;34.17
2;0;4;1;1;0;1;0.9792;34.2
6;2;5;1;0;0;1;0.9792;34.21
5;0;5;2;1;0;1;0.9792;34.27
2;4;4;0;0;1;0;0.9792;34.28
2;5;4;0;1;0;1;0.9792;34.34
5;1;5;1;1;1;0;0.9792;34.34
2;0;0;1;1;0;1;0.9792;34.37
0;5;5;2;1;1;1;0.9792;34.39
2;5;5;1;0;1;0;0.9792;34.4
2;5;4;0;0;1;0;0.9792;34.44
2;1;5;1;0;0;0;0.9792;34.44
6;0;5;0;0;1;0;0.9792;34.47
2;0;5;0;0;0;1;0.9792;34.48
3;1;5;0;0;0;1;0.9792;34.49
2;1;4;0;0;0;1;0.9792;34.62
2;4;4;0;1;1;0;0.9792;34.66
5;4;5;1;1;1;1;0.9792;34.68
0;5;5;1;1;1;1;0.9792;34.76
2;2;5;2;1;0;1;0.9792;34.79
2;0;5;0;0;1;0;0.9792;34.81
4;1;5;0;0;1;1;0.9792;34.83
5;2;5;2;1;0;0;0.9792;34.84
4;1;5;0;0;1;0;0.9792;34.86
6;5;5;0;0;0;0;0.9792;34.86
6;3;5;1;0;1;1;0.9792;34.91
0;4;4;0;0;0;1;0.9792;34.92
5;1;5;1;1;0;1;0.9792;34.92
0;5;5;1;1;1;0;0.9792;34.94
2;0;5;2;1;0;1;0.9792;34.95
2;1;5;1;1;1;0;0.9792;34.98
2;5;5;1;0;0;0;0.9792;35.02
3;3;5;0;0;1;0;0.9792;35.02
2;2;5;1;0;1;1;0.9792;35.04
5;1;5;1;1;0;0;0.9792;35.05
2;3;5;0;0;0;1;0.9792;35.08
5;2;5;2;1;1;1;0.9792;35.1
6;4;5;0;0;0;1;0.9792;35.12
0;4;5;1;1;0;1;0.9792;35.14
1;0;5;0;0;0;1;0.9792;35.14
3;2;5;0;0;1;1;0.9792;35.18
5;1;5;0;1;0;0;0.9792;35.19
5;4;5;1;1;1;0;0.9792;35.19
2;4;5;1;0;1;0;0.9792;35.21
5;4;4;0;0;0;0;0.9792;35.22
5;1;5;2;1;0;1;0.9792;35.22
6;2;5;1;0;1;1;0.9792;35.22
5;2;5;1;1;0;1;0.9792;35.31
2;2;5;2;1;1;0;0.9792;35.32
0;2;5;2;1;1;1;0.9792;35.33
2;1;5;1;0;0;1;0.9792;35.33
5;5;4;0;0;0;0;0.9792;35.34
5;2;4;0;0;0;0;0.9792;35.36
5;5;5;2;1;0;1;0.9792;35.39
6;1;5;0;0;1;0;0.9792;35.48
6;2;5;1;0;1;0;0.9792;35.49
0;4;5;2;1;1;1;0.9792;35.52
0;3;5;0;1;1;1;0.9792;35.54
3;3;4;0;1;0;1;0.9792;35.56
6;2;5;0;0;1;0;0.9792;35.57
2;4;5;1;0;0;0;0.9792;35.59
2;4;5;1;0;0;1;0.9792;35.61
3;5;4;0;1;1;1;0.9792;35.63
2;5;5;0;1;1;0;0.9792;35.64
2;5;5;2;1;0;0;0.9792;35.65
5;2;4;0;0;1;0;0.9792;35.66
6;2;5;0;0;1;1;0.9792;35.69
0;3;4;0;0;1;1;0.9792;35.71
2;1;5;0;0;1;0;0.9792;35.72
5;1;5;2;1;1;0;0.9792;35.74
0;3;5;0;1;1;0;0.9792;35.75
2;0;5;1;0;0;1;0.9792;35.76
0;2;5;0;1;0;1;0.9792;35.79
5;3;5;1;1;1;0;0.9792;35.79
0;4;5;1;1;1;0;0.9792;35.8
6;3;5;0;0;1;1;0.9792;35.83
6;2;5;0;0;0;0;0.9792;35.89
2;5;4;0;0;0;1;0.9792;35.9
2;3;5;2;1;1;0;0.9792;35.91
5;3;5;1;1;1;1;0.9792;35.92
5;4;5;1;1;0;1;0.9792;35.92
5;4;5;2;1;1;0;0.9792;35.94
5;2;4;0;0;0;1;0.9792;35.98
2;5;5;2;1;1;1;0.9792;36.0
2;1;4;1;1;1;1;0.9792;36.03
2;0;5;1;0;1;0;0.9792;36.03
4;4;5;0;0;1;1;0.9792;36.03
5;5;5;1;1;0;1;0.9792;36.04
5;3;5;2;1;0;1;0.9792;36.07
6;3;5;0;0;1;0;0.9792;36.12
2;4;5;0;0;0;0;0.9792;36.17
0;1;5;2;1;1;0;0.9792;36.24
6;1;5;0;0;1;1;0.9792;36.24
5;0;5;1;1;0;1;0.9792;36.29
2;4;4;0;1;0;1;0.9792;36.3
2;4;5;2;1;1;0;0.9792;36.32
0;5;5;0;1;0;1;0.9792;36.42
2;5;4;1;1;1;1;0.9792;36.43
4;4;5;0;0;0;1;0.9792;36.49
0;4;5;0;1;0;0;0.9792;36.54
2;2;4;0;0;1;1;0.9792;36.54
4;5;5;0;0;0;1;0.9792;36.62
2;5;5;1;0;1;1;0.9792;36.8
5;4;4;0;0;1;0;0.9792;36.84
4;3;5;0;0;0;1;0.9792;36.87
0;0;4;0;0;1;0;0.9792;36.88
0;1;5;2;1;1;1;0.9792;36.9
6;5;5;0;1;0;0;0.9792;36.92
2;4;5;0;1;1;1;0.9792;36.97
2;3;5;1;1;0;1;0.9792;37.02
5;0;4;0;0;1;0;0.9792;37.08
6;3;5;0;0;0;1;0.9792;37.1
1;3;5;0;0;1;1;0.9792;37.11
6;5;5;0;0;1;0;0.9792;37.14
6;1;5;0;0;0;1;0.9792;37.3
2;2;5;1;1;0;1;0.9792;37.32
2;5;5;2;1;1;0;0.9792;37.32
2;2;4;0;0;0;0;0.9792;37.4
5;3;5;0;1;0;0;0.9792;37.42
6;2;5;0;0;0;1;0.9792;37.43
4;2;5;0;0;1;1;0.9792;37.45
6;5;5;0;0;1;1;0.9792;37.49
1;5;5;0;0;1;1;0.9792;37.6
2;1;5;2;1;0;1;0.9792;37.6
5;3;4;0;0;1;0;0.9792;37.61
5;3;5;2;1;1;1;0.9792;37.61
0;1;5;0;1;0;0;0.9792;37.67
5;0;5;0;1;0;1;0.9792;37.72
5;2;5;2;1;0;1;0.9792;37.72
0;2;5;1;1;0;1;0.9792;37.73
3;2;5;0;0;0;1;0.9792;37.73
2;2;5;0;1;1;1;0.9792;37.74
6;5;5;0;1;0;1;0.9792;37.78
2;0;0;0;1;1;1;0.9792;37.82
0;3;5;2;1;0;0;0.9792;37.84
2;1;5;0;1;0;1;0.9792;37.94
2;5;5;0;0;1;0;0.9792;37.97
5;0;5;1;1;0;0;0.9792;37.99
2;3;5;1;0;0;0;0.9792;38.0
5;1;5;2;1;1;1;0.9792;38.03
2;5;5;0;0;0;0;0.9792;38.09
0;1;5;2;1;0;1;0.9792;38.12
2;5;4;0;0;0;0;0.9792;38.13
2;3;5;0;0;0;0;0.9792;38.14
2;3;5;0;1;1;0;0.9792;38.14
2;0;4;0;1;1;0;0.9792;38.27
5;5;5;2;1;1;0;0.9792;38.27
5;1;4;0;0;0;1;0.9792;38.32
2;2;4;0;0;0;1;0.9792;38.38
0;2;5;1;1;1;1;0.9792;38.4
2;4;4;0;1;1;1;0.9792;38.55
6;3;5;1;0;0;0;0.9792;38.59
0;1;4;0;0;1;1;0.9792;38.73
0;4;5;2;1;0;1;0.9792;38.73
5;0;5;1;1;1;1;0.9792;38.84
5;0;5;2;1;1;1;0.9792;38.88
6;5;5;0;1;1;0;0.9792;38.88
0;5;5;2;1;0;1;0.9792;38.91
5;0;5;0;1;0;0;0.9792;38.92
5;5;5;1;1;1;0;0.9792;38.93
4;0;5;0;0;0;1;0.9792;38.99
6;2;5;0;1;0;0;0.9792;39.01
0;1;5;0;1;1;0;0.9792;39.02
0;0;5;0;1;0;1;0.9792;39.08
2;1;4;0;0;1;1;0.9792;39.33
0;0;5;0;1;0;0;0.9792;39.38
2;5;5;1;0;0;1;0.9792;39.41
5;2;5;2;1;1;0;0.9792;39.51
4;0;5;0;0;1;1;0.9792;39.54
5;5;4;0;0;0;1;0.9792;39.66
3;5;5;0;0;1;1;0.9792;39.67
5;5;5;1;1;1;1;0.9792;39.72
5;2;4;0;0;1;1;0.9792;39.82
2;0;4;0;0;1;0;0.9792;39.83
2;3;5;1;0;1;1;0.9792;39.84
2;3;5;1;1;1;1;0.9792;39.89
5;5;0;0;1;0;0;0.9792;40.25
0;5;5;0;1;0;0;0.9792;40.32
2;3;5;0;1;0;1;0.9792;40.42
2;3;4;0;0;0;1;0.9792;40.44
0;3;5;2;1;0;1;0.9792;40.56
6;2;5;0;1;1;0;0.9792;40.59
2;2;5;0;0;0;1;0.9792;40.75
5;1;5;0;1;1;0;0.9792;40.78
0;1;5;0;1;0;1;0.9792;41.11
2;5;4;0;0;1;1;0.9792;41.19
6;4;4;1;1;1;1;0.9792;41.23
2;1;5;0;1;0;0;0.9792;41.36
2;0;4;0;0;1;1;0.9792;41.38
2;3;5;0;0;1;0;0.9792;41.63
2;2;5;0;1;1;0;0.9792;41.67
5;3;5;0;1;1;1;0.9792;41.68
5;3;4;0;0;1;1;0.9792;41.79
5;0;5;0;1;1;0;0.9792;41.81
2;4;5;0;0;0;1;0.9792;42.3
6;3;4;1;1;1;1;0.9792;42.32
2;0;5;0;1;1;0;0.9792;42.37
5;5;5;0;1;1;0;0.9792;42.51
0;5;5;0;1;1;0;0.9792;42.56
2;4;5;0;0;1;1;0.9792;42.57
2;0;4;0;0;0;1;0.9792;42.67
5;2;5;0;1;1;0;0.9792;42.68
0;3;5;0;1;0;1;0.9792;42.69
2;5;5;0;1;1;1;0.9792;42.94
0;3;5;0;1;0;0;0.9792;42.96
2;0;5;0;1;0;0;0.9792;43.03
2;5;5;0;0;1;1;0.9792;43.09
6;5;5;0;1;1;1;0.9792;43.16
0;5;5;0;1;1;1;0.9792;43.23
2;0;4;0;1;1;1;0.9792;43.28
2;5;5;0;0;0;1;0.9792;43.43
5;4;5;0;1;0;0;0.9792;43.48
3;3;4;1;1;1;0;0.9792;43.66
2;0;5;0;0;1;1;0.9792;43.7
0;0;5;0;1;1;1;0.9792;43.72
6;5;5;0;0;0;1;0.9792;43.79
5;1;5;0;1;1;1;0.9792;43.85
5;2;5;0;1;0;1;0.9792;44.16
6;2;5;0;1;0;1;0.9792;44.2
1;1;4;0;1;0;0;0.9792;44.5
5;2;5;0;1;0;0;0.9792;44.57
5;1;5;1;1;1;1;0.9792;44.62
2;5;5;0;1;0;0;0.9792;44.85
0;4;5;0;1;1;1;0.9792;45.17
2;1;5;0;1;1;1;0.9792;45.52
5;2;5;0;1;1;1;0.9792;45.61
2;2;5;0;1;0;1;0.9792;45.74
5;1;5;0;1;0;1;0.9792;45.79
2;4;4;0;0;1;1;0.9792;45.89
6;0;5;1;0;0;0;0.9792;46.1
2;0;5;0;1;0;1;0.9792;46.37
5;5;5;0;1;0;0;0.9792;47.35
6;2;5;0;1;1;1;0.9792;47.37
5;4;5;0;1;0;1;0.9792;47.52
5;5;5;0;1;0;1;0.9792;47.68
5;4;5;0;1;1;1;0.9792;47.72
0;2;5;0;1;1;1;0.9792;47.82
5;0;5;0;1;1;1;0.9792;48.28
2;4;4;0;0;0;1;0.9792;49.06
5;3;5;0;1;0;1;0.9792;49.22
2;0;5;0;1;1;1;0.9792;49.24
2;4;5;0;1;0;1;0.9792;49.65
5;4;5;0;1;1;0;0.9792;50.65
5;3;5;0;1;1;0;0.9792;51.12
0;1;5;0;1;1;1;0.9792;51.26
0;3;5;2;1;1;0;0.9792;53.54
5;5;5;0;1;1;1;0.9792;54.78
2;3;4;0;0;1;0;0.9792;56.29
3;0;0;2;0;1;0;0.9737;8.57
5;0;0;2;0;0;0;0.9737;9.77
3;5;0;2;0;1;0;0.9737;10.57
3;3;0;2;0;1;0;0.9737;11.42
4;3;0;2;0;1;0;0.9737;11.78
4;5;0;2;0;0;0;0.9737;11.9
5;3;0;2;0;0;0;0.9737;12.47
4;4;0;2;0;0;0;0.9737;12.63
4;1;0;2;0;1;1;0.9737;12.68
5;3;0;2;0;1;0;0.9737;12.96
4;5;0;2;0;1;1;0.9737;13.26
3;0;0;2;0;0;1;0.9737;13.35
3;4;0;2;0;0;0;0.9737;13.35
5;2;0;2;0;1;0;0.9737;13.49
5;0;0;2;0;0;1;0.9737;13.55
3;0;0;2;0;1;1;0.9737;13.56
5;1;0;2;0;1;0;0.9737;13.69
3;2;0;2;0;1;0;0.9737;14.08
3;2;0;2;0;0;0;0.9737;14.13
5;4;0;2;0;0;1;0.9737;14.16
4;2;0;2;0;0;0;0.9737;14.23
5;4;0;2;0;0;0;0.9737;14.25
5;2;0;2;0;0;1;0.9737;14.33
4;5;0;2;0;1;0;0.9737;14.34
5;3;0;2;0;0;1;0.9737;14.45
4;5;0;2;0;0;1;0.9737;14.65
3;1;0;2;0;0;0;0.9737;14.7
4;3;0;2;0;0;0;0.9737;14.82
3;5;0;2;0;0;0;0.9737;14.83
4;2;0;2;0;1;1;0.9737;14.92
3;1;0;2;0;1;0;0.9737;14.93
5;1;0;2;0;0;0;0.9737;15.25
4;0;0;2;0;1;0;0.9737;15.26
5;2;0;2;0;0;0;0.9737;15.36
4;1;0;2;0;0;0;0.9737;15.53
3;0;0;2;0;0;0;0.9737;15.57
3;3;0;2;0;0;0;0.9737;15.58
4;3;0;2;0;0;1;0.9737;15.67
5;1;0;2;0;1;1;0.9737;15.7
3;4;0;2;0;1;0;0.9737;15.78
4;2;0;2;0;1;0;0.9737;15.84
1;1;0;2;1;1;0;0.9737;16.09
5;4;0;2;0;1;0;0.9737;16.21
4;1;0;2;0;1;0;0.9737;16.34
4;4;0;2;0;1;0;0.9737;16.5
1;2;0;2;1;1;0;0.9737;16.56
1;1;0;2;1;0;0;0.9737;16.63
3;3;0;2;0;1;1;0.9737;16.72
3;5;0;2;0;1;1;0.9737;16.83
5;0;0;2;1;0;0;0.9737;16.87
3;3;0;2;0;0;1;0.9737;17.95
4;0;0;2;0;1;1;0.9737;18.01
3;4;0;2;0;0;1;0.9737;18.03
5;5;0;2;0;0;0;0.9737;18.12
4;1;0;2;0;0;1;0.9737;18.3
5;5;0;2;0;1;0;0.9737;18.32
5;4;0;2;0;1;1;0.9737;18.53
5;3;4;2;1;1;0;0.9737;18.63
3;1;0;2;0;0;1;0.9737;18.75
5;0;0;2;0;1;0;0.9737;18.77
6;4;0;2;1;1;0;0.9737;18.78
1;2;0;2;1;0;1;0.9737;18.81
0;0;0;2;1;0;0;0.9737;18.91
4;3;0;2;0;1;1;0.9737;18.93
4;4;0;2;0;0;1;0.9737;19.09
0;3;4;2;1;1;0;0.9737;19.13
0;0;0;2;1;1;1;0.9737;19.15
3;5;0;2;0;0;1;0.9737;19.54
4;0;0;2;0;0;0;0.9737;19.57
0;1;0;2;1;0;0;0.9737;19.75
0;0;5;2;0;0;0;0.9737;19.77
3;4;0;2;0;1;1;0.9737;19.87
3;5;0;2;1;1;0;0.9737;19.87
0;1;0;2;1;0;1;0.9737;20.08
3;0;4;2;0;1;1;0.9737;20.15
3;1;0;2;0;1;1;0.9737;20.21
3;2;0;2;0;0;1;0.9737;20.48
5;2;0;2;0;1;1;0.9737;20.56
3;1;4;2;1;0;0;0.9737;20.6
3;2;0;2;0;1;1;0.9737;20.61
4;0;0;2;0;0;1;0.9737;20.67
1;2;0;2;1;1;1;0.9737;20.79
6;1;0;2;1;0;0;0.9737;20.83
1;5;0;2;1;1;0;0.9737;20.88
1;0;4;2;1;0;1;0.9737;20.89
4;0;4;2;1;0;0;0.9737;20.9
6;1;4;2;1;0;1;0.9737;20.91
5;5;0;2;1;1;1;0.9737;21.04
5;3;0;2;0;1;1;0.9737;21.05
4;4;0;2;0;1;1;0.9737;21.14
0;4;0;2;1;0;1;0.9737;21.22
4;1;0;2;1;1;0;0.9737;21.26
6;1;0;2;1;0;1;0.9737;21.28
1;2;4;2;1;1;1;0.9737;21.31
1;2;0;2;1;0;0;0.9737;21.36
5;4;0;2;1;0;1;0.9737;21.52
0;0;4;2;1;1;1;0.9737;21.54
4;2;0;2;0;0;1;0.9737;21.54
6;3;0;2;1;0;1;0.9737;21.55
5;1;0;2;0;0;1;0.9737;21.57
1;3;4;2;1;1;0;0.9737;21.78
3;2;4;2;0;0;0;0.9737;21.78
3;4;4;2;1;0;0;0.9737;21.82
0;0;4;2;1;0;0;0.9737;21.85
5;0;0;2;0;1;1;0.9737;21.87
0;0;0;2;1;1;0;0.9737;21.95
3;2;0;2;1;1;1;0.9737;22.04
1;0;0;2;1;0;1;0.9737;22.19
5;5;0;2;0;1;1;0.9737;22.23
4;1;4;2;1;0;0;0.9737;22.26
5;5;0;2;0;0;1;0.9737;22.34
5;4;4;2;1;1;0;0.9737;22.38
3;3;4;2;0;0;0;0.9737;22.5
4;0;0;2;1;1;0;0.9737;22.63
0;3;4;2;1;0;1;0.9737;22.81
1;0;0;2;1;0;0;0.9737;22.98
3;3;4;2;0;1;0;0.9737;22.98
5;1;0;2;1;0;1;0.9737;23.04
4;0;0;2;1;0;0;0.9737;23.06
1;4;4;2;1;0;0;0.9737;23.07
6;1;5;2;0;1;0;0.9737;23.08
4;2;0;2;1;1;1;0.9737;23.1
3;5;4;2;0;1;0;0.9737;23.11
0;4;0;2;1;1;0;0.9737;23.15
3;2;5;2;0;0;0;0.9737;23.16
3;5;4;2;0;0;0;0.9737;23.21
1;3;0;2;1;0;1;0.9737;23.25
4;4;0;2;1;1;0;0.9737;23.28
5;4;4;2;1;0;1;0.9737;23.35
3;1;0;2;1;0;0;0.9737;23.37
5;4;0;2;1;1;0;0.9737;23.45
0;4;4;2;1;1;0;0.9737;23.48
4;0;0;2;1;0;1;0.9737;23.6
5;5;5;2;0;0;0;0.9737;23.6
6;4;0;2;1;0;1;0.9737;23.61
4;3;4;2;1;1;1;0.9737;23.7
6;0;4;2;1;0;0;0.9737;23.8
6;0;0;2;1;0;0;0.9737;23.82
0;1;4;2;1;0;1;0.9737;23.84
3;4;0;2;1;1;0;0.9737;23.85
0;0;4;2;1;1;0;0.9737;23.89
3;5;4;2;0;0;1;0.9737;23.96
1;4;4;2;1;1;1;0.9737;24.07
5;1;0;2;1;0;0;0.9737;24.11
0;4;4;2;1;0;0;0.9737;24.14
3;0;4;2;0;0;0;0.9737;24.22
0;4;4;2;1;0;1;0.9737;24.35
6;1;0;2;1;1;0;0.9737;24.49
0;3;0;2;1;0;1;0.9737;24.56
0;0;5;2;0;0;1;0.9737;24.61
1;5;4;2;1;0;0;0.9737;24.68
5;1;0;2;1;1;0;0.9737;24.9
5;2;4;2;1;0;1;0.9737;24.95
0;1;4;2;1;0;0;0.9737;25.09
4;5;0;2;1;1;1;0.9737;25.1
3;1;4;2;0;1;0;0.9737;25.14
1;1;4;2;1;0;0;0.9737;25.16
1;3;4;2;1;1;1;0.9737;25.16
4;1;0;2;1;0;0;0.9737;25.21
1;4;4;2;1;1;0;0.9737;25.27
5;4;0;2;1;1;1;0.9737;25.31
3;4;4;2;1;1;1;0.9737;25.35
3;5;5;2;0;1;0;0.9737;25.37
0;4;5;2;0;0;0;0.9737;25.38
5;0;0;2;1;1;1;0.9737;25.39
3;0;4;2;0;1;0;0.9737;25.43
6;3;4;2;1;0;0;0.9737;25.45
0;3;0;2;1;1;0;0.9737;25.47
0;4;0;2;1;0;0;0.9737;25.48
5;0;4;2;1;1;1;0.9737;25.48
4;4;4;2;1;1;1;0.9737;25.63
5;3;0;2;1;0;0;0.9737;25.69
5;0;0;2;1;1;0;0.9737;25.71
3;5;5;2;0;0;0;0.9737;25.86
1;1;4;2;1;1;0;0.9737;25.87
5;3;0;2;1;0;1;0.9737;25.88
5;2;4;2;1;1;1;0.9737;25.88
5;2;4;2;1;1;0;0.9737;26.0
3;5;5;2;0;1;1;0.9737;26.2
3;2;4;2;0;1;0;0.9737;26.22
4;5;0;2;1;1;0;0.9737;26.25
1;0;4;2;1;1;0;0.9737;26.39
0;0;5;2;0;1;1;0.9737;26.4
6;4;0;2;1;0;0;0.9737;26.44
5;1;5;2;0;0;0;0.9737;26.51
3;4;0;2;1;0;0;0.9737;26.52
0;1;4;2;1;1;0;0.9737;26.53
4;2;0;2;1;1;0;0.9737;26.55
4;3;4;2;1;1;0;0.9737;26.57
5;5;4;2;1;1;0;0.9737;26.58
0;0;5;2;0;1;0;0.9737;26.6
1;0;0;2;1;1;0;0.9737;26.63
3;0;4;2;1;1;0;0.9737;26.64
3;4;4;2;0;1;0;0.9737;26.64
1;5;0;2;1;1;1;0.9737;26.77
1;0;4;2;1;0;0;0.9737;26.77
4;3;0;2;1;1;0;0.9737;26.79
6;4;4;2;1;0;0;0.9737;26.83
0;3;0;2;1;0;0;0.9737;26.84
3;4;4;2;1;1;0;0.9737;26.85
1;5;0;2;1;0;1;0.9737;26.91
6;3;4;2;1;1;0;0.9737;26.91
5;4;5;2;0;1;0;0.9737;26.92
0;1;5;2;0;0;0;0.9737;26.95
4;4;5;2;0;0;0;0.9737;26.96
4;4;4;2;1;0;0;0.9737;27.0
1;5;4;2;1;1;0;0.9737;27.02
1;2;4;2;1;1;0;0.9737;27.04
1;3;0;2;1;0;0;0.9737;27.06
1;3;4;2;1;0;1;0.9737;27.07
5;4;0;2;1;0;0;0.9737;27.07
4;2;4;2;1;0;0;0.9737;27.11
0;1;5;2;0;1;1;0.9737;27.12
6;1;0;2;1;1;1;0.9737;27.13
3;2;0;2;1;1;0;0.9737;27.22
3;4;5;2;0;0;0;0.9737;27.25
4;3;0;2;1;1;1;0.9737;27.36
1;4;0;2;1;0;0;0.9737;27.4
3;2;4;2;1;0;1;0.9737;27.48
4;4;4;2;1;0;1;0.9737;27.51
5;3;5;2;0;1;0;0.9737;27.57
1;4;5;2;0;0;1;0.9737;27.63
3;3;0;2;1;1;0;0.9737;27.65
4;3;5;2;0;1;0;0.9737;27.65
3;0;5;2;0;0;0;0.9737;27.66
1;1;0;2;1;1;1;0.9737;27.89
1;0;0;2;1;1;1;0.9737;27.98
6;3;0;2;1;0;0;0.9737;27.98
1;3;4;2;1;0;0;0.9737;28.04
5;0;4;2;1;1;0;0.9737;28.1
6;0;0;2;1;1;1;0.9737;28.11
3;2;4;2;1;0;0;0.9737;28.23
4;2;4;2;1;1;1;0.9737;28.23
6;3;4;2;1;0;1;0.9737;28.23
3;5;0;2;1;0;1;0.9737;28.24
1;4;0;2;1;0;1;0.9737;28.25
1;4;0;2;1;1;0;0.9737;28.29
3;3;0;2;1;0;1;0.9737;28.33
0;1;0;2;1;1;0;0.9737;28.34
5;4;4;2;1;0;0;0.9737;28.35
6;0;4;2;1;1;0;0.9737;28.42
4;5;0;2;1;0;0;0.9737;28.49
1;2;5;2;0;0;0;0.9737;28.5
0;0;0;2;1;0;1;0.9737;28.51
3;3;4;2;0;0;1;0.9737;28.54
5;3;4;2;1;1;1;0.9737;28.55
4;3;0;2;1;0;0;0.9737;28.57
5;5;4;2;1;0;0;0.9737;28.6
4;4;0;2;1;0;1;0.9737;28.61
3;5;0;2;1;0;0;0.9737;28.63
5;2;0;2;1;0;1;0.9737;28.63
1;3;0;2;1;1;0;0.9737;28.64
1;5;0;2;1;0;0;0.9737;28.64
3;5;4;2;1;1;0;0.9737;28.65
4;2;0;2;1;0;1;0.9737;28.66
5;0;5;2;0;0;0;0.9737;28.66
6;3;0;2;1;1;0;0.9737;28.68
4;2;4;2;1;0;1;0.9737;28.7
5;2;5;2;0;1;1;0.9737;28.74
5;2;0;2;1;0;0;0.9737;28.75
0;3;4;2;1;0;0;0.9737;28.77
0;3;4;2;1;1;1;0.9737;28.8
4;2;0;2;1;0;0;0.9737;28.8
5;3;4;2;1;0;0;0.9737;28.82
5;3;0;2;1;1;0;0.9737;28.84
3;0;0;2;1;0;1;0.9737;28.9
6;1;4;2;1;0;0;0.9737;28.92
3;0;0;2;1;0;0;0.9737;28.97
4;4;5;2;0;0;1;0.9737;28.98
0;3;5;2;0;0;0;0.9737;29.04
4;3;4;2;1;0;0;0.9737;29.05
4;4;4;2;1;1;0;0.9737;29.05
1;1;0;2;1;0;1;0.9737;29.11
6;3;0;2;1;1;1;0.9737;29.13
3;0;0;2;1;1;1;0.9737;29.21
3;3;5;2;0;0;1;0.9737;29.21
6;1;5;2;0;0;1;0.9737;29.23
1;1;5;2;0;0;1;0.9737;29.26
3;1;0;2;1;1;0;0.9737;29.28
6;3;4;2;1;1;1;0.9737;29.34
1;2;4;2;1;0;0;0.9737;29.35
3;1;4;2;0;0;1;0.9737;29.37
1;3;5;2;0;1;0;0.9737;29.4
6;1;5;2;0;0;0;0.9737;29.42
3;5;0;2;1;1;1;0.9737;29.48
3;1;4;2;0;1;1;0.9737;29.48
5;0;5;2;0;1;0;0.9737;29.49
3;0;4;2;0;0;1;0.9737;29.54
1;3;0;2;1;1;1;0.9737;29.55
3;3;0;2;1;0;0;0.9737;29.59
4;5;5;2;0;0;0;0.9737;29.64
5;1;4;2;1;0;0;0.9737;29.64
4;4;5;2;0;1;1;0.9737;29.68
1;0;5;2;0;0;1;0.9737;29.72
0;1;4;2;1;1;1;0.9737;29.77
5;2;0;2;1;1;1;0.9737;29.84
5;5;0;2;1;0;0;0.9737;29.9
4;4;0;2;1;0;0;0.9737;29.97
0;4;0;2;1;1;1;0.9737;30.0
5;1;0;2;1;1;1;0.9737;30.0
5;2;0;2;1;1;0;0.9737;30.04
3;2;0;2;1;0;0;0.9737;30.05
4;5;0;2;1;0;1;0.9737;30.06
5;0;4;2;1;0;1;0.9737;30.13
6;0;4;2;1;0;1;0.9737;30.17
5;5;0;2;1;1;0;0.9737;30.23
1;0;4;2;1;1;1;0.9737;30.25
5;0;0;2;1;0;1;0.9737;30.28
3;3;4;2;0;1;1;0.9737;30.33
4;2;5;2;0;0;0;0.9737;30.37
5;3;5;2;0;0;0;0.9737;30.38
3;1;0;2;1;0;1;0.9737;30.42
5;2;5;2;0;1;0;0.9737;30.46
3;2;4;2;0;0;1;0.9737;30.49
3;3;5;2;0;0;0;0.9737;30.57
3;3;0;2;1;1;1;0.9737;30.77
3;0;4;2;1;0;0;0.9737;30.8
6;1;4;2;1;1;0;0.9737;30.83
4;3;0;2;1;0;1;0.9737;30.84
6;0;0;2;1;1;0;0.9737;30.86
4;5;5;2;0;1;1;0.9737;30.87
4;3;5;2;0;1;1;0.9737;30.92
3;4;4;2;0;0;0;0.9737;30.93
1;5;4;2;1;0;1;0.9737;30.98
1;5;5;2;0;0;0;0.9737;31.01
3;1;4;2;0;0;0;0.9737;31.03
4;3;4;2;1;0;1;0.9737;31.08
4;2;4;2;1;1;0;0.9737;31.11
4;1;0;2;1;1;1;0.9737;31.17
1;4;0;2;1;1;1;0.9737;31.29
4;5;5;2;0;1;0;0.9737;31.29
5;2;4;2;1;0;0;0.9737;31.3
1;1;4;2;1;1;1;0.9737;31.32
3;0;5;2;0;1;0;0.9737;31.32
4;4;0;2;1;1;1;0.9737;31.32
1;4;5;2;0;1;0;0.9737;31.42
3;1;4;2;1;1;1;0.9737;31.53
5;3;5;2;0;0;1;0.9737;31.65
1;2;4;2;1;0;1;0.9737;31.68
3;2;4;2;0;1;1;0.9737;31.86
4;0;0;2;1;1;1;0.9737;31.99
4;1;4;2;1;1;0;0.9737;31.99
0;0;4;2;1;0;1;0.9737;32.01
0;1;0;2;1;1;1;0.9737;32.03
1;3;5;2;0;1;1;0.9737;32.03
3;3;4;2;1;0;0;0.9737;32.03
6;4;4;2;1;0;1;0.9737;32.07
3;2;4;2;1;1;0;0.9737;32.21
5;0;4;2;1;0;0;0.9737;32.23
3;3;4;2;1;1;0;0.9737;32.25
0;3;5;2;0;1;0;0.9737;32.26
5;3;5;2;0;1;1;0.9737;32.29
4;5;4;2;1;0;1;0.9737;32.31
3;0;4;2;1;1;1;0.9737;32.32
3;2;5;2;0;1;1;0.9737;32.32
5;5;5;2;0;0;1;0.9737;32.4
5;1;4;2;1;1;1;0.9737;32.44
5;2;5;2;0;0;0;0.9737;32.48
1;1;4;2;1;0;1;0.9737;32.52
1;0;5;2;0;1;1;0.9737;32.55
5;4;5;2;0;0;1;0.9737;32.6
4;1;0;2;1;0;1;0.9737;32.64
0;4;5;2;0;1;0;0.9737;32.66
3;5;4;2;1;0;0;0.9737;32.68
6;1;4;2;1;1;1;0.9737;32.73
0;4;4;2;1;1;1;0.9737;32.74
0;1;5;2;0;1;0;0.9737;32.75
3;5;4;2;1;0;1;0.9737;32.77
5;3;0;2;1;1;1;0.9737;32.82
3;0;0;2;1;1;0;0.9737;32.94
1;4;5;2;0;0;0;0.9737;33.0
4;0;4;2;1;1;0;0.9737;33.0
4;5;4;2;1;1;1;0.9737;33.0
0;3;4;2;0;1;0;0.9737;33.04
4;1;4;2;1;0;1;0.9737;33.04
1;1;5;2;0;0;0;0.9737;33.06
0;3;5;2;0;0;1;0.9737;33.12
3;1;0;2;1;1;1;0.9737;33.26
3;4;0;2;1;0;1;0.9737;33.28
6;0;0;2;1;0;1;0.9737;33.31
6;4;0;2;1;1;1;0.9737;33.37
5;4;4;2;0;0;0;0.9737;33.43
3;1;4;2;1;0;1;0.9737;33.48
3;1;5;2;0;1;1;0.9737;33.49
5;5;0;2;1;0;1;0.9737;33.54
3;5;4;2;1;1;1;0.9737;33.58
5;5;4;2;1;0;1;0.9737;33.64
3;4;5;2;0;1;1;0.9737;33.66
5;0;5;2;0;1;1;0.9737;33.74
3;3;5;2;0;1;1;0.9737;33.78
5;5;4;2;1;1;1;0.9737;33.82
4;5;4;2;1;0;0;0.9737;33.84
4;0;5;2;0;0;0;0.9737;33.87
1;2;5;2;0;1;0;0.9737;33.95
4;0;4;2;1;1;1;0.9737;34.05
4;3;5;2;0;0;0;0.9737;34.06
3;1;5;2;0;0;0;0.9737;34.13
1;0;5;2;0;0;0;0.9737;34.17
3;4;4;2;0;0;1;0.9737;34.33
5;4;5;2;0;0;0;0.9737;34.39
3;3;4;2;1;0;1;0.9737;34.45
1;4;4;2;1;0;1;0.9737;34.48
5;3;4;2;1;0;1;0.9737;34.56
1;3;5;2;0;0;0;0.9737;34.57
5;5;5;2;0;1;0;0.9737;34.67
3;2;0;2;1;0;1;0.9737;34.68
3;0;4;2;1;0;1;0.9737;34.69
5;4;4;2;1;1;1;0.9737;34.88
3;1;5;2;0;1;0;0.9737;34.91
1;5;4;2;1;1;1;0.9737;34.95
4;1;5;2;0;0;0;0.9737;35.16
5;2;4;2;0;0;1;0.9737;35.16
0;1;5;2;0;0;1;0.9737;35.2
3;0;5;2;0;0;1;0.9737;35.25
6;4;5;2;0;0;0;0.9737;35.25
4;4;5;2;0;1;0;0.9737;35.29
3;4;4;2;0;1;1;0.9737;35.31
3;5;4;2;0;1;1;0.9737;35.37
5;1;5;2;0;0;1;0.9737;35.39
0;4;4;2;0;1;0;0.9737;35.45
5;1;5;2;0;1;0;0.9737;35.56
5;0;5;2;0;0;1;0.9737;35.59
6;4;4;2;1;1;0;0.9737;35.6
0;3;5;2;0;1;1;0.9737;35.66
1;1;5;2;0;1;0;0.9737;35.72
0;0;4;2;0;1;0;0.9737;35.75
0;0;4;2;0;0;1;0.9737;35.8
1;5;5;2;0;1;0;0.9737;35.81
3;4;0;2;1;1;1;0.9737;35.81
0;4;5;2;0;0;1;0.9737;35.87
5;5;4;2;0;0;0;0.9737;35.92
5;4;4;2;0;1;0;0.9737;35.96
0;3;4;2;0;1;1;0.9737;36.07
1;5;5;2;0;0;1;0.9737;36.1
1;0;5;2;0;1;0;0.9737;36.2
5;0;4;2;0;1;0;0.9737;36.27
1;3;5;2;0;0;1;0.9737;36.32
4;1;5;2;0;1;0;0.9737;36.44
4;0;4;2;1;0;1;0.9737;36.48
4;2;5;2;0;1;1;0.9737;36.51
6;4;5;2;0;1;0;0.9737;36.52
1;5;5;2;0;1;1;0.9737;36.53
5;5;4;2;0;0;1;0.9737;36.54
6;1;5;2;0;1;1;0.9737;36.54
4;2;5;2;0;1;0;0.9737;36.55
0;4;5;2;0;1;1;0.9737;36.68
4;0;5;2;0;0;1;0.9737;36.94
6;4;4;2;1;1;1;0.9737;37.03
5;1;5;2;0;1;1;0.9737;37.1
3;2;5;2;0;0;1;0.9737;37.13
4;5;4;2;1;1;0;0.9737;37.18
0;3;0;2;1;1;1;0.9737;37.2
0;3;4;2;0;0;0;0.9737;37.28
4;2;5;2;0;0;1;0.9737;37.3
1;2;5;2;0;0;1;0.9737;37.33
0;4;4;2;0;1;1;0.9737;37.51
3;1;4;2;1;1;0;0.9737;37.52
5;4;5;2;0;1;1;0.9737;37.54
0;3;4;2;0;0;1;0.9737;37.57
6;3;5;2;0;0;0;0.9737;37.8
6;0;5;2;0;0;0;0.9737;37.85
3;3;5;2;0;1;0;0.9737;37.88
5;5;5;2;0;1;1;0.9737;37.95
5;3;4;2;0;1;0;0.9737;38.01
3;4;4;2;1;0;1;0.9737;38.14
1;2;5;2;0;1;1;0.9737;38.22
4;1;4;2;1;1;1;0.9737;38.26
4;0;5;2;0;1;0;0.9737;38.29
1;1;5;2;0;1;1;0.9737;38.36
6;0;5;2;0;1;0;0.9737;38.41
4;5;5;2;0;0;1;0.9737;38.47
6;0;4;2;1;1;1;0.9737;38.66
0;4;4;2;0;0;0;0.9737;38.75
6;4;5;2;0;1;1;0.9737;38.83
3;4;5;2;0;1;0;0.9737;39.06
5;2;5;2;0;0;1;0.9737;39.11
3;2;4;2;1;1;1;0.9737;39.16
6;3;5;2;0;0;1;0.9737;39.2
3;0;5;2;0;1;1;0.9737;39.27
3;5;5;2;0;0;1;0.9737;39.4
5;5;4;2;0;1;0;0.9737;39.82
3;3;4;2;1;1;1;0.9737;39.85
6;4;5;2;0;0;1;0.9737;39.93
5;1;4;2;1;1;0;0.9737;40.05
4;1;5;2;0;0;1;0.9737;40.2
4;0;5;2;0;1;1;0.9737;40.36
5;0;4;2;0;0;1;0.9737;40.38
1;4;5;2;0;1;1;0.9737;40.53
5;1;4;2;1;0;1;0.9737;40.7
6;3;5;2;0;1;0;0.9737;40.77
3;1;5;2;0;0;1;0.9737;40.87
4;3;5;2;0;0;1;0.9737;41.12
5;3;4;2;0;0;1;0.9737;41.24
3;4;5;2;0;0;1;0.9737;41.56
6;0;5;2;0;0;1;0.9737;41.6
5;3;4;2;0;1;1;0.9737;41.72
5;4;4;2;0;0;1;0.9737;41.84
6;0;5;2;0;1;1;0.9737;42.16
4;1;5;2;0;1;1;0.9737;42.23
5;1;4;2;0;1;0;0.9737;42.45
6;3;5;2;0;1;1;0.9737;42.6
0;1;4;2;0;0;0;0.9737;42.88
5;2;4;2;0;0;0;0.9737;42.94
0;4;4;2;0;0;1;0.9737;42.99
5;5;4;2;0;1;1;0.9737;43.07
0;1;4;2;0;0;1;0.9737;43.1
5;3;4;2;0;0;0;0.9737;43.31
5;0;4;2;0;1;1;0.9737;43.68
0;1;4;2;0;1;0;0.9737;44.13
5;4;4;2;0;1;1;0.9737;44.36
5;2;4;2;0;1;0;0.9737;44.52
0;0;4;2;0;1;1;0.9737;45.03
5;2;4;2;0;1;1;0.9737;45.94
5;1;4;2;0;0;0;0.9737;47.27
5;0;4;2;0;0;0;0.9737;49.73
0;1;4;2;0;1;1;0.9737;50.5
3;2;5;2;0;1;0;0.9737;51.42
5;1;4;2;0;0;1;0.9737;51.5
0;0;4;2;0;0;0;0.9737;51.8
5;1;4;2;0;1;1;0.9737;52.17
6;5;4;2;0;0;1;0.9471;26.03
6;5;4;2;0;0;0;0.9471;29.64
6;2;4;2;0;1;0;0.9471;34.29
6;2;4;2;0;1;1;0.9471;34.58
6;2;4;2;0;0;1;0.9471;38.09
6;2;4;2;0;0;0;0.9471;38.46
6;5;4;2;0;1;1;0.9471;39.24
6;5;4;2;0;1;0;0.9471;39.53
2;0;1;2;1;0;0;0.9432;22.16
2;0;1;2;1;1;0;0.9432;27.53
2;0;1;2;1;1;1;0.9432;33.84
2;0;1;2;1;0;1;0.9432;40.19
1;0;1;2;0;0;0;0.9394;10.96
1;1;1;2;0;1;0;0.9394;12.0
1;1;1;2;0;0;1;0.9394;12.07
1;5;1;2;0;0;0;0.9394;14.17
1;0;1;2;0;0;1;0.9394;15.05
1;1;1;2;0;1;1;0.9394;15.44
1;0;1;2;0;1;0;0.9394;15.63
1;3;1;2;0;1;1;0.9394;15.82
1;2;1;2;0;0;0;0.9394;16.44
1;5;1;2;0;1;0;0.9394;16.44
1;3;1;2;0;0;0;0.9394;16.56
1;2;1;2;0;0;1;0.9394;17.24
1;3;1;2;0;1;0;0.9394;17.39
1;4;1;2;0;0;0;0.9394;17.6
1;1;1;2;0;0;0;0.9394;17.93
1;4;1;2;0;1;0;0.9394;18.37
1;3;1;2;0;0;1;0.9394;19.26
1;0;1;2;0;1;1;0.9394;20.15
1;5;1;2;0;0;1;0.9394;20.65
1;2;1;2;0;1;1;0.9394;20.78
1;4;1;2;0;1;1;0.9394;21.07
1;4;1;2;0;0;1;0.9394;21.08
1;5;1;2;0;1;1;0.9394;21.66
1;2;1;2;0;1;0;0.9394;22.42
1;4;2;2;1;0;0;0.9333;8.21
1;3;2;2;0;0;0;0.9333;8.38
1;5;2;2;0;1;0;0.9333;8.54
1;5;2;2;0;0;0;0.9333;8.66
1;2;2;2;0;1;0;0.9333;8.89
1;2;2;2;0;0;1;0.9333;8.91
1;0;2;2;1;1;0;0.9333;9.05
1;2;2;2;0;0;0;0.9333;9.32
1;1;2;2;0;0;0;0.9333;9.43
1;0;2;2;0;0;1;0.9333;9.49
1;5;2;2;1;1;0;0.9333;10.22
1;5;2;2;1;0;1;0.9333;10.77
1;0;2;2;0;0;0;0.9333;11.09
1;4;2;2;0;1;1;0.9333;11.21
1;2;2;2;0;1;1;0.9333;11.43
1;5;2;2;1;0;0;0.9333;11.45
1;1;2;2;1;0;0;0.9333;11.5
1;0;2;2;1;0;1;0.9333;11.77
1;2;2;2;1;1;0;0.9333;11.85
1;2;2;2;1;1;1;0.9333;12.27
1;5;2;2;0;0;1;0.9333;12.36
1;4;2;2;0;0;0;0.9333;12.52
1;0;2;2;1;0;0;0.9333;12.61
1;0;2;2;0;1;0;0.9333;12.72
1;1;2;2;1;1;0;0.9333;12.75
1;4;2;2;0;0;1;0.9333;12.78
1;2;2;2;1;0;1;0.9333;12.82
1;3;2;2;1;0;0;0.9333;13.24
1;4;2;2;0;1;0;0.9333;13.27
1;1;2;2;1;0;1;0.9333;13.44
1;4;2;2;1;1;0;0.9333;13.46
1;1;2;2;0;1;0;0.9333;13.57
1;4;2;2;1;0;1;0.9333;13.57
1;3;2;2;1;1;0;0.9333;13.68
1;5;2;2;0;1;1;0.9333;13.69
1;4;2;2;1;1;1;0.9333;13.7
1;0;2;2;0;1;1;0.9333;13.94
1;3;2;2;0;1;0;0.9333;13.96
1;2;2;2;1;0;0;0.9333;14.1
1;1;2;2;0;0;1;0.9333;14.36
1;3;2;2;1;1;1;0.9333;14.66
1;0;2;2;1;1;1;0.9333;15.65
1;5;2;2;1;1;1;0.9333;15.95
1;3;2;2;1;0;1;0.9333;16.01
1;1;2;2;0;1;1;0.9333;16.2
1;1;2;2;1;1;1;0.9333;16.33
1;3;2;2;0;1;1;0.9333;16.64
1;3;2;2;0;0;1;0.9333;16.96
2;0;4;2;1;0;0;0.9333;26.58
2;0;4;2;1;1;1;0.9333;30.3
2;3;4;2;1;0;1;0.9333;31.4
2;0;4;2;1;0;1;0.9333;31.78
2;3;5;2;0;0;0;0.9333;32.08
2;2;4;2;1;1;0;0.9333;32.18
2;5;4;2;1;0;0;0.9333;32.24
2;4;5;2;0;0;1;0.9333;32.56
2;1;5;2;0;1;0;0.9333;32.89
2;5;5;2;0;0;0;0.9333;33.01
2;1;4;2;1;1;0;0.9333;33.02
2;2;4;2;1;0;1;0.9333;33.16
2;0;4;2;1;1;0;0.9333;33.21
2;4;4;2;1;0;1;0.9333;33.3
2;1;4;2;1;0;0;0.9333;33.68
2;4;4;2;1;1;0;0.9333;35.17
2;0;5;2;0;1;0;0.9333;35.32
2;2;5;2;0;0;0;0.9333;35.76
2;2;4;2;1;1;1;0.9333;35.96
2;3;5;2;0;1;1;0.9333;35.98
2;3;4;2;1;0;0;0.9333;36.27
2;3;5;2;0;0;1;0.9333;36.48
2;4;5;2;0;1;0;0.9333;36.59
2;1;4;2;0;1;0;0.9333;36.72
2;0;4;2;0;1;0;0.9333;36.94
2;5;4;2;1;0;1;0.9333;37.19
2;3;4;2;1;1;1;0.9333;37.43
2;2;4;2;0;0;1;0.9333;37.52
2;4;4;2;1;0;0;0.9333;37.75
2;2;5;2;0;1;0;0.9333;38.01
2;4;5;2;0;1;1;0.9333;38.68
2;3;4;2;1;1;0;0.9333;38.95
2;2;4;2;1;0;0;0.9333;38.96
2;5;4;2;1;1;0;0.9333;39.02
2;4;5;2;0;0;0;0.9333;39.62
2;2;5;2;0;1;1;0.9333;39.86
2;0;5;2;0;0;0;0.9333;39.91
2;5;4;2;0;1;0;0.9333;40.47
2;4;4;2;0;1;1;0.9333;40.48
2;3;5;2;0;1;0;0.9333;40.87
2;1;4;2;1;1;1;0.9333;41.32
2;3;4;2;0;0;1;0.9333;41.9
2;4;4;2;0;0;0;0.9333;42.03
2;4;4;2;1;1;1;0.9333;42.62
2;0;4;2;0;0;1;0.9333;42.82
2;1;4;2;1;0;1;0.9333;42.97
2;5;4;2;1;1;1;0.9333;42.98
2;1;5;2;0;0;0;0.9333;43.03
2;0;5;2;0;0;1;0.9333;43.46
2;1;4;2;0;1;1;0.9333;43.79
2;2;4;2;0;0;0;0.9333;43.79
2;2;5;2;0;0;1;0.9333;43.82
2;4;4;2;0;0;1;0.9333;43.89
2;3;4;2;0;1;1;0.9333;44.03
2;5;5;2;0;1;1;0.9333;44.07
2;3;4;2;0;0;0;0.9333;44.16
2;1;5;2;0;0;1;0.9333;44.24
2;5;5;2;0;1;0;0.9333;44.94
2;1;4;2;0;0;0;0.9333;45.06
2;3;4;2;0;1;0;0.9333;45.09
2;4;4;2;0;1;0;0.9333;45.34
2;5;4;2;0;0;0;0.9333;45.66
2;5;5;2;0;0;1;0.9333;45.88
2;1;4;2;0;0;1;0.9333;46.23
2;1;5;2;0;1;1;0.9333;46.27
2;2;4;2;0;1;0;0.9333;46.71
2;0;5;2;0;1;1;0.9333;47.13
2;0;4;2;0;0;0;0.9333;47.62
2;2;4;2;0;1;1;0.9333;52.09
2;0;4;2;0;1;1;0.9333;53.33
2;5;4;2;0;0;1;0.9333;54.21
2;5;4;2;0;1;1;0.9333;67.21
3;4;4;0;0;1;0;0.9251;16.1
3;5;4;0;0;1;1;0.9251;19.4
3;0;4;0;0;1;0;0.9251;20.54
3;1;4;0;0;1;0;0.9251;21.05
3;2;4;0;0;1;0;0.9251;21.68
3;3;5;0;1;1;0;0.9251;22.24
3;4;4;0;0;1;1;0.9251;22.39
3;1;4;0;0;1;1;0.9251;22.8
3;3;4;0;0;1;1;0.9251;23.59
3;5;4;0;0;1;0;0.9251;25.02
4;3;4;0;0;1;0;0.9251;25.27
4;4;4;0;0;1;1;0.9251;25.91
4;4;4;0;0;1;0;0.9251;26.04
4;3;4;0;0;1;1;0.9251;26.77
3;0;4;0;0;1;1;0.9251;27.25
3;3;4;0;0;1;0;0.9251;28.08
3;0;5;0;1;1;1;0.9251;28.75
3;2;4;0;0;1;1;0.9251;29.08
4;3;5;0;1;1;1;0.9251;29.12
4;4;5;0;1;1;1;0.9251;31.21
3;2;5;0;1;1;0;0.9251;31.24
4;3;5;0;1;1;0;0.9251;31.51
3;4;5;0;1;1;0;0.9251;32.4
3;5;5;0;1;1;0;0.9251;32.55
3;5;5;0;1;1;1;0.9251;32.77
3;1;5;0;1;1;1;0.9251;32.85
4;0;5;0;1;1;0;0.9251;34.39
4;4;5;0;1;1;0;0.9251;35.99
3;1;5;0;1;1;0;0.9251;36.5
3;0;5;0;1;1;0;0.9251;36.58
3;2;5;0;1;1;1;0.9251;38.43
3;4;5;0;1;1;1;0.9251;38.92
3;3;5;0;1;1;1;0.9251;39.42
4;0;5;0;1;1;1;0.9251;40.79
4;5;1;2;0;0;0;0.9228;12.18
4;0;1;2;0;0;0;0.9228;12.79
5;5;1;2;0;1;0;0.9228;13.02
4;4;1;2;0;1;0;0.9228;14.57
4;1;1;2;0;0;1;0.9228;14.68
4;3;1;2;0;1;0;0.9228;14.87
4;4;1;2;0;0;0;0.9228;14.91
4;3;1;2;0;0;0;0.9228;14.92
3;0;1;2;0;1;0;0.9228;15.23
4;5;1;2;0;0;1;0.9228;15.38
4;1;1;2;0;0;0;0.9228;15.4
4;1;1;2;0;1;0;0.9228;16.0
3;5;1;2;0;0;0;0.9228;16.16
3;3;1;2;0;1;0;0.9228;16.34
0;3;1;2;1;0;0;0.9228;16.48
5;5;1;2;0;0;0;0.9228;16.7
3;5;1;2;0;1;0;0.9228;17.1
5;0;1;2;0;0;1;0.9228;17.4
5;1;1;2;0;0;0;0.9228;17.6
0;1;1;2;1;0;0;0.9228;17.61
3;4;1;2;0;1;1;0.9228;17.63
4;2;1;2;0;1;0;0.9228;17.68
3;2;1;2;0;0;1;0.9228;17.89
5;2;1;2;0;0;0;0.9228;17.9
5;2;1;2;0;0;1;0.9228;17.92
3;4;1;2;0;0;0;0.9228;17.97
4;0;1;2;0;1;1;0.9228;18.14
5;5;1;2;0;1;1;0.9228;18.2
3;1;1;2;0;1;0;0.9228;18.27
5;2;1;2;1;0;0;0.9228;18.34
3;2;1;2;0;1;1;0.9228;18.42
1;4;1;2;1;1;0;0.9228;18.47
3;3;1;2;0;0;1;0.9228;18.57
0;5;0;2;1;0;0;0.9228;18.62
5;1;1;2;0;1;0;0.9228;18.67
4;3;1;2;1;0;0;0.9228;18.69
3;2;1;2;0;0;0;0.9228;18.82
3;0;1;2;0;0;0;0.9228;18.85
5;0;1;2;0;1;0;0.9228;18.94
4;2;1;2;0;0;0;0.9228;19.03
1;0;1;2;1;1;1;0.9228;19.28
4;3;1;2;0;0;1;0.9228;19.62
3;3;1;2;0;1;1;0.9228;19.75
3;4;1;2;0;1;0;0.9228;19.91
3;2;1;2;0;1;0;0.9228;20.01
3;1;1;2;0;0;0;0.9228;20.13
0;4;1;2;1;0;0;0.9228;20.23
5;5;1;2;1;0;0;0.9228;20.27
6;5;0;2;1;1;1;0.9228;20.27
0;5;5;2;0;0;0;0.9228;20.39
0;0;1;2;1;1;1;0.9228;20.46
4;0;1;2;0;1;0;0.9228;20.5
1;3;1;2;1;1;0;0.9228;20.52
5;4;1;2;0;1;0;0.9228;20.58
0;2;5;2;0;0;0;0.9228;20.59
5;3;1;2;0;0;0;0.9228;20.73
3;3;1;2;0;0;0;0.9228;20.83
4;5;1;2;0;1;0;0.9228;20.85
6;5;0;2;1;1;0;0.9228;20.88
5;4;1;2;0;1;1;0.9228;21.03
5;4;1;2;0;0;1;0.9228;21.04
5;5;1;2;0;0;1;0.9228;21.11
5;1;1;2;0;1;1;0.9228;21.18
4;4;1;2;0;0;1;0.9228;21.19
5;0;1;2;0;0;0;0.9228;21.34
3;4;1;2;0;0;1;0.9228;21.39
4;0;1;2;1;1;0;0.9228;21.41
0;2;1;2;1;1;0;0.9228;21.44
4;1;1;2;0;1;1;0.9228;21.48
0;1;1;2;1;1;1;0.9228;21.52
4;5;1;2;1;1;0;0.9228;21.65
5;0;1;2;0;1;1;0.9228;21.69
5;2;1;2;1;0;1;0.9228;21.75
0;2;4;2;1;0;1;0.9228;21.91
0;5;0;2;1;1;1;0.9228;22.07
5;2;1;2;0;1;0;0.9228;22.08
4;2;1;2;0;1;1;0.9228;22.19
5;3;1;2;0;1;0;0.9228;22.22
1;5;1;2;1;0;0;0.9228;22.27
5;4;1;2;0;0;0;0.9228;22.3
5;2;1;2;1;1;1;0.9228;22.44
6;2;4;2;1;0;0;0.9228;22.49
4;5;1;2;0;1;1;0.9228;22.5
3;0;1;2;0;0;1;0.9228;22.56
3;5;1;2;0;0;1;0.9228;22.68
3;5;1;2;0;1;1;0.9228;22.74
5;5;1;2;1;1;0;0.9228;22.79
6;2;0;2;1;0;0;0.9228;22.85
0;0;1;2;1;0;1;0.9228;22.87
6;1;1;2;1;0;0;0.9228;22.88
5;3;1;2;1;1;0;0.9228;22.94
1;1;1;2;1;0;0;0.9228;22.95
0;3;1;2;1;1;0;0.9228;22.96
4;3;1;2;1;1;1;0.9228;23.04
5;4;1;2;1;0;0;0.9228;23.27
6;1;1;2;1;0;1;0.9228;23.27
5;1;1;2;1;0;0;0.9228;23.38
5;4;1;2;1;1;1;0.9228;23.51
3;2;1;2;1;0;0;0.9228;23.56
4;4;1;2;0;1;1;0.9228;23.58
0;5;4;2;1;1;0;0.9228;23.63
3;0;1;2;0;1;1;0.9228;23.63
0;1;1;2;1;1;0;0.9228;23.65
6;3;1;2;1;0;0;0.9228;23.68
5;2;1;2;0;1;1;0.9228;23.71
1;0;1;2;1;0;0;0.9228;23.86
6;0;1;2;1;1;0;0.9228;24.02
0;4;1;2;1;0;1;0.9228;24.17
5;1;1;2;1;1;0;0.9228;24.38
6;3;1;2;1;1;0;0.9228;24.43
0;5;1;2;1;1;0;0.9228;24.44
0;1;1;2;1;0;1;0.9228;24.5
0;2;0;2;1;1;1;0.9228;24.56
4;3;1;2;0;1;1;0.9228;24.57
1;2;1;2;1;0;0;0.9228;24.61
4;2;1;2;1;1;0;0.9228;24.61
3;1;1;2;0;0;1;0.9228;24.66
0;2;4;2;1;0;0;0.9228;24.67
1;2;1;2;1;1;0;0.9228;24.77
1;3;1;2;1;0;0;0.9228;24.8
3;5;1;2;1;0;0;0.9228;24.82
4;2;1;2;0;0;1;0.9228;24.99
4;0;1;2;0;0;1;0.9228;25.03
0;2;1;2;1;1;1;0.9228;25.2
0;2;1;2;1;0;0;0.9228;25.22
0;5;0;2;1;1;0;0.9228;25.25
0;5;0;2;1;0;1;0.9228;25.34
6;0;1;2;1;0;0;0.9228;25.41
0;0;1;2;1;0;0;0.9228;25.59
5;4;1;2;1;0;1;0.9228;25.65
0;4;1;2;1;1;1;0.9228;25.68
6;5;1;2;1;0;0;0.9228;25.68
3;2;1;2;1;1;0;0.9228;25.72
4;0;1;2;1;1;1;0.9228;25.72
1;0;1;2;1;1;0;0.9228;25.78
0;5;4;2;1;0;1;0.9228;26.05
6;5;0;2;1;0;0;0.9228;26.11
5;3;1;2;0;1;1;0.9228;26.12
6;5;4;2;1;0;0;0.9228;26.12
0;2;0;2;1;0;0;0.9228;26.2
3;0;1;2;1;0;0;0.9228;26.24
0;2;1;2;1;0;1;0.9228;26.34
6;3;1;2;1;0;1;0.9228;26.45
6;1;1;2;1;1;0;0.9228;26.49
5;2;1;2;1;1;0;0.9228;26.58
0;5;4;2;1;0;0;0.9228;26.65
6;2;0;2;1;1;1;0.9228;26.66
0;3;1;2;1;0;1;0.9228;26.85
5;1;1;2;0;0;1;0.9228;26.85
1;3;1;2;1;1;1;0.9228;26.93
0;2;0;2;1;1;0;0.9228;26.99
6;5;0;2;1;0;1;0.9228;27.01
4;0;1;2;1;0;0;0.9228;27.07
5;3;1;2;0;0;1;0.9228;27.22
0;5;1;2;1;0;1;0.9228;27.27
1;4;1;2;1;1;1;0.9228;27.29
5;0;1;2;1;0;0;0.9228;27.32
1;1;1;2;1;1;0;0.9228;27.33
3;1;1;2;0;1;1;0.9228;27.35
4;4;1;2;1;1;0;0.9228;27.39
6;0;1;2;1;1;1;0.9228;27.65
1;2;1;2;1;0;1;0.9228;27.66
3;0;1;2;1;0;1;0.9228;27.71
0;2;5;2;0;1;1;0.9228;27.84
4;5;1;2;1;1;1;0.9228;27.91
6;2;0;2;1;1;0;0.9228;27.92
3;2;1;2;1;0;1;0.9228;27.97
1;4;1;2;1;0;0;0.9228;27.99
5;3;1;2;1;0;1;0.9228;27.99
4;4;1;2;1;0;0;0.9228;28.1
1;4;1;2;1;0;1;0.9228;28.18
0;5;5;2;0;1;1;0.9228;28.33
0;4;1;2;1;1;0;0.9228;28.42
0;5;4;2;1;1;1;0.9228;28.45
6;5;1;2;1;1;0;0.9228;28.49
4;3;1;2;1;0;1;0.9228;28.58
4;1;1;2;1;1;0;0.9228;28.69
0;0;1;2;1;1;0;0.9228;28.75
0;2;4;2;1;1;1;0.9228;28.77
1;1;1;2;1;0;1;0.9228;28.77
5;3;1;2;1;0;0;0.9228;28.77
5;3;1;2;1;1;1;0.9228;28.84
0;5;1;2;1;1;1;0.9228;29.03
0;2;4;2;1;1;0;0.9228;29.04
1;5;1;2;1;1;0;0.9228;29.08
6;2;4;2;1;0;1;0.9228;29.1
4;1;1;2;1;0;0;0.9228;29.21
3;0;1;2;1;1;0;0.9228;29.23
4;2;1;2;1;1;1;0.9228;29.3
3;1;1;2;1;1;0;0.9228;29.33
0;5;1;2;1;0;0;0.9228;29.37
3;4;1;2;1;1;0;0.9228;29.62
0;2;4;2;0;1;0;0.9228;29.64
0;3;1;2;1;1;1;0.9228;29.66
5;5;1;2;1;0;1;0.9228;29.69
0;2;0;2;1;0;1;0.9228;29.7
0;5;5;2;0;1;0;0.9228;29.73
5;0;1;2;1;1;1;0.9228;29.73
5;5;1;2;1;1;1;0.9228;29.86
4;5;1;2;1;0;1;0.9228;29.93
5;0;1;2;1;1;0;0.9228;30.02
3;3;1;2;1;0;0;0.9228;30.06
6;1;1;2;1;1;1;0.9228;30.21
6;2;4;2;1;1;0;0.9228;30.22
1;0;1;2;1;0;1;0.9228;30.35
5;4;1;2;1;1;0;0.9228;30.35
6;5;4;2;1;1;0;0.9228;30.4
5;1;1;2;1;1;1;0.9228;30.6
1;2;1;2;1;1;1;0.9228;30.66
3;0;1;2;1;1;1;0.9228;30.84
5;1;1;2;1;0;1;0.9228;30.85
6;3;1;2;1;1;1;0.9228;31.12
6;5;4;2;1;1;1;0.9228;31.18
4;2;1;2;1;0;0;0.9228;31.23
4;4;1;2;1;0;1;0.9228;31.23
1;1;1;2;1;1;1;0.9228;31.26
3;5;1;2;1;1;1;0.9228;31.4
1;5;1;2;1;0;1;0.9228;31.5
3;4;1;2;1;0;1;0.9228;31.5
6;2;1;2;1;0;0;0.9228;31.6
4;5;1;2;1;0;0;0.9228;31.64
3;1;1;2;1;0;0;0.9228;31.78
6;0;1;2;1;0;1;0.9228;31.82
3;5;1;2;1;1;0;0.9228;31.91
3;4;1;2;1;0;0;0.9228;31.93
5;0;1;2;1;0;1;0.9228;32.01
6;4;1;2;1;1;0;0.9228;32.01
0;2;5;2;0;1;0;0.9228;32.27
3;3;1;2;1;1;0;0.9228;32.46
4;4;1;2;1;1;1;0.9228;32.55
4;0;1;2;1;0;1;0.9228;32.69
6;2;0;2;1;0;1;0.9228;32.77
0;2;5;2;0;0;1;0.9228;32.89
4;3;1;2;1;1;0;0.9228;33.07
1;5;1;2;1;1;1;0.9228;33.14
1;3;1;2;1;0;1;0.9228;33.26
6;5;1;2;1;1;1;0.9228;33.36
4;1;1;2;1;0;1;0.9228;33.59
6;5;1;2;1;0;1;0.9228;33.76
3;1;1;2;1;0;1;0.9228;33.83
6;4;1;2;1;0;0;0.9228;34.19
4;1;1;2;1;1;1;0.9228;34.28
6;2;5;2;0;0;1;0.9228;34.56
3;4;1;2;1;1;1;0.9228;34.75
3;5;1;2;1;0;1;0.9228;34.83
6;4;1;2;1;1;1;0.9228;34.9
4;2;1;2;1;0;1;0.9228;35.05
6;4;1;2;1;0;1;0.9228;35.08
0;2;4;2;0;1;1;0.9228;35.54
3;3;1;2;1;1;1;0.9228;35.98
6;2;5;2;0;1;0;0.9228;36.04
6;2;4;2;1;1;1;0.9228;36.06
6;5;5;2;0;0;1;0.9228;36.39
0;5;5;2;0;0;1;0.9228;36.56
3;2;1;2;1;1;1;0.9228;37.09
6;5;4;2;1;0;1;0.9228;37.14
0;5;4;2;0;0;1;0.9228;37.66
0;2;4;2;0;0;0;0.9228;39.12
6;5;5;2;0;1;0;0.9228;39.21
6;2;5;2;0;1;1;0.9228;39.26
0;5;4;2;0;0;0;0.9228;39.95
6;2;1;2;1;0;1;0.9228;40.1
6;2;5;2;0;0;0;0.9228;41.25
3;1;1;2;1;1;1;0.9228;41.3
6;2;1;2;1;1;0;0.9228;41.41
0;5;4;2;0;1;1;0.9228;41.59
6;5;5;2;0;1;1;0.9228;41.78
3;3;1;2;1;0;1;0.9228;41.93
0;5;4;2;0;1;0;0.9228;42.98
0;2;4;2;0;0;1;0.9228;44.65
6;5;5;2;0;0;0;0.9228;46.65
6;2;1;2;1;1;1;0.9228;48.83
3;0;2;2;0;0;0;0.9169;8.63
4;0;2;2;0;0;0;0.9169;8.81
3;3;2;2;0;0;0;0.9169;8.87
3;2;2;2;0;1;0;0.9169;9.01
3;5;2;2;0;1;0;0.9169;9.06
5;4;2;2;0;0;0;0.9169;9.6
4;3;2;2;0;0;0;0.9169;9.99
4;0;2;2;1;0;0;0.9169;10.36
3;1;2;2;1;0;0;0.9169;10.5
4;2;2;2;0;1;0;0.9169;10.63
3;2;2;2;0;1;1;0.9169;10.84
4;0;2;2;0;1;0;0.9169;10.84
3;2;2;2;1;1;1;0.9169;11.44
4;5;2;2;0;0;0;0.9169;11.5
3;2;2;2;1;1;0;0.9169;11.69
3;3;2;2;1;0;0;0.9169;11.87
5;4;2;2;0;1;0;0.9169;11.95
3;2;2;2;1;0;0;0.9169;12.1
4;1;2;2;0;1;1;0.9169;12.14
3;3;2;2;1;1;0;0.9169;12.16
4;4;2;2;1;0;0;0.9169;12.16
3;3;2;2;0;1;0;0.9169;12.22
4;2;2;2;0;0;1;0.9169;12.35
4;4;2;2;0;1;0;0.9169;12.38
4;5;2;2;0;0;1;0.9169;12.39
3;4;2;2;0;0;0;0.9169;12.46
3;0;2;2;1;0;0;0.9169;12.5
5;5;2;2;0;0;0;0.9169;12.55
4;3;2;2;0;1;0;0.9169;12.56
3;4;2;2;0;1;0;0.9169;12.66
3;1;2;2;0;0;0;0.9169;12.78
5;3;2;2;0;0;1;0.9169;12.8
3;5;2;2;0;0;1;0.9169;12.92
4;5;2;2;1;1;0;0.9169;12.92
5;1;2;2;0;1;0;0.9169;13.14
4;0;2;2;0;0;1;0.9169;13.26
4;1;2;2;1;1;0;0.9169;13.28
4;5;2;2;1;0;0;0.9169;13.42
4;1;2;2;0;1;0;0.9169;13.46
4;2;2;2;0;0;0;0.9169;13.5
5;5;2;2;0;0;1;0.9169;13.88
3;1;2;2;1;1;0;0.9169;13.9
4;5;2;2;0;1;1;0.9169;14.08
3;3;2;2;1;0;1;0.9169;14.1
5;1;2;2;0;0;0;0.9169;14.22
5;1;2;2;0;0;1;0.9169;14.36
3;0;2;2;0;1;0;0.9169;14.39
3;1;2;2;1;1;1;0.9169;14.39
5;0;2;2;0;0;0;0.9169;14.48
4;4;2;2;0;0;0;0.9169;14.52
4;0;2;2;0;1;1;0.9169;14.53
4;4;2;2;0;0;1;0.9169;14.66
3;2;2;2;0;0;0;0.9169;14.71
3;2;2;2;0;0;1;0.9169;14.72
5;2;2;2;1;0;1;0.9169;14.78
5;0;2;2;1;1;0;0.9169;14.79
4;1;2;2;1;1;1;0.9169;14.82
3;1;2;2;0;1;0;0.9169;14.93
5;3;2;2;1;0;0;0.9169;15.19
3;1;2;2;1;0;1;0.9169;15.2
3;4;2;2;1;0;0;0.9169;15.29
4;0;2;2;1;1;1;0.9169;15.34
3;5;2;2;1;1;0;0.9169;15.43
4;2;2;2;1;1;0;0.9169;15.49
5;4;2;2;1;0;0;0.9169;15.49
3;0;2;2;1;1;0;0.9169;15.51
4;1;2;2;1;0;0;0.9169;15.52
5;5;2;2;1;1;0;0.9169;15.54
3;4;2;2;1;1;0;0.9169;15.59
4;1;2;2;0;0;0;0.9169;15.63
5;0;2;2;0;1;0;0.9169;15.66
3;0;2;2;0;0;1;0.9169;15.69
4;0;2;2;1;1;0;0.9169;15.8
4;1;2;2;1;0;1;0.9169;15.8
5;2;2;2;1;1;0;0.9169;15.81
4;3;2;2;1;1;0;0.9169;15.86
4;3;2;2;1;0;0;0.9169;15.88
5;5;2;2;0;1;0;0.9169;15.91
5;3;2;2;0;0;0;0.9169;15.93
4;2;2;2;1;0;0;0.9169;15.95
4;4;2;2;1;1;0;0.9169;15.95
5;4;2;2;0;1;1;0.9169;16.01
4;2;2;2;1;1;1;0.9169;16.02
4;5;2;2;0;1;0;0.9169;16.02
4;2;2;2;0;1;1;0.9169;16.1
5;4;2;2;1;1;0;0.9169;16.23
3;0;2;2;1;0;1;0.9169;16.41
3;5;2;2;1;1;1;0.9169;16.55
4;0;2;2;1;0;1;0.9169;16.57
3;5;2;2;0;0;0;0.9169;16.65
5;1;2;2;1;1;1;0.9169;16.95
5;3;2;2;1;0;1;0.9169;16.95
5;2;2;2;0;0;0;0.9169;17.02
3;5;2;2;1;0;1;0.9169;17.08
5;5;2;2;1;0;0;0.9169;17.08
5;4;2;2;0;0;1;0.9169;17.1
5;0;2;2;0;1;1;0.9169;17.32
5;3;2;2;0;1;0;0.9169;17.33
3;0;2;2;0;1;1;0.9169;17.35
5;2;2;2;1;0;0;0.9169;17.37
5;3;2;2;0;1;1;0.9169;17.42
4;3;2;2;0;1;1;0.9169;17.44
5;1;2;2;0;1;1;0.9169;17.65
5;0;2;2;1;0;1;0.9169;17.71
3;4;2;2;0;0;1;0.9169;17.72
5;0;2;2;1;0;0;0.9169;17.75
4;4;2;2;0;1;1;0.9169;17.87
3;3;2;2;0;0;1;0.9169;17.93
3;4;2;2;1;1;1;0.9169;17.96
5;1;2;2;1;0;0;0.9169;17.99
5;3;2;2;1;1;0;0.9169;18.02
3;5;2;2;0;1;1;0.9169;18.2
3;4;2;2;0;1;1;0.9169;18.37
5;2;2;2;0;1;0;0.9169;18.37
5;1;2;2;1;1;0;0.9169;18.48
3;5;2;2;1;0;0;0.9169;18.56
3;0;2;2;1;1;1;0.9169;18.73
5;4;2;2;1;1;1;0.9169;18.84
4;5;2;2;1;0;1;0.9169;19.01
5;1;2;2;1;0;1;0.9169;19.19
4;3;2;2;0;0;1;0.9169;19.36
3;2;2;2;1;0;1;0.9169;19.45
3;1;2;2;0;0;1;0.9169;19.56
5;2;2;2;1;1;1;0.9169;19.7
3;4;2;2;1;0;1;0.9169;19.86
3;3;2;2;0;1;1;0.9169;19.89
4;4;2;2;1;0;1;0.9169;19.91
4;5;2;2;1;1;1;0.9169;20.03
4;1;2;2;0;0;1;0.9169;20.16
3;3;2;2;1;1;1;0.9169;20.17
4;3;2;2;1;0;1;0.9169;20.27
4;4;2;2;1;1;1;0.9169;20.38
5;5;2;2;0;1;1;0.9169;20.53
4;3;2;2;1;1;1;0.9169;20.74
4;2;2;2;1;0;1;0.9169;20.75
3;1;2;2;0;1;1;0.9169;21.11
5;0;2;2;0;0;1;0.9169;21.19
5;4;2;2;1;0;1;0.9169;21.35
5;2;2;2;0;1;1;0.9169;21.44
5;0;2;2;1;1;1;0.9169;21.5
5;2;2;2;0;0;1;0.9169;22.42
5;5;2;2;1;0;1;0.9169;23.06
5;3;2;2;1;1;1;0.9169;23.34
5;5;2;2;1;1;1;0.9169;23.74
0;0;0;2;0;0;0;0.9027;8.56
0;1;0;2;0;1;0;0.9027;9.63
0;3;0;2;0;1;0;0.9027;9.82
0;0;0;2;0;0;1;0.9027;10.21
6;4;0;2;0;0;0;0.9027;10.27
0;3;0;2;0;0;0;0.9027;11.37
0;1;0;2;0;0;0;0.9027;11.85
6;3;0;2;0;1;0;0.9027;11.93
6;0;0;2;0;1;0;0.9027;12.2
0;4;0;2;0;0;0;0.9027;13.26
0;4;0;2;0;1;0;0.9027;13.28
6;0;0;2;0;0;0;0.9027;14.09
0;3;0;2;0;0;1;0.9027;14.24
6;3;0;2;0;0;0;0.9027;14.7
6;3;0;2;0;0;1;0.9027;15.17
0;0;0;2;0;1;0;0.9027;15.76
0;1;0;2;0;1;1;0.9027;16.45
2;0;0;2;0;1;0;0.9027;16.54
6;0;0;2;0;0;1;0.9027;16.81
0;4;0;2;0;0;1;0.9027;16.94
0;1;0;2;0;0;1;0.9027;17.23
6;4;0;2;0;1;0;0.9027;17.74
6;1;0;2;0;1;0;0.9027;17.75
0;4;0;2;0;1;1;0.9027;18.15
6;1;0;2;0;0;1;0.9027;18.34
0;0;0;2;0;1;1;0.9027;18.35
6;3;0;2;0;1;1;0.9027;18.45
6;1;0;2;0;0;0;0.9027;18.99
6;4;0;2;0;0;1;0.9027;19.59
6;1;0;2;0;1;1;0.9027;19.64
0;3;0;2;0;1;1;0.9027;19.99
6;0;0;2;0;1;1;0.9027;22.1
6;4;0;2;0;1;1;0.9027;22.28
2;0;0;2;0;0;0;0.9027;23.49
2;0;0;2;0;0;1;0.9027;24.53
2;0;0;2;0;1;1;0.9027;24.98
2;0;1;2;0;0;0;0.8849;17.05
2;0;1;2;0;1;0;0.8849;23.7
2;0;1;2;0;1;1;0.8849;27.57
2;0;1;2;0;0;1;0.8849;29.84
6;2;5;2;1;1;0;0.8824;28.49
6;5;5;1;1;1;0;0.8824;33.86
6;2;5;1;1;1;0;0.8824;33.93
6;2;5;1;1;1;1;0.8824;33.96
6;2;5;2;1;1;1;0.8824;37.02
6;5;5;2;1;1;1;0.8824;38.44
6;5;5;2;1;1;0;0.8824;38.57
6;5;5;1;1;1;1;0.8824;53.06
3;1;4;0;0;0;0;0.879;16.15
3;0;4;0;0;0;0;0.879;18.8
3;1;4;0;0;0;1;0.879;20.43
3;3;5;0;1;0;0;0.879;20.73
3;5;4;0;0;0;0;0.879;20.94
4;3;4;0;0;0;0;0.879;21.47
3;4;4;0;0;0;1;0.879;22.09
3;4;4;0;0;0;0;0.879;24.42
4;3;4;0;0;0;1;0.879;24.57
3;3;4;0;0;0;1;0.879;24.58
4;4;4;0;0;0;1;0.879;24.81
3;4;5;0;1;0;0;0.879;25.17
4;4;5;0;1;0;1;0.879;25.52
3;5;4;0;0;0;1;0.879;25.91
4;4;4;0;0;0;0;0.879;26.48
3;2;4;0;0;0;0;0.879;26.56
3;2;4;0;0;0;1;0.879;26.62
3;1;5;0;1;0;0;0.879;27.24
3;3;4;0;0;0;0;0.879;27.41
3;5;5;0;1;0;0;0.879;27.65
3;2;5;0;1;0;0;0.879;28.73
3;5;5;0;1;0;1;0.879;28.99
4;0;5;0;1;0;0;0.879;29.51
3;0;4;0;0;0;1;0.879;29.77
4;3;5;0;1;0;0;0.879;30.97
3;0;5;0;1;0;1;0.879;31.32
3;3;5;0;1;0;1;0.879;31.67
3;0;5;0;1;0;0;0.879;31.99
3;4;5;0;1;0;1;0.879;32.63
4;3;5;0;1;0;1;0.879;33.0
4;4;5;0;1;0;0;0.879;33.96
3;2;5;0;1;0;1;0.879;34.45
4;0;5;0;1;0;1;0.879;34.97
3;1;5;0;1;0;1;0.879;36.99
6;2;4;0;0;1;1;0.8747;28.64
6;5;4;0;0;1;1;0.8747;29.74
6;2;4;0;0;1;0;0.8747;29.85
6;5;4;0;0;1;0;0.8747;34.78
6;0;4;1;0;1;0;0.8627;16.27
6;1;4;1;0;1;0;0.8627;17.91
6;2;4;1;0;1;0;0.8627;18.91
6;5;4;1;0;1;0;0.8627;21.56
6;0;4;0;0;1;0;0.8627;22.06
6;1;4;1;0;1;1;0.8627;22.52
6;2;4;1;0;1;1;0.8627;23.16
6;3;4;1;0;1;1;0.8627;23.38
6;3;4;1;0;1;0;0.8627;23.76
6;4;4;1;0;1;0;0.8627;24.08
6;5;4;1;0;1;1;0.8627;24.61
6;4;4;1;0;1;1;0.8627;24.79
6;0;4;1;0;1;1;0.8627;26.6
6;0;4;0;0;1;1;0.8627;32.56
6;1;4;0;0;1;1;0.8627;32.99
6;1;4;0;0;1;0;0.8627;35.05
6;5;0;2;0;0;0;0.8526;10.4
0;5;0;2;0;0;0;0.8526;11.43
6;2;0;2;0;0;0;0.8526;11.67
0;1;1;2;0;0;0;0.8526;12.73
0;5;0;2;0;1;0;0.8526;13.98
6;5;0;2;0;1;0;0.8526;13.99
0;1;1;2;0;1;0;0.8526;14.43
0;4;1;2;0;1;0;0.8526;14.61
0;4;1;2;0;0;0;0.8526;15.04
0;2;0;2;0;0;0;0.8526;15.38
0;2;0;2;0;1;0;0.8526;15.77
0;0;1;2;0;0;1;0.8526;15.82
6;0;1;2;0;0;0;0.8526;16.97
0;2;1;2;0;0;0;0.8526;17.05
6;3;1;2;0;1;0;0.8526;17.14
0;1;1;2;0;1;1;0.8526;18.01
0;5;0;2;0;0;1;0.8526;18.05
0;5;1;2;0;1;0;0.8526;18.13
6;3;1;2;0;0;0;0.8526;18.15
6;2;0;2;0;1;1;0.8526;18.29
6;2;0;2;0;1;0;0.8526;18.33
6;5;0;2;0;0;1;0.8526;19.01
0;3;1;2;0;1;1;0.8526;19.09
0;5;0;2;0;1;1;0.8526;19.49
0;2;0;2;0;0;1;0.8526;19.55
6;2;0;2;0;0;1;0.8526;19.62
0;2;0;2;0;1;1;0.8526;19.64
0;4;1;2;0;0;1;0.8526;19.77
0;3;1;2;0;0;0;0.8526;20.18
0;5;1;2;0;0;0;0.8526;20.19
6;1;1;2;0;1;0;0.8526;20.2
0;0;1;2;0;0;0;0.8526;20.27
0;2;1;2;0;1;0;0.8526;20.34
0;3;1;2;0;1;0;0.8526;20.4
6;0;1;2;0;1;0;0.8526;20.56
6;0;1;2;0;1;1;0.8526;20.64
0;0;1;2;0;1;0;0.8526;20.79
0;0;1;2;0;1;1;0.8526;20.84
6;3;1;2;0;1;1;0.8526;21.04
0;2;1;2;0;0;1;0.8526;21.37
0;2;1;2;0;1;1;0.8526;21.58
6;5;0;2;0;1;1;0.8526;21.97
6;5;1;2;0;1;0;0.8526;22.74
6;5;1;2;0;0;0;0.8526;23.01
6;4;1;2;0;0;0;0.8526;23.06
6;1;1;2;0;0;0;0.8526;23.21
0;3;1;2;0;0;1;0.8526;23.4
6;4;1;2;0;1;0;0.8526;23.83
6;0;1;2;0;0;1;0.8526;23.95
6;2;1;2;0;0;0;0.8526;23.96
6;4;1;2;0;1;1;0.8526;23.97
6;1;1;2;0;1;1;0.8526;24.09
6;2;1;2;0;1;0;0.8526;24.21
0;4;1;2;0;1;1;0.8526;24.33
6;5;1;2;0;1;1;0.8526;24.37
0;5;1;2;0;0;1;0.8526;24.53
0;5;1;2;0;1;1;0.8526;24.77
0;1;1;2;0;0;1;0.8526;25.05
6;2;1;2;0;0;1;0.8526;26.09
6;4;1;2;0;0;1;0.8526;26.57
6;5;1;2;0;0;1;0.8526;26.79
6;1;1;2;0;0;1;0.8526;26.9
6;3;1;2;0;0;1;0.8526;27.08
6;2;1;2;0;1;1;0.8526;28.56
0;0;2;2;1;1;0;0.8468;7.97
0;5;2;2;1;1;0;0.8468;8.58
0;0;2;2;0;0;0;0.8468;9.21
0;5;2;2;1;0;0;0.8468;9.35
0;1;2;2;0;0;0;0.8468;9.41
0;2;2;2;1;0;0;0.8468;9.75
0;2;2;2;1;1;0;0.8468;10.34
0;3;2;2;0;0;1;0.8468;10.57
6;4;2;2;0;0;0;0.8468;11.56
0;1;2;2;0;0;1;0.8468;11.64
6;0;2;2;0;1;0;0.8468;12.2
6;1;2;2;0;1;0;0.8468;12.6
6;5;2;2;0;0;0;0.8468;12.64
6;1;2;2;1;1;0;0.8468;12.67
0;2;2;2;0;0;0;0.8468;12.68
0;5;2;2;1;1;1;0.8468;13.01
0;1;2;2;0;1;0;0.8468;13.11
0;5;2;2;0;0;0;0.8468;13.43
6;4;2;2;1;0;0;0.8468;13.44
6;5;2;2;1;1;0;0.8468;13.48
0;4;2;2;1;0;0;0.8468;13.63
0;5;2;2;0;1;0;0.8468;13.73
0;3;2;2;1;0;1;0.8468;13.77
0;1;2;2;0;1;1;0.8468;13.82
0;0;2;2;1;1;1;0.8468;13.84
0;3;2;2;0;0;0;0.8468;13.85
6;0;2;2;1;1;0;0.8468;13.89
6;0;2;2;1;0;0;0.8468;13.97
0;3;2;2;0;1;0;0.8468;14.0
0;5;2;2;1;0;1;0.8468;14.24
0;5;2;2;0;1;1;0.8468;14.3
0;1;2;2;1;0;1;0.8468;14.36
6;3;2;2;0;1;0;0.8468;14.4
6;2;2;2;0;0;1;0.8468;14.47
6;4;2;2;0;0;1;0.8468;14.68
0;1;2;2;1;0;0;0.8468;14.78
6;0;2;2;0;0;0;0.8468;14.93
0;2;2;2;0;1;1;0.8468;15.02
6;2;2;2;1;0;1;0.8468;15.03
6;3;2;2;1;1;0;0.8468;15.1
0;4;2;2;0;0;0;0.8468;15.18
0;3;2;2;1;0;0;0.8468;15.25
0;0;2;2;1;0;0;0.8468;15.26
6;3;2;2;0;0;0;0.8468;15.35
0;1;2;2;1;1;0;0.8468;15.38
6;5;2;2;1;0;0;0.8468;15.39
0;2;2;2;1;1;1;0.8468;15.51
0;0;2;2;0;1;0;0.8468;15.52
0;2;2;2;0;1;0;0.8468;15.55
6;1;2;2;1;0;0;0.8468;15.57
0;4;2;2;1;1;0;0.8468;15.65
0;4;2;2;0;1;0;0.8468;15.69
0;3;2;2;0;1;1;0.8468;15.73
0;0;2;2;1;0;1;0.8468;15.77
2;0;2;2;1;1;1;0.8468;15.77
0;2;2;2;1;0;1;0.8468;15.78
0;3;2;2;1;1;0;0.8468;15.82
6;2;2;2;0;0;0;0.8468;16.04
0;2;2;2;0;0;1;0.8468;16.07
6;4;2;2;1;1;0;0.8468;16.18
0;4;2;2;1;0;1;0.8468;16.67
6;2;2;2;1;1;1;0.8468;16.68
0;5;2;2;0;0;1;0.8468;16.77
6;0;2;2;1;1;1;0.8468;16.98
6;4;2;2;0;1;1;0.8468;17.19
6;1;2;2;0;0;0;0.8468;17.52
0;0;2;2;0;0;1;0.8468;17.72
6;2;2;2;0;1;0;0.8468;17.76
6;1;2;2;0;1;1;0.8468;17.84
6;2;2;2;1;0;0;0.8468;17.89
6;3;2;2;1;0;0;0.8468;17.96
6;2;2;2;1;1;0;0.8468;18.02
6;5;2;2;0;1;0;0.8468;18.02
6;0;2;2;0;0;1;0.8468;18.3
0;1;2;2;1;1;1;0.8468;18.38
6;5;2;2;1;0;1;0.8468;18.41
6;2;2;2;0;1;1;0.8468;18.55
6;5;2;2;1;1;1;0.8468;19.19
0;0;2;2;0;1;1;0.8468;19.56
6;3;2;2;1;0;1;0.8468;19.6
6;4;2;2;0;1;0;0.8468;19.63
0;4;2;2;0;0;1;0.8468;19.64
0;4;2;2;1;1;1;0.8468;19.67
0;4;2;2;0;1;1;0.8468;19.8
2;0;2;2;0;1;0;0.8468;20.06
6;0;2;2;1;0;1;0.8468;20.15
6;4;2;2;1;0;1;0.8468;20.15
0;3;2;2;1;1;1;0.8468;20.18
6;5;2;2;0;0;1;0.8468;20.19
6;4;2;2;1;1;1;0.8468;20.93
2;0;2;2;0;0;0;0.8468;20.96
6;0;2;2;0;1;1;0.8468;21.48
2;0;2;2;1;1;0;0.8468;21.5
6;3;2;2;0;0;1;0.8468;21.53
6;1;2;2;1;1;1;0.8468;21.56
6;5;2;2;0;1;1;0.8468;21.59
2;0;2;2;1;0;1;0.8468;21.76
6;1;2;2;0;0;1;0.8468;21.82
6;1;2;2;1;0;1;0.8468;22.13
6;3;2;2;1;1;1;0.8468;22.31
2;0;2;2;1;0;0;0.8468;22.42
6;3;2;2;0;1;1;0.8468;22.54
2;0;2;2;0;1;1;0.8468;24.45
2;0;2;2;0;0;1;0.8468;26.49
1;3;4;0;0;1;0;0.7986;20.74
1;1;4;0;0;1;0;0.7986;21.27
1;5;4;0;0;1;0;0.7986;21.75
1;4;4;0;0;1;1;0.7986;22.8
1;4;4;0;0;1;0;0.7986;22.94
1;1;4;0;0;1;1;0.7986;25.33
1;2;4;0;0;1;1;0.7986;25.75
1;3;4;0;0;1;1;0.7986;26.23
1;5;4;0;0;1;1;0.7986;26.79
1;2;4;0;0;1;0;0.7986;26.96
1;0;4;0;0;1;0;0.7986;29.58
1;0;4;0;0;1;1;0.7986;30.76
4;1;4;0;0;0;0;0.7944;15.7
5;3;4;0;1;0;0;0.7944;18.5
4;0;4;0;0;0;0;0.7944;19.01
4;5;4;0;0;0;0;0.7944;19.41
4;2;4;0;0;0;0;0.7944;19.52
4;5;4;0;0;0;1;0.7944;19.77
5;3;4;0;1;0;1;0.7944;19.95
5;0;4;0;1;0;1;0.7944;20.57
4;1;4;0;0;0;1;0.7944;20.94
4;2;4;0;0;0;1;0.7944;23.22
5;1;4;0;1;0;0;0.7944;23.55
5;0;5;0;0;0;1;0.7944;26.32
5;1;5;0;0;0;0;0.7944;26.52
5;4;4;0;1;0;0;0.7944;27.08
5;0;4;0;1;0;0;0.7944;27.67
5;4;4;0;1;0;1;0.7944;27.92
5;4;5;0;0;0;0;0.7944;28.12
4;2;5;0;1;0;0;0.7944;28.54
5;3;5;0;0;0;1;0.7944;28.57
5;1;4;0;1;0;1;0.7944;29.01
4;0;4;0;0;0;1;0.7944;29.31
5;0;5;0;0;0;0;0.7944;29.41
5;3;5;0;0;0;0;0.7944;30.07
4;5;5;0;1;0;0;0.7944;30.43
5;4;5;0;0;0;1;0.7944;31.95
4;1;5;0;1;0;0;0.7944;32.09
5;1;5;0;0;0;1;0.7944;32.95
4;1;5;0;1;0;1;0.7944;34.66
4;5;5;0;1;0;1;0.7944;36.85
4;2;5;0;1;0;1;0.7944;37.08
1;3;4;0;0;0;0;0.7149;14.23
1;2;4;0;0;0;0;0.7149;16.93
1;1;4;0;0;0;0;0.7149;19.33
1;3;4;0;0;0;1;0.7149;19.81
1;4;4;0;0;0;1;0.7149;20.06
1;5;4;0;0;0;0;0.7149;20.96
1;4;4;0;0;0;0;0.7149;21.7
1;0;4;0;0;0;0;0.7149;22.07
1;0;4;0;0;0;1;0.7149;22.22
1;5;4;0;0;0;1;0.7149;23.5
1;1;4;0;0;0;1;0.7149;24.57
1;2;4;0;0;0;1;0.7149;25.7
4;5;4;0;0;1;0;0.7116;17.63
4;0;4;0;0;1;0;0.7116;23.53
4;5;4;0;0;1;1;0.7116;24.01
4;2;4;0;0;1;0;0.7116;27.1
4;0;4;0;0;1;1;0.7116;28.0
4;2;4;0;0;1;1;0.7116;28.04
5;0;4;0;1;1;0;0.6896;16.78
5;3;4;0;1;1;0;0.6896;17.58
5;3;4;0;1;1;1;0.6896;25.39
5;3;5;0;0;1;0;0.6896;25.41
5;0;5;0;0;1;0;0.6896;25.74
5;4;4;0;1;1;0;0.6896;26.76
5;1;4;0;1;1;0;0.6896;27.54
5;4;5;0;0;1;0;0.6896;28.77
5;1;5;0;0;1;1;0.6896;29.51
5;4;4;0;1;1;1;0.6896;29.72
5;0;4;0;1;1;1;0.6896;32.05
5;1;4;0;1;1;1;0.6896;33.08
5;0;5;0;0;1;1;0.6896;33.27
5;3;5;0;0;1;1;0.6896;33.91
5;1;5;0;0;1;0;0.6896;34.13
5;4;5;0;0;1;1;0.6896;35.14
4;1;4;0;0;1;0;0.6571;18.89
4;1;4;0;0;1;1;0.6571;24.78
4;5;5;0;1;1;0;0.6551;28.01
4;2;5;0;1;1;0;0.6551;30.97
4;1;5;0;1;1;0;0.6551;31.89
4;1;5;0;1;1;1;0.6551;33.13
4;2;5;0;1;1;1;0.6551;37.79
4;5;5;0;1;1;1;0.6551;38.77
1;0;5;0;1;1;1;0.6542;31.01
1;0;5;0;1;1;0;0.6542;31.04
1;4;5;0;1;1;1;0.6542;32.77
1;3;5;0;1;1;1;0.6542;34.01
1;5;5;0;1;1;1;0.6542;35.57
1;2;5;0;1;1;1;0.6542;36.08
1;4;5;0;1;1;0;0.6542;37.18
1;2;5;0;1;1;0;0.6542;37.56
1;3;5;0;1;1;0;0.6542;37.74
1;5;5;0;1;1;0;0.6542;38.54
1;1;5;0;1;1;1;0.6542;47.64
1;1;5;0;1;1;0;0.6542;48.72
6;4;4;0;0;0;0;0.5862;25.05
6;3;4;0;0;0;1;0.5862;28.76
6;3;4;0;0;0;0;0.5862;30.91
6;4;4;0;0;0;1;0.5862;36.3
6;2;4;0;0;0;0;0.586;21.72
6;5;4;0;0;0;0;0.586;23.66
6;2;4;0;0;0;1;0.586;34.17
6;5;4;0;0;0;1;0.586;39.88
2;0;3;2;0;0;0;0.5844;13.86
2;0;3;2;1;1;1;0.5844;16.68
2;0;3;2;1;0;0;0.5844;17.4
2;0;3;2;0;1;0;0.5844;17.75
2;0;3;2;1;0;1;0.5844;18.37
2;0;3;2;1;1;0;0.5844;18.55
2;0;3;2;0;1;1;0.5844;19.1
2;0;3;2;0;0;1;0.5844;22.47
0;3;3;2;0;1;0;0.5836;8.37
6;3;3;2;0;0;0;0.5836;8.46
0;4;3;2;1;1;0;0.5836;8.68
6;1;3;2;1;0;0;0.5836;9.32
0;3;3;2;1;1;0;0.5836;9.61
0;0;3;2;1;1;0;0.5836;9.62
0;3;3;2;0;1;1;0.5836;9.64
0;1;3;2;0;1;0;0.5836;9.85
6;0;3;2;0;1;0;0.5836;10.11
0;4;3;2;0;0;0;0.5836;10.14
0;3;3;2;1;0;1;0.5836;10.46
6;4;3;2;0;0;0;0.5836;10.49
0;1;3;2;1;0;0;0.5836;10.52
0;3;3;2;1;1;1;0.5836;10.8
0;0;3;2;1;0;0;0.5836;10.81
6;0;3;2;1;1;0;0.5836;10.83
0;3;3;2;0;0;0;0.5836;11.03
6;0;3;2;0;1;1;0.5836;11.1
0;0;3;2;0;1;0;0.5836;11.12
0;1;3;2;0;0;0;0.5836;11.42
6;1;3;2;0;0;0;0.5836;11.42
0;4;3;2;1;0;1;0.5836;11.53
6;4;3;2;0;1;0;0.5836;11.54
6;0;3;2;1;0;0;0.5836;11.66
0;0;3;2;0;0;0;0.5836;11.77
0;3;3;2;1;0;0;0.5836;11.77
0;1;3;2;1;1;0;0.5836;11.81
0;0;3;2;1;1;1;0.5836;12.0
0;0;3;2;0;1;1;0.5836;12.16
0;4;3;2;1;0;0;0.5836;12.39
0;1;3;2;0;0;1;0.5836;12.5
6;4;3;2;1;1;0;0.5836;12.53
0;4;3;2;0;1;0;0.5836;12.85
6;1;3;2;0;1;0;0.5836;13.46
6;3;3;2;0;0;1;0.5836;13.46
6;1;3;2;1;1;0;0.5836;13.75
6;0;3;2;0;0;0;0.5836;13.77
0;1;3;2;1;0;1;0.5836;13.83
6;0;3;2;0;0;1;0.5836;13.84
6;4;3;2;0;0;1;0.5836;14.32
6;1;3;2;0;0;1;0.5836;14.42
6;3;3;2;0;1;0;0.5836;14.42
6;3;3;2;1;0;0;0.5836;14.46
0;0;3;2;1;0;1;0.5836;14.64
6;1;3;2;0;1;1;0.5836;14.78
0;4;3;2;0;0;1;0.5836;14.8
0;3;3;2;0;0;1;0.5836;14.82
0;4;3;2;1;1;1;0.5836;14.97
6;4;3;2;1;0;0;0.5836;14.99
6;3;3;2;1;1;0;0.5836;15.16
0;1;3;2;0;1;1;0.5836;15.42
0;0;3;2;0;0;1;0.5836;15.58
6;0;3;2;1;0;1;0.5836;15.58
6;4;3;2;1;0;1;0.5836;15.59
6;3;3;2;0;1;1;0.5836;15.87
0;1;3;2;1;1;1;0.5836;15.91
6;0;3;2;1;1;1;0.5836;15.96
6;4;3;2;1;1;1;0.5836;16.5
0;4;3;2;0;1;1;0.5836;17.05
6;1;3;2;1;0;1;0.5836;17.7
6;3;3;2;1;0;1;0.5836;18.33
6;1;3;2;1;1;1;0.5836;18.67
6;3;3;2;1;1;1;0.5836;18.75
6;4;3;2;0;1;1;0.5836;19.46
6;5;3;2;0;1;0;0.5817;7.54
0;2;3;2;0;1;0;0.5817;8.89
0;5;3;2;1;0;0;0.5817;9.28
6;2;3;2;1;1;0;0.5817;9.67
6;2;3;2;0;0;1;0.5817;10.0
6;5;3;2;0;0;0;0.5817;10.15
0;5;3;2;1;1;0;0.5817;10.67
6;5;3;2;1;0;0;0.5817;10.88
0;2;3;2;0;0;0;0.5817;11.41
0;2;3;2;1;0;0;0.5817;11.46
0;2;3;2;1;1;0;0.5817;11.94
6;5;3;2;1;1;0;0.5817;11.99
0;5;3;2;0;0;0;0.5817;12.02
6;2;3;2;0;1;0;0.5817;12.43
6;2;3;2;1;0;0;0.5817;12.46
6;5;3;2;0;1;1;0.5817;12.57
0;2;3;2;0;1;1;0.5817;12.72
0;5;3;2;0;1;0;0.5817;12.9
6;2;3;2;0;1;1;0.5817;13.5
6;5;3;2;1;0;1;0.5817;13.66
6;2;3;2;0;0;0;0.5817;14.24
0;2;3;2;0;0;1;0.5817;14.25
0;5;3;2;1;1;1;0.5817;14.82
0;5;3;2;0;1;1;0.5817;15.4
6;2;3;2;1;0;1;0.5817;15.5
0;2;3;2;1;0;1;0.5817;15.8
0;5;3;2;1;0;1;0.5817;15.83
0;5;3;2;0;0;1;0.5817;16.15
6;5;3;2;1;1;1;0.5817;17.13
0;2;3;2;1;1;1;0.5817;17.19
6;5;3;2;0;0;1;0.5817;17.91
6;2;3;2;1;1;1;0.5817;18.22
6;3;4;0;0;1;1;0.58;26.1
6;3;5;2;1;1;0;0.58;27.2
6;1;5;1;1;1;0;0.58;28.98
6;4;5;1;1;1;0;0.58;29.92
6;0;5;1;1;1;1;0.58;30.37
6;0;5;2;1;1;1;0.58;31.5
6;1;5;1;1;1;1;0.58;32.25
6;3;4;0;0;1;0;0.58;32.41
6;3;5;2;1;1;1;0.58;32.78
6;4;5;1;1;1;1;0.58;33.88
6;4;4;0;0;1;0;0.58;34.03
6;0;5;1;1;1;0;0.58;34.31
6;3;5;1;1;1;0;0.58;34.4
6;0;5;2;1;1;0;0.58;35.19
6;4;5;2;1;1;0;0.58;36.72
6;4;4;0;0;1;1;0.58;36.84
6;3;5;1;1;1;1;0.58;37.54
6;4;5;2;1;1;1;0.58;39.9
6;4;5;0;1;1;0;0.58;40.22
6;1;5;2;1;1;0;0.58;40.77
6;1;5;0;1;1;0;0.58;41.38
6;0;5;0;1;1;0;0.58;43.67
6;0;5;0;1;1;1;0.58;43.86
6;1;5;0;1;1;1;0.58;46.03
6;3;5;0;1;1;0;0.58;46.14
6;4;5;0;1;1;1;0.58;47.48
6;1;5;2;1;1;1;0.58;50.21
6;3;5;0;1;1;1;0.58;62.47
6;1;5;1;1;0;0;0.5751;25.21
6;0;5;1;1;0;0;0.5751;33.92
6;0;5;2;1;0;0;0.5751;35.14
6;0;5;1;1;0;1;0.5751;36.33
6;1;5;1;1;0;1;0.5751;36.87
6;0;5;2;1;0;1;0.5751;36.92
6;1;5;2;1;0;0;0.5751;40.91
6;0;5;0;1;0;0;0.5751;43.25
6;1;5;2;1;0;1;0.5751;43.45
6;1;5;0;1;0;0;0.5751;43.66
6;1;5;0;1;0;1;0.5751;44.39
6;0;5;0;1;0;1;0.5751;44.82
5;2;3;2;1;0;0;0.5718;7.87
5;1;3;2;0;0;0;0.5718;8.98
5;0;3;2;0;0;0;0.5718;9.3
5;0;3;2;0;1;0;0.5718;9.85
5;1;3;2;1;1;1;0.5718;10.2
5;1;3;2;1;1;0;0.5718;10.55
5;0;3;2;1;1;1;0.5718;10.89
5;5;3;2;1;0;0;0.5718;11.08
5;2;3;2;0;0;0;0.5718;11.14
5;2;3;2;1;1;0;0.5718;11.38
5;5;3;2;1;1;0;0.5718;11.41
5;0;3;2;1;0;1;0.5718;11.82
5;0;3;2;1;1;0;0.5718;12.19
5;5;3;2;0;1;0;0.5718;12.52
5;1;3;2;1;0;0;0.5718;12.58
5;5;3;2;0;0;0;0.5718;12.84
5;0;3;2;0;0;1;0.5718;13.14
5;2;3;2;0;1;0;0.5718;13.27
5;0;3;2;1;0;0;0.5718;13.3
5;1;3;2;1;0;1;0.5718;14.06
5;1;3;2;0;1;1;0.5718;14.22
5;2;3;2;0;0;1;0.5718;14.4
5;2;3;2;1;1;1;0.5718;14.83
5;2;3;2;1;0;1;0.5718;15.28
5;5;3;2;1;0;1;0.5718;16.17
5;5;3;2;0;1;1;0.5718;16.8
5;1;3;2;0;1;0;0.5718;17.05
5;1;3;2;0;0;1;0.5718;17.45
5;5;3;2;0;0;1;0.5718;18.06
5;2;3;2;0;1;1;0.5718;18.21
5;5;3;2;1;1;1;0.5718;18.36
5;0;3;2;0;1;1;0.5718;18.46
6;1;4;1;0;0;0;0.5694;20.65
6;1;4;1;0;0;1;0.5694;22.65
6;1;4;0;0;0;0;0.5694;26.11
6;1;4;0;0;0;1;0.5694;39.4
5;3;3;2;0;0;0;0.5668;8.14
5;4;3;2;1;1;0;0.5668;9.0
5;3;3;2;0;1;0;0.5668;9.44
5;3;3;2;1;0;0;0.5668;10.0
5;3;3;2;0;0;1;0.5668;10.47
5;3;3;2;1;1;0;0.5668;11.94
5;4;3;2;1;0;1;0.5668;12.41
5;4;3;2;0;1;0;0.5668;12.74
5;3;3;2;1;0;1;0.5668;13.24
5;4;3;2;1;0;0;0.5668;13.98
5;3;3;2;1;1;1;0.5668;14.34
5;4;3;2;0;0;0;0.5668;14.63
5;3;3;2;0;1;1;0.5668;15.96
5;4;3;2;0;1;1;0.5668;17.37
5;4;3;2;0;0;1;0.5668;17.69
5;4;3;2;1;1;1;0.5668;18.4
1;3;3;2;1;1;0;0.5649;5.45
1;0;3;2;1;1;0;0.5649;5.69
1;5;3;2;1;1;0;0.5649;7.43
1;1;3;2;1;1;1;0.5649;7.99
1;0;3;2;1;1;1;0.5649;8.1
1;3;3;2;1;1;1;0.5649;8.37
1;2;3;2;1;1;0;0.5649;8.42
1;1;3;2;1;1;0;0.5649;9.73
1;3;3;2;0;1;0;0.5649;9.86
1;0;3;2;0;1;0;0.5649;9.89
1;1;3;2;0;1;0;0.5649;9.92
1;4;3;2;0;1;0;0.5649;9.94
1;2;3;2;0;1;0;0.5649;9.95
1;4;3;2;1;1;0;0.5649;10.12
1;5;3;2;0;1;0;0.5649;10.19
1;2;3;2;0;1;1;0.5649;10.55
1;5;3;2;1;1;1;0.5649;11.73
1;1;3;2;0;1;1;0.5649;13.04
1;0;3;2;0;1;1;0.5649;13.3
1;3;3;2;0;1;1;0.5649;13.34
1;4;3;2;0;1;1;0.5649;13.42
1;2;3;2;1;1;1;0.5649;13.61
1;4;3;2;1;1;1;0.5649;13.67
1;5;3;2;0;1;1;0.5649;14.52
3;2;3;2;0;1;0;0.5633;7.4
3;0;3;2;0;1;1;0.5633;8.51
3;5;3;2;1;1;1;0.5633;8.85
3;2;3;2;0;1;1;0.5633;9.06
3;5;3;2;1;1;0;0.5633;9.09
3;4;3;2;1;1;0;0.5633;9.29
3;5;3;2;0;1;0;0.5633;10.14
3;1;3;2;0;1;0;0.5633;10.35
3;3;3;2;1;1;0;0.5633;10.93
3;0;3;2;0;1;0;0.5633;11.33
3;0;3;2;1;1;0;0.5633;11.84
3;4;3;2;0;1;0;0.5633;11.89
3;3;3;2;0;1;0;0.5633;12.06
3;1;3;2;1;1;1;0.5633;12.08
3;5;3;2;0;1;1;0.5633;12.35
3;1;3;2;0;1;1;0.5633;12.42
3;1;3;2;1;1;0;0.5633;12.49
3;2;3;2;1;1;0;0.5633;14.11
3;4;3;2;0;1;1;0.5633;15.73
3;0;3;2;1;1;1;0.5633;15.75
3;3;3;2;1;1;1;0.5633;15.75
3;3;3;2;0;1;1;0.5633;15.76
3;4;3;2;1;1;1;0.5633;15.82
3;2;3;2;1;1;1;0.5633;16.83
1;3;3;2;0;0;0;0.5621;5.25
1;1;3;2;1;0;0;0.5621;7.16
1;5;3;2;1;0;0;0.5621;7.16
1;0;3;2;1;0;0;0.5621;8.13
1;2;3;2;1;0;1;0.5621;8.42
1;5;3;2;0;0;0;0.5621;8.51
1;4;3;2;1;0;0;0.5621;8.66
1;1;3;2;0;0;0;0.5621;8.76
1;2;3;2;0;0;0;0.5621;9.42
1;4;3;2;0;0;0;0.5621;9.42
1;3;3;2;1;0;0;0.5621;9.51
1;2;3;2;1;0;0;0.5621;9.57
1;5;3;2;0;0;1;0.5621;9.57
1;0;3;2;0;0;0;0.5621;9.63
1;1;3;2;0;0;1;0.5621;10.52
1;1;3;2;1;0;1;0.5621;10.89
1;0;3;2;1;0;1;0.5621;11.03
1;3;3;2;0;0;1;0.5621;11.03
1;5;3;2;1;0;1;0.5621;12.3
1;3;3;2;1;0;1;0.5621;12.96
1;0;3;2;0;0;1;0.5621;12.97
1;4;3;2;1;0;1;0.5621;12.98
1;2;3;2;0;0;1;0.5621;13.0
1;4;3;2;0;0;1;0.5621;13.23
6;5;4;1;0;0;0;0.5621;13.95
6;2;4;1;0;0;0;0.5621;15.69
6;5;4;1;0;0;1;0.5621;24.26
6;2;4;1;0;0;1;0.5621;24.87
4;0;3;2;1;1;0;0.561;8.05
4;4;3;2;1;1;0;0.561;9.37
4;3;3;2;0;1;0;0.561;9.57
4;1;3;2;1;1;0;0.561;10.14
4;2;3;2;1;1;1;0.561;10.16
4;4;3;2;0;1;0;0.561;10.8
4;5;3;2;0;1;1;0.561;11.26
4;2;3;2;1;1;0;0.561;11.32
4;5;3;2;0;1;0;0.561;12.2
4;2;3;2;0;1;0;0.561;12.25
4;5;3;2;1;1;0;0.561;12.29
4;3;3;2;1;1;1;0.561;12.77
4;0;3;2;0;1;0;0.561;12.84
4;3;3;2;1;1;0;0.561;13.03
4;1;3;2;0;1;0;0.561;13.09
4;5;3;2;1;1;1;0.561;13.17
4;2;3;2;0;1;1;0.561;13.36
4;1;3;2;1;1;1;0.561;14.39
4;4;3;2;0;1;1;0.561;14.41
4;4;3;2;1;1;1;0.561;14.9
4;1;3;2;0;1;1;0.561;15.1
4;0;3;2;1;1;1;0.561;15.79
4;3;3;2;0;1;1;0.561;16.97
4;0;3;2;0;1;1;0.561;17.28
3;5;3;2;0;0;0;0.5559;6.32
3;4;3;2;0;0;0;0.5559;7.66
3;0;3;2;0;0;1;0.5559;9.63
3;3;3;2;0;0;0;0.5559;10.18
3;1;3;2;1;0;0;0.5559;10.3
3;2;3;2;0;0;0;0.5559;10.78
3;5;3;2;0;0;1;0.5559;10.89
3;2;3;2;1;0;0;0.5559;11.01
3;0;3;2;0;0;0;0.5559;11.36
3;4;3;2;1;0;0;0.5559;11.44
3;1;3;2;0;0;0;0.5559;11.49
3;3;3;2;1;0;0;0.5559;11.61
3;5;3;2;1;0;0;0.5559;11.63
3;0;3;2;1;0;0;0.5559;11.9
3;2;3;2;0;0;1;0.5559;12.56
3;3;3;2;1;0;1;0.5559;12.57
3;0;3;2;1;0;1;0.5559;14.01
3;4;3;2;1;0;1;0.5559;14.15
3;2;3;2;1;0;1;0.5559;15.17
3;1;3;2;1;0;1;0.5559;15.48
3;5;3;2;1;0;1;0.5559;15.55
3;4;3;2;0;0;1;0.5559;15.64
3;1;3;2;0;0;1;0.5559;15.76
3;3;3;2;0;0;1;0.5559;15.8
4;5;3;2;1;0;0;0.5537;7.63
4;0;3;2;0;0;0;0.5537;9.06
4;2;3;2;1;0;0;0.5537;9.48
4;4;3;2;0;0;0;0.5537;9.69
4;3;3;2;1;0;0;0.5537;10.28
4;5;3;2;0;0;0;0.5537;10.41
4;3;3;2;0;0;0;0.5537;10.87
4;2;3;2;0;0;0;0.5537;11.05
4;1;3;2;1;0;1;0.5537;11.4
4;4;3;2;1;0;0;0.5537;11.69
4;1;3;2;0;0;0;0.5537;11.79
4;1;3;2;1;0;0;0.5537;11.79
4;0;3;2;1;0;0;0.5537;12.69
4;4;3;2;0;0;1;0.5537;12.95
4;0;3;2;1;0;1;0.5537;13.51
4;2;3;2;0;0;1;0.5537;13.59
4;3;3;2;1;0;1;0.5537;13.63
4;2;3;2;1;0;1;0.5537;14.17
4;5;3;2;0;0;1;0.5537;14.49
4;3;3;2;0;0;1;0.5537;15.83
4;5;3;2;1;0;1;0.5537;16.08
4;1;3;2;0;0;1;0.5537;16.15
4;0;3;2;0;0;1;0.5537;16.41
4;4;3;2;1;0;1;0.5537;18.53
6;2;5;2;1;0;0;0.5506;31.58
6;5;5;1;1;0;0;0.5506;31.68
6;5;5;2;1;0;1;0.5506;33.53
6;2;5;1;1;0;0;0.5506;34.03
6;5;5;2;1;0;0;0.5506;36.73
6;2;5;2;1;0;1;0.5506;39.18
6;5;5;1;1;0;1;0.5506;40.52
6;2;5;1;1;0;1;0.5506;41.02
1;3;5;0;1;0;1;0.5462;30.1
1;1;5;0;1;0;0;0.5462;32.3
1;4;5;0;1;0;0;0.5462;35.15
1;3;5;0;1;0;0;0.5462;36.14
1;4;5;0;1;0;1;0.5462;36.26
1;1;5;0;1;0;1;0.5462;38.29
1;5;5;0;1;0;0;0.5397;26.95
1;2;5;0;1;0;0;0.5397;29.91
1;0;5;0;1;0;1;0.5397;31.41
1;0;5;0;1;0;0;0.5397;32.34
1;5;5;0;1;0;1;0.5397;37.37
1;2;5;0;1;0;1;0.5397;38.12
6;3;5;2;1;0;0;0.53;29.29
6;4;5;2;1;0;0;0.53;31.26
6;4;5;1;1;0;0;0.53;31.79
6;3;5;1;1;0;0;0.53;35.01
6;4;5;1;1;0;1;0.53;35.42
6;4;5;2;1;0;1;0.53;36.29
6;3;5;2;1;0;1;0.53;36.96
6;3;5;1;1;0;1;0.53;40.3
6;4;5;0;1;0;0;0.53;40.62
6;3;5;0;1;0;1;0.53;42.18
6;4;5;0;1;0;1;0.53;42.82
6;3;5;0;1;0;0;0.53;43.08
6;0;4;1;0;0;1;0.5251;14.24
6;0;4;1;0;0;0;0.5251;17.34
6;3;4;1;0;0;1;0.5251;17.7
6;4;4;1;0;0;0;0.5251;23.32
6;3;4;1;0;0;0;0.5251;24.39
6;4;4;1;0;0;1;0.5251;24.68
6;0;4;0;0;0;1;0.5251;25.35
6;0;4;0;0;0;0;0.5251;28.05
5;2;3;1;1;1;0;0.3592;7.32
5;1;3;1;1;1;1;0.3592;7.57
5;0;3;1;0;1;1;0.3592;8.38
5;5;3;1;0;1;0;0.3592;8.45
5;2;3;1;1;1;1;0.3592;8.6
5;1;3;1;1;1;0;0.3592;9.09
5;2;3;1;0;1;1;0.3592;9.51
5;0;3;1;1;1;0;0.3592;10.13
5;0;3;1;0;1;0;0.3592;10.63
5;5;3;1;1;1;0;0.3592;10.91
5;2;3;1;0;1;0;0.3592;12.2
5;1;3;1;0;1;0;0.3592;12.33
5;5;3;1;0;1;1;0.3592;13.61
5;5;3;1;1;1;1;0.3592;13.74
5;1;3;1;0;1;1;0.3592;14.49
5;0;3;1;1;1;1;0.3592;14.69
3;4;3;1;1;1;0;0.3582;5.66
3;2;3;1;1;1;0;0.3582;6.12
3;5;3;1;1;1;0;0.3582;6.25
3;3;3;1;1;1;1;0.3582;6.26
3;4;3;1;1;1;1;0.3582;6.63
3;2;3;1;0;1;0;0.3582;6.74
3;0;3;1;0;1;0;0.3582;7.26
3;2;3;1;1;1;1;0.3582;7.27
3;5;3;1;1;1;1;0.3582;7.67
3;5;3;1;0;1;1;0.3582;7.97
3;3;3;1;1;1;0;0.3582;8.42
3;4;3;1;0;1;0;0.3582;8.46
3;0;3;1;0;1;1;0.3582;8.66
3;3;3;1;0;1;0;0.3582;8.82
3;0;3;1;1;1;0;0.3582;8.93
3;5;3;1;0;1;0;0.3582;9.65
3;1;3;1;0;1;0;0.3582;9.73
3;1;3;1;1;1;0;0.3582;9.76
3;4;3;1;0;1;1;0.3582;10.91
3;3;3;1;0;1;1;0.3582;11.26
3;0;3;1;1;1;1;0.3582;11.59
3;2;3;1;0;1;1;0.3582;11.66
3;1;3;1;0;1;1;0.3582;11.73
3;1;3;1;1;1;1;0.3582;12.12
5;3;3;1;1;1;0;0.358;6.6
5;4;3;1;1;1;0;0.358;12.4
5;4;3;1;0;1;0;0.358;12.41
5;3;3;1;1;1;1;0.358;12.91
5;3;3;1;0;1;0;0.358;13.43
5;4;3;1;0;1;1;0.358;14.44
5;4;3;1;1;1;1;0.358;14.58
5;3;3;1;0;1;1;0.358;15.4
0;0;3;1;0;1;1;0.3578;6.41
0;3;3;1;1;1;1;0.3578;6.46
0;5;3;1;1;1;0;0.3578;6.75
0;2;3;1;0;1;0;0.3578;7.25
6;2;3;1;1;1;0;0.3578;7.55
6;1;3;1;1;1;0;0.3578;7.79
6;3;3;1;1;1;0;0.3578;8.56
0;5;3;1;0;1;0;0.3578;8.61
0;4;3;1;1;1;0;0.3578;8.92
6;2;3;1;0;1;0;0.3578;8.94
0;0;3;1;0;1;0;0.3578;9.25
6;0;3;1;0;1;0;0.3578;9.48
0;4;3;1;0;1;0;0.3578;9.56
0;3;3;1;1;1;0;0.3578;9.65
0;1;3;1;1;1;0;0.3578;9.66
0;2;3;1;1;1;0;0.3578;9.68
0;0;3;1;1;1;0;0.3578;9.72
0;1;3;1;0;1;0;0.3578;9.93
0;5;3;1;1;1;1;0.3578;10.09
6;0;3;1;1;1;0;0.3578;10.14
0;3;3;1;0;1;0;0.3578;10.5
0;1;3;1;0;1;1;0.3578;10.56
6;0;3;1;1;1;1;0.3578;10.79
6;4;3;1;1;1;0;0.3578;10.82
0;4;3;1;1;1;1;0.3578;11.03
6;3;3;1;0;1;0;0.3578;11.57
6;3;3;1;1;1;1;0.3578;11.65
0;2;3;1;0;1;1;0.3578;11.86
0;4;3;1;0;1;1;0.3578;11.87
0;5;3;1;0;1;1;0.3578;11.87
0;2;3;1;1;1;1;0.3578;11.89
0;1;3;1;1;1;1;0.3578;11.95
6;2;3;1;0;1;1;0.3578;12.06
6;5;3;1;1;1;0;0.3578;12.15
6;5;3;1;0;1;0;0.3578;12.21
0;3;3;1;0;1;1;0.3578;12.27
6;1;3;1;1;1;1;0.3578;12.48
0;0;3;1;1;1;1;0.3578;12.61
6;1;3;1;0;1;0;0.3578;12.69
6;4;3;1;0;1;0;0.3578;12.81
6;3;3;1;0;1;1;0.3578;13.0
6;5;3;1;1;1;1;0.3578;13.51
6;5;3;1;0;1;1;0.3578;14.74
6;4;3;1;1;1;1;0.3578;14.82
6;2;3;1;1;1;1;0.3578;15.01
6;1;3;1;0;1;1;0.3578;15.25
6;0;3;1;0;1;1;0.3578;15.3
6;4;3;1;0;1;1;0.3578;15.79
3;4;3;1;1;0;0;0.3576;4.86
3;3;3;1;0;0;0;0.3576;6.05
3;0;3;1;1;0;0;0.3576;6.41
3;2;3;1;0;0;1;0.3576;7.42
3;1;3;1;1;0;0;0.3576;7.71
3;5;3;1;1;0;1;0.3576;8.02
3;5;3;1;0;0;0;0.3576;8.85
3;1;3;1;1;0;1;0.3576;9.03
3;2;3;1;1;0;1;0.3576;9.13
3;4;3;1;0;0;0;0.3576;9.39
3;0;3;1;0;0;0;0.3576;9.42
3;1;3;1;0;0;0;0.3576;9.46
3;4;3;1;0;0;1;0.3576;9.5
3;5;3;1;1;0;0;0.3576;9.57
3;2;3;1;1;0;0;0.3576;9.69
3;0;3;1;1;0;1;0.3576;9.94
3;2;3;1;0;0;0;0.3576;10.03
3;4;3;1;1;0;1;0.3576;10.05
3;3;3;1;1;0;0;0.3576;10.1
3;0;3;1;0;0;1;0.3576;11.52
3;1;3;1;0;0;1;0.3576;11.66
3;5;3;1;0;0;1;0.3576;11.98
3;3;3;1;1;0;1;0.3576;12.32
3;3;3;1;0;0;1;0.3576;12.58
5;0;3;1;0;0;0;0.3569;7.1
5;2;3;1;1;0;0;0.3569;7.77
5;0;3;1;1;0;0;0.3569;9.14
5;2;3;1;0;0;1;0.3569;9.87
5;5;3;1;0;0;0;0.3569;10.21
5;2;3;1;0;0;0;0.3569;10.39
5;5;3;1;1;0;1;0.3569;11.08
5;2;3;1;1;0;1;0.3569;11.85
5;5;3;1;1;0;0;0.3569;11.85
5;1;3;1;0;0;0;0.3569;11.87
5;1;3;1;1;0;0;0.3569;11.88
5;5;3;1;0;0;1;0.3569;12.2
5;0;3;1;0;0;1;0.3569;13.84
5;1;3;1;0;0;1;0.3569;14.25
5;1;3;1;1;0;1;0.3569;15.24
5;0;3;1;1;0;1;0.3569;15.72
5;3;3;1;0;0;0;0.3557;9.45
5;4;3;1;1;0;0;0.3557;10.6
5;3;3;1;1;0;0;0.3557;10.93
5;4;3;1;0;0;0;0.3557;12.26
5;3;3;1;0;0;1;0.3557;12.51
5;4;3;1;1;0;1;0.3557;13.18
5;3;3;1;1;0;1;0.3557;13.55
5;4;3;1;0;0;1;0.3557;14.65
4;2;3;1;1;1;0;0.3556;6.67
4;4;3;1;0;1;1;0.3556;6.83
4;3;3;1;1;1;0;0.3556;7.15
4;5;3;1;1;1;1;0.3556;7.35
4;5;3;1;0;1;0;0.3556;7.42
4;0;3;1;0;1;1;0.3556;7.82
4;5;3;1;1;1;0;0.3556;8.1
4;3;3;1;0;1;1;0.3556;8.18
4;2;3;1;0;1;0;0.3556;8.89
4;4;3;1;0;1;0;0.3556;8.99
4;2;3;1;1;1;1;0.3556;9.24
4;4;3;1;1;1;0;0.3556;9.29
4;0;3;1;1;1;0;0.3556;9.91
4;0;3;1;0;1;0;0.3556;9.92
4;1;3;1;0;1;0;0.3556;10.42
4;2;3;1;0;1;1;0.3556;10.66
4;4;3;1;1;1;1;0.3556;11.13
4;0;3;1;1;1;1;0.3556;11.31
4;3;3;1;1;1;1;0.3556;11.4
4;1;3;1;1;1;0;0.3556;11.44
4;5;3;1;0;1;1;0.3556;11.86
4;1;3;1;1;1;1;0.3556;12.26
4;1;3;1;0;1;1;0.3556;13.57
4;3;3;1;0;1;0;0.3556;26.72
2;0;3;1;0;1;0;0.3548;14.12
2;0;3;1;1;1;0;0.3548;14.87
2;0;3;1;1;1;1;0.3548;16.75
2;0;3;1;0;1;1;0.3548;18.44
4;1;3;1;0;0;0;0.3532;5.45
4;3;3;1;0;0;0;0.3532;6.72
4;0;3;1;1;0;1;0.3532;6.75
4;5;3;1;0;0;0;0.3532;7.23
4;5;3;1;1;0;0;0.3532;7.76
4;3;3;1;1;0;0;0.3532;7.77
4;0;3;1;1;0;0;0.3532;8.01
4;1;3;1;0;0;1;0.3532;8.45
4;2;3;1;0;0;0;0.3532;8.56
4;0;3;1;0;0;0;0.3532;9.56
4;2;3;1;1;0;0;0.3532;9.75
4;4;3;1;0;0;0;0.3532;9.83
4;2;3;1;1;0;1;0.3532;10.01
4;4;3;1;1;0;0;0.3532;10.23
4;4;3;1;1;0;1;0.3532;10.89
4;1;3;1;1;0;0;0.3532;11.21
4;3;3;1;0;0;1;0.3532;11.28
4;3;3;1;1;0;1;0.3532;11.67
4;0;3;1;0;0;1;0.3532;12.03
4;4;3;1;0;0;1;0.3532;12.07
4;5;3;1;0;0;1;0.3532;12.23
4;5;3;1;1;0;1;0.3532;12.43
4;2;3;1;0;0;1;0.3532;12.51
4;1;3;1;1;0;1;0.3532;12.74
0;1;3;1;1;0;0;0.3532;6.38
6;5;3;1;1;0;0;0.3532;6.39
0;5;3;1;0;0;0;0.3532;7.1
0;3;3;1;1;0;0;0.3532;7.93
0;5;3;1;0;0;1;0.3532;7.95
6;1;3;1;1;0;0;0.3532;8.02
0;3;3;1;1;0;1;0.3532;8.21
0;0;3;1;0;0;0;0.3532;8.87
0;2;3;1;1;0;0;0.3532;8.9
0;2;3;1;0;0;0;0.3532;9.32
0;1;3;1;0;0;0;0.3532;9.36
6;4;3;1;0;0;0;0.3532;9.38
0;2;3;1;1;0;1;0.3532;9.49
0;0;3;1;1;0;0;0.3532;9.52
0;4;3;1;0;0;0;0.3532;9.64
0;3;3;1;0;0;0;0.3532;9.95
0;5;3;1;1;0;1;0.3532;10.0
6;0;3;1;0;0;1;0.3532;10.16
0;3;3;1;0;0;1;0.3532;10.18
6;2;3;1;0;0;0;0.3532;10.37
6;5;3;1;1;0;1;0.3532;10.47
0;5;3;1;1;0;0;0.3532;10.66
6;2;3;1;1;0;1;0.3532;10.82
6;2;3;1;0;0;1;0.3532;10.83
0;2;3;1;0;0;1;0.3532;11.15
6;1;3;1;0;0;0;0.3532;11.23
0;0;3;1;1;0;1;0.3532;11.28
0;0;3;1;0;0;1;0.3532;11.32
6;1;3;1;1;0;1;0.3532;11.68
6;3;3;1;1;0;0;0.3532;11.8
6;2;3;1;1;0;0;0.3532;11.87
6;5;3;1;0;0;0;0.3532;11.99
0;4;3;1;1;0;1;0.3532;12.02
6;3;3;1;0;0;0;0.3532;12.09
6;3;3;1;1;0;1;0.3532;12.09
0;1;3;1;1;0;1;0.3532;12.11
0;1;3;1;0;0;1;0.3532;12.22
0;4;3;1;1;0;0;0.3532;12.23
6;0;3;1;0;0;0;0.3532;12.28
6;0;3;1;1;0;0;0.3532;12.6
6;4;3;1;1;0;0;0.3532;13.41
0;4;3;1;0;0;1;0.3532;13.68
6;3;3;1;0;0;1;0.3532;14.37
6;4;3;1;1;0;1;0.3532;14.66
6;5;3;1;0;0;1;0.3532;15.06
6;0;3;1;1;0;1;0.3532;15.24
6;4;3;1;0;0;1;0.3532;15.41
6;1;3;1;0;0;1;0.3532;16.59
3;0;3;0;0;0;1;0.3509;12.97
3;0;3;0;1;0;1;0.3509;13.77
3;0;3;0;1;1;1;0.3509;15.85
3;0;3;0;0;1;1;0.3509;17.22
3;0;3;0;1;0;0;0.3507;11.92
3;0;3;0;0;0;0;0.3507;12.45
3;0;3;0;0;1;0;0.3507;12.71
3;0;3;0;1;1;0;0.3507;13.86
1;3;3;1;1;1;0;0.3501;4.16
1;3;3;1;0;1;0;0.3501;4.6
1;5;3;1;1;1;1;0.3501;5.08
1;3;3;1;0;1;1;0.3501;5.2
1;5;3;1;1;1;0;0.3501;5.73
1;5;3;1;0;1;1;0.3501;6.42
1;4;3;1;0;1;1;0.3501;6.6
1;1;3;1;1;1;1;0.3501;7.16
1;2;3;1;1;1;0;0.3501;7.6
1;0;3;1;1;1;0;0.3501;7.62
1;4;3;1;0;1;0;0.3501;7.65
1;1;3;1;0;1;0;0.3501;7.68
1;0;3;1;0;1;0;0.3501;7.7
1;4;3;1;1;1;0;0.3501;7.73
1;5;3;1;0;1;0;0.3501;7.99
1;3;3;1;1;1;1;0.3501;8.03
1;2;3;1;0;1;0;0.3501;8.16
1;1;3;1;1;1;0;0.3501;8.58
1;0;3;1;0;1;1;0.3501;9.17
1;0;3;1;1;1;1;0.3501;9.56
1;4;3;1;1;1;1;0.3501;9.62
1;2;3;1;1;1;1;0.3501;9.63
1;1;3;1;0;1;1;0.3501;9.69
1;2;3;1;0;1;1;0.3501;9.85
5;0;3;0;0;0;1;0.3488;14.92
5;0;3;0;1;1;1;0.3488;16.8
5;0;3;0;0;1;1;0.3488;18.46
5;0;3;0;1;0;1;0.3488;18.91
5;0;3;0;1;1;0;0.3486;10.17
5;0;3;0;0;1;0;0.3486;10.97
5;0;3;0;0;0;0;0.3486;16.63
5;0;3;0;1;0;0;0.3486;16.81
0;0;3;0;0;1;0;0.3471;10.43
0;0;3;0;1;1;1;0.3471;11.63
0;0;3;0;1;1;0;0.3471;13.5
6;0;3;0;0;1;1;0.3471;13.57
0;0;3;0;0;1;1;0.3471;14.11
6;0;3;0;0;1;0;0.3471;14.35
6;0;3;0;1;1;0;0.3471;15.52
6;0;3;0;1;1;1;0.3471;18.48
0;0;3;0;0;0;1;0.3464;9.46
6;0;3;0;0;0;0;0.3464;9.65
0;0;3;0;0;0;0;0.3464;9.78
6;0;3;0;1;0;1;0.3464;11.76
0;0;3;0;1;0;0;0.3464;13.01
6;0;3;0;0;0;1;0.3464;13.86
6;0;3;0;1;0;0;0.3464;13.96
0;0;3;0;1;0;1;0.3464;16.46
2;0;3;1;0;0;0;0.3363;16.88
2;0;3;1;1;0;0;0.3363;17.49
2;0;3;1;1;0;1;0.3363;18.47
2;0;3;1;0;0;1;0.3363;19.88
3;5;3;0;1;1;1;0.3198;8.86
3;2;3;0;1;1;0;0.3198;10.87
3;2;3;0;0;1;0;0.3198;11.21
3;2;3;0;0;1;1;0.3198;12.66
3;5;3;0;0;1;0;0.3198;13.63
3;5;3;0;0;1;1;0.3198;13.87
3;5;3;0;1;1;0;0.3198;14.2
3;2;3;0;1;1;1;0.3198;15.2
5;5;3;0;0;1;0;0.319;11.38
5;5;3;0;1;1;1;0.319;11.54
5;2;3;0;0;1;0;0.319;13.74
5;5;3;0;1;1;0;0.319;14.84
5;2;3;0;1;1;0;0.319;16.51
5;2;3;0;0;1;1;0.319;17.39
5;2;3;0;1;1;1;0.319;17.98
5;5;3;0;0;1;1;0.319;18.68
3;5;3;0;1;0;0;0.3182;7.02
3;5;3;0;0;0;0;0.3182;7.44
3;2;3;0;0;0;1;0.3182;8.4
3;5;3;0;1;0;1;0.3182;9.09
3;2;3;0;1;0;0;0.3182;9.76
3;2;3;0;0;0;0;0.3182;11.87
3;5;3;0;0;0;1;0.3182;13.52
3;2;3;0;1;0;1;0.3182;13.98
5;1;3;0;1;0;0;0.3175;8.37
3;1;3;0;1;1;0;0.3175;9.23
3;1;3;0;0;0;0;0.3175;10.45
5;1;3;0;0;1;1;0.3175;11.76
3;1;3;0;1;1;1;0.3175;11.78
5;1;3;0;0;1;0;0.3175;12.1
3;1;3;0;0;1;0;0.3175;12.18
5;1;3;0;0;0;1;0.3175;12.4
3;1;3;0;0;1;1;0.3175;12.46
5;1;3;0;1;0;1;0.3175;12.56
3;1;3;0;1;0;0;0.3175;13.26
5;1;3;0;1;1;1;0.3175;14.6
3;1;3;0;1;0;1;0.3175;15.66
3;1;3;0;0;0;1;0.3175;15.75
5;1;3;0;0;0;0;0.3175;16.05
5;1;3;0;1;1;0;0.3175;16.09
0;2;3;0;0;1;0;0.3175;9.89
6;2;3;0;1;1;1;0.3175;10.25
6;2;3;0;0;1;0;0.3175;10.3
0;5;3;0;1;1;1;0.3175;10.86
0;5;3;0;1;1;0;0.3175;10.97
6;2;3;0;0;1;1;0.3175;12.55
0;5;3;0;0;1;0;0.3175;12.84
6;5;3;0;0;1;0;0.3175;12.96
6;5;3;0;1;1;0;0.3175;13.58
0;2;3;0;1;1;0;0.3175;13.91
6;2;3;0;1;1;0;0.3175;14.34
0;5;3;0;0;1;1;0.3175;15.11
0;2;3;0;0;1;1;0.3175;15.9
0;2;3;0;1;1;1;0.3175;16.23
2;0;3;0;0;1;0;0.3175;16.66
2;0;3;0;0;1;1;0.3175;16.85
6;5;3;0;0;1;1;0.3175;18.25
6;5;3;0;1;1;1;0.3175;18.79
2;0;3;0;1;1;0;0.3175;21.11
2;0;3;0;1;1;1;0.3175;21.73
5;2;3;0;0;0;0;0.3171;11.16
5;2;3;0;1;0;0;0.3171;12.97
5;5;3;0;0;0;1;0.3171;13.79
5;5;3;0;1;0;0;0.3171;14.27
5;5;3;0;0;0;0;0.3171;16.05
5;5;3;0;1;0;1;0.3171;18.72
5;2;3;0;0;0;1;0.3171;18.76
5;2;3;0;1;0;1;0.3171;18.93
0;2;3;0;1;0;1;0.3169;10.14
0;5;3;0;0;0;1;0.3169;11.89
6;5;3;0;0;0;1;0.3169;11.91
6;2;3;0;0;0;1;0.3169;12.06
2;0;3;0;1;0;1;0.3169;13.69
0;5;3;0;1;0;1;0.3169;14.61
0;2;3;0;0;0;1;0.3169;15.76
2;0;3;0;0;0;1;0.3169;17.62
6;5;3;0;1;0;1;0.3169;18.49
6;2;3;0;1;0;1;0.3169;18.72
0;1;3;0;0;1;1;0.3164;8.79
6;1;3;0;1;1;0;0.3164;9.12
0;1;3;0;0;1;0;0.3164;9.74
6;1;3;0;0;1;1;0.3164;13.41
0;1;3;0;1;1;0;0.3164;13.64
6;1;3;0;0;1;0;0.3164;13.72
6;1;3;0;1;1;1;0.3164;13.93
0;1;3;0;1;1;1;0.3164;15.97
4;0;3;0;1;1;0;0.3162;8.47
4;2;3;0;1;1;1;0.3162;9.12
4;1;3;0;0;1;1;0.3162;9.2
4;0;3;0;1;1;1;0.3162;9.38
4;2;3;0;1;1;0;0.3162;9.39
4;0;3;0;0;1;1;0.3162;9.47
4;3;3;0;0;1;1;0.3162;10.0
4;0;3;0;0;1;0;0.3162;10.79
4;4;3;0;0;1;1;0.3162;11.51
4;4;3;0;1;1;0;0.3162;11.57
4;3;3;0;1;1;1;0.3162;12.02
4;5;3;0;1;1;0;0.3162;12.32
4;1;3;0;0;1;0;0.3162;12.49
4;3;3;0;0;1;0;0.3162;12.68
4;2;3;0;0;1;0;0.3162;12.74
4;4;3;0;1;1;1;0.3162;13.41
4;1;3;0;1;1;1;0.3162;13.93
4;3;3;0;1;1;0;0.3162;14.18
4;4;3;0;0;1;0;0.3162;14.22
4;5;3;0;0;1;0;0.3162;14.31
4;1;3;0;1;1;0;0.3162;14.68
4;2;3;0;0;1;1;0.3162;16.09
4;5;3;0;1;1;1;0.3162;16.14
4;5;3;0;0;1;1;0.3162;16.29
0;5;3;0;1;0;0;0.3151;8.18
6;2;3;0;0;0;0;0.3151;10.29
6;5;3;0;0;0;0;0.3151;11.51
0;5;3;0;0;0;0;0.3151;12.17
0;2;3;0;1;0;0;0.3151;12.61
6;2;3;0;1;0;0;0.3151;12.77
0;2;3;0;0;0;0;0.3151;13.25
6;5;3;0;1;0;0;0.3151;15.3
2;0;3;0;1;0;0;0.3151;18.17
2;0;3;0;0;0;0;0.3151;18.52
0;1;3;0;1;0;0;0.3146;8.17
6;1;3;0;1;0;1;0.3146;11.88
0;1;3;0;1;0;1;0.3146;12.28
0;1;3;0;0;0;0;0.3146;12.73
6;1;3;0;1;0;0;0.3146;15.59
6;1;3;0;0;0;0;0.3146;15.61
0;1;3;0;0;0;1;0.3146;16.23
6;1;3;0;0;0;1;0.3146;19.44
4;4;3;0;0;0;1;0.314;8.51
4;4;3;0;1;0;0;0.314;8.64
4;2;3;0;0;0;0;0.314;9.25
4;5;3;0;0;0;0;0.314;10.28
4;4;3;0;0;0;0;0.314;10.34
4;5;3;0;1;0;1;0.314;10.76
4;4;3;0;1;0;1;0.314;11.43
4;5;3;0;1;0;0;0.314;11.66
4;3;3;0;1;0;0;0.314;11.71
4;1;3;0;1;0;0;0.314;12.2
4;5;3;0;0;0;1;0.314;12.66
4;0;3;0;0;0;0;0.314;13.0
4;1;3;0;0;0;0;0.314;13.02
4;3;3;0;0;0;1;0.314;13.27
4;3;3;0;0;0;0;0.314;13.42
4;0;3;0;1;0;0;0.314;13.7
4;2;3;0;1;0;0;0.314;13.81
4;0;3;0;0;0;1;0.314;13.88
4;1;3;0;0;0;1;0.314;13.94
4;0;3;0;1;0;1;0.314;15.99
4;2;3;0;1;0;1;0.314;16.18
4;1;3;0;1;0;1;0.314;16.19
4;3;3;0;1;0;1;0.314;16.26
4;2;3;0;0;0;1;0.314;16.36
5;4;3;0;1;1;0;0.2934;9.97
5;3;3;0;0;1;1;0.2934;12.54
3;3;3;0;0;1;0;0.2934;13.48
3;4;3;0;1;1;0;0.2934;13.87
3;3;3;0;1;1;0;0.2934;14.02
3;4;3;0;0;1;0;0.2934;14.04
5;3;3;0;1;1;0;0.2934;15.1
3;4;3;0;1;1;1;0.2934;16.0
5;4;3;0;0;1;0;0.2934;16.0
3;3;3;0;0;1;1;0.2934;16.18
5;3;3;0;0;1;0;0.2934;16.32
3;4;3;0;0;1;1;0.2934;16.37
5;3;3;0;1;1;1;0.2934;16.39
3;3;3;0;1;1;1;0.2934;16.54
5;4;3;0;0;1;1;0.2934;18.39
5;4;3;0;1;1;1;0.2934;18.62
0;4;3;0;0;1;1;0.2924;10.3
0;3;3;0;0;1;1;0.2924;10.61
0;4;3;0;0;1;0;0.2924;10.8
6;3;3;0;0;1;0;0.2924;11.9
6;3;3;0;0;1;1;0.2924;12.88
6;4;3;0;0;1;0;0.2924;12.91
0;3;3;0;0;1;0;0.2924;13.43
0;4;3;0;1;1;0;0.2924;13.75
6;4;3;0;1;1;1;0.2924;14.23
6;3;3;0;1;1;0;0.2924;14.24
0;3;3;0;1;1;0;0.2924;14.38
6;4;3;0;1;1;0;0.2924;15.13
6;3;3;0;1;1;1;0.2924;16.05
0;3;3;0;1;1;1;0.2924;16.08
0;4;3;0;1;1;1;0.2924;16.27
6;4;3;0;0;1;1;0.2924;18.97
5;4;3;0;1;0;0;0.292;9.38
5;4;3;0;0;0;0;0.292;9.62
5;4;3;0;1;0;1;0.292;11.6
5;3;3;0;0;0;0;0.292;11.61
5;4;3;0;0;0;1;0.292;14.44
5;3;3;0;1;0;0;0.292;14.98
5;3;3;0;1;0;1;0.292;17.04
5;3;3;0;0;0;1;0.292;18.45
3;4;3;0;0;0;0;0.2894;8.44
3;3;3;0;1;0;0;0.2894;11.42
3;4;3;0;1;0;0;0.2894;13.18
3;3;3;0;0;0;0;0.2894;13.32
3;4;3;0;1;0;1;0.2894;14.19
3;3;3;0;1;0;1;0.2894;14.89
3;4;3;0;0;0;1;0.2894;15.6
3;3;3;0;0;0;1;0.2894;15.79
6;3;3;0;1;0;1;0.2886;11.26
0;3;3;0;1;0;1;0.2886;11.52
6;4;3;0;0;0;1;0.2886;15.33
6;4;3;0;1;0;1;0.2886;15.56
6;3;3;0;0;0;1;0.2886;15.99
0;4;3;0;0;0;1;0.2886;16.77
0;3;3;0;0;0;1;0.2886;17.01
0;4;3;0;1;0;1;0.2886;17.15
0;3;3;0;1;0;0;0.2871;9.76
6;4;3;0;0;0;0;0.2871;11.27
0;4;3;0;1;0;0;0.2871;11.99
6;3;3;0;1;0;0;0.2871;12.09
6;3;3;0;0;0;0;0.2871;13.01
0;4;3;0;0;0;0;0.2871;13.08
0;3;3;0;0;0;0;0.2871;13.88
6;4;3;0;1;0;0;0.2871;14.96
1;5;3;0;0;1;0;0.2598;6.25
1;0;3;0;0;1;0;0.2598;7.38
1;5;3;0;1;1;0;0.2598;7.59
1;0;3;0;1;1;1;0.2598;9.24
1;3;3;0;0;1;1;0.2598;9.3
1;1;3;0;0;1;1;0.2598;9.49
1;1;3;0;1;1;0;0.2598;10.03
1;0;3;0;1;1;0;0.2598;10.21
1;1;3;0;0;1;0;0.2598;10.35
1;3;3;0;1;1;1;0.2598;10.42
1;2;3;0;1;1;0;0.2598;11.14
1;5;3;0;1;1;1;0.2598;11.17
1;1;3;0;1;1;1;0.2598;11.29
1;2;3;0;0;1;0;0.2598;11.61
1;3;3;0;1;1;0;0.2598;11.65
1;4;3;0;0;1;0;0.2598;11.68
1;3;3;0;0;1;0;0.2598;11.76
1;4;3;0;1;1;0;0.2598;11.88
1;2;3;0;1;1;1;0.2598;13.09
1;5;3;0;0;1;1;0.2598;13.43
1;0;3;0;0;1;1;0.2598;14.53
1;4;3;0;0;1;1;0.2598;14.97
1;2;3;0;0;1;1;0.2598;15.16
1;4;3;0;1;1;1;0.2598;15.27
1;0;3;1;0;0;0;0.2533;3.91
1;3;3;1;0;0;0;0.2533;4.37
1;5;3;1;1;0;0;0.2533;5.09
1;3;3;1;1;0;0;0.2533;5.23
1;3;3;1;0;0;1;0.2533;6.01
1;1;3;1;0;0;0;0.2533;6.31
1;5;3;1;0;0;0;0.2533;6.39
1;4;3;1;1;0;0;0.2533;6.83
1;5;3;1;1;0;1;0.2533;6.88
1;2;3;1;0;0;0;0.2533;7.04
1;4;3;1;0;0;0;0.2533;7.16
1;3;3;1;1;0;1;0.2533;7.24
1;2;3;1;1;0;0;0.2533;7.25
1;0;3;1;1;0;0;0.2533;7.32
1;1;3;1;1;0;0;0.2533;8.21
1;5;3;1;0;0;1;0.2533;8.79
1;1;3;1;1;0;1;0.2533;8.89
1;0;3;1;0;0;1;0.2533;8.98
1;4;3;1;0;0;1;0.2533;9.45
1;2;3;1;1;0;1;0.2533;10.69
1;0;3;1;1;0;1;0.2533;10.79
1;4;3;1;1;0;1;0.2533;11.02
1;2;3;1;0;0;1;0.2533;11.06
1;1;3;1;0;0;1;0.2533;11.42
1;0;3;0;0;0;0;0.2427;7.44
1;2;3;0;1;0;0;0.2427;8.16
1;1;3;0;0;0;1;0.2427;8.99
1;2;3;0;0;0;0;0.2427;9.16
1;0;3;0;0;0;1;0.2427;9.28
1;3;3;0;1;0;0;0.2427;9.55
1;1;3;0;0;0;0;0.2427;9.71
1;1;3;0;1;0;0;0.2427;10.14
1;3;3;0;1;0;1;0.2427;10.34
1;5;3;0;1;0;1;0.2427;10.59
1;1;3;0;1;0;1;0.2427;10.62
1;0;3;0;1;0;1;0.2427;11.17
1;4;3;0;0;0;0;0.2427;11.18
1;3;3;0;0;0;0;0.2427;11.22
1;4;3;0;1;0;0;0.2427;11.3
1;0;3;0;1;0;0;0.2427;11.39
1;5;3;0;0;0;0;0.2427;11.54
1;5;3;0;1;0;0;0.2427;11.8
1;2;3;0;0;0;1;0.2427;13.31
1;5;3;0;0;0;1;0.2427;13.32
1;2;3;0;1;0;1;0.2427;13.34
1;3;3;0;0;0;1;0.2427;14.8
1;4;3;0;1;0;1;0.2427;15.05
1;4;3;0;0;0;1;0.2427;15.08
