#@seed 3121
#@graphSize 15
#@graphDepth 5
#@sdComp 1
#@sdComm 0.1
#@CCR 1
#@nbproc 6
#@minmk 3.5445

prio;cost;placement;desc;BIM;ins;bsa;makespan;time
2;0;1;0;0;1;1;1.0;4.87
2;0;1;0;0;1;0;1.0;6.99
6;4;4;2;0;1;0;0.9943;4.81
6;4;4;2;0;1;1;0.9943;4.82
2;0;1;1;0;1;0;0.9943;5.46
2;0;1;1;0;1;1;0.9943;5.73
6;3;4;2;0;1;0;0.9943;7.87
6;3;4;2;0;1;1;0.9943;8.06
1;4;0;2;0;1;0;0.9344;1.45
1;4;0;2;0;1;1;0.9344;1.67
1;3;0;2;0;1;1;0.9344;1.7
1;3;0;2;0;1;0;0.9344;1.92
1;1;0;2;0;1;1;0.9344;2.05
1;5;0;2;0;1;1;0.9344;2.22
1;1;0;2;0;1;0;0.9344;2.28
1;2;0;2;0;1;0;0.9344;2.79
1;0;0;2;0;1;0;0.9344;2.84
1;5;0;2;0;1;0;0.9344;3.16
1;0;0;2;0;1;1;0.9344;3.19
1;2;0;2;0;1;1;0.9344;3.92
6;2;4;2;0;1;1;0.9344;3.98
6;5;4;2;0;1;1;0.9344;4.05
6;4;4;2;0;0;1;0.9344;4.32
6;2;4;2;0;1;0;0.9344;4.89
6;0;4;2;0;0;1;0.9344;6.06
6;5;4;2;0;0;0;0.9344;6.42
6;5;4;2;0;1;0;0.9344;6.48
6;2;4;2;0;0;0;0.9344;6.54
6;2;4;2;0;0;1;0.9344;6.74
6;5;4;2;0;0;1;0.9344;7.02
6;3;4;2;0;0;0;0.9344;7.22
6;0;4;2;0;0;0;0.9344;7.23
6;4;4;2;0;0;0;0.9344;7.34
6;3;4;2;0;0;1;0.9344;7.51
2;0;1;0;0;0;0;0.9237;6.0
2;0;1;0;0;0;1;0.9237;7.06
1;5;0;2;0;0;0;0.9151;1.46
1;1;0;2;0;0;1;0.9151;1.59
1;3;0;2;0;0;1;0.9151;1.63
1;4;0;2;0;0;1;0.9151;1.64
3;0;0;2;0;0;1;0.9151;1.66
1;3;0;2;0;0;0;0.9151;1.8
3;0;0;2;0;0;0;0.9151;1.93
1;4;0;2;0;0;0;0.9151;2.17
1;1;0;2;0;0;0;0.9151;2.72
1;0;0;2;0;0;0;0.9151;2.83
1;2;0;2;0;0;0;0.9151;2.83
1;0;0;2;0;0;1;0.9151;2.91
3;1;0;2;0;0;0;0.9151;2.93
1;2;0;2;0;0;1;0.9151;2.94
1;5;0;2;0;0;1;0.9151;3.11
3;1;0;2;0;0;1;0.9151;3.19
3;0;0;2;1;0;1;0.9151;3.33
3;1;0;2;1;0;0;0.9151;3.63
3;0;0;2;1;0;0;0.9151;3.68
3;1;0;2;1;0;1;0.9151;4.33
3;0;5;2;0;0;0;0.9151;4.5
3;0;5;2;0;0;1;0.9151;4.6
3;0;4;2;1;0;0;0.9151;4.84
0;0;4;2;0;0;0;0.9151;5.03
2;0;1;1;0;0;0;0.9151;5.38
2;0;1;1;0;0;1;0.9151;5.61
3;0;4;2;1;0;1;0.9151;5.62
3;1;4;2;0;1;0;0.9151;5.74
3;1;4;2;0;0;1;0.9151;5.94
3;1;4;2;0;0;0;0.9151;6.0
3;1;4;2;0;1;1;0.9151;6.06
3;1;4;2;1;0;0;0.9151;6.27
2;0;0;2;0;0;0;0.9151;6.34
2;0;0;2;0;0;1;0.9151;6.43
6;0;4;2;0;1;0;0.9151;6.55
3;1;4;2;1;0;1;0.9151;6.84
3;1;5;2;0;0;0;0.9151;7.49
3;1;5;2;0;0;1;0.9151;7.76
6;0;4;2;0;1;1;0.9151;7.94
0;0;4;2;0;0;1;0.9151;7.97
2;0;1;0;1;1;0;0.8935;9.06
2;0;1;0;1;1;1;0.8935;9.31
5;1;4;2;0;0;0;0.8861;7.09
5;1;4;2;0;0;1;0.8861;7.64
0;3;0;2;0;0;0;0.8815;1.56
0;2;0;2;0;0;0;0.8815;1.59
6;2;0;2;0;0;0;0.8815;1.67
5;2;0;2;0;0;0;0.8815;1.69
0;2;0;2;0;1;1;0.8815;1.75
6;3;0;2;0;0;1;0.8815;1.81
5;2;0;2;0;0;1;0.8815;1.9
6;3;0;2;0;0;0;0.8815;2.01
0;2;0;2;0;1;0;0.8815;2.16
0;2;0;2;0;0;1;0.8815;2.19
6;4;0;2;0;0;0;0.8815;2.58
6;2;0;2;0;0;1;0.8815;2.61
0;4;0;2;0;0;0;0.8815;2.95
6;1;0;2;1;1;0;0.8815;3.03
0;5;0;2;0;0;0;0.8815;3.1
0;5;0;2;0;1;0;0.8815;3.15
6;4;0;2;0;0;1;0.8815;3.16
0;4;0;2;0;0;1;0.8815;3.23
0;5;0;2;0;0;1;0.8815;3.25
6;1;4;2;1;0;1;0.8815;3.3
0;5;0;2;0;1;1;0.8815;3.33
5;5;0;2;0;0;0;0.8815;3.36
0;3;0;2;0;0;1;0.8815;3.4
6;5;0;2;0;0;0;0.8815;3.46
5;5;0;2;0;0;1;0.8815;3.5
6;5;0;2;0;1;0;0.8815;3.58
6;5;0;2;0;1;1;0.8815;3.61
6;1;4;2;1;0;0;0.8815;3.62
6;5;0;2;0;0;1;0.8815;3.75
6;2;0;2;0;1;0;0.8815;3.76
6;2;0;2;0;1;1;0.8815;3.87
1;2;4;2;0;1;0;0.8815;4.21
6;0;5;2;0;1;1;0.8815;4.38
6;0;4;2;1;1;1;0.8815;4.46
6;1;4;2;1;1;0;0.8815;4.48
0;2;4;2;0;1;1;0.8815;4.5
6;0;4;2;1;0;1;0.8815;4.5
6;0;5;2;0;0;1;0.8815;4.57
6;0;5;2;0;1;0;0.8815;4.84
6;0;0;2;1;1;1;0.8815;4.85
0;5;4;2;0;1;1;0.8815;4.95
6;1;0;2;1;0;0;0.8815;5.3
6;0;0;2;1;1;0;0.8815;5.39
6;1;0;2;1;0;1;0.8815;5.56
6;1;0;2;1;1;1;0.8815;5.66
1;5;4;2;0;1;0;0.8815;5.82
6;1;5;2;0;1;1;0.8815;5.86
6;0;0;2;1;0;0;0.8815;5.91
1;5;4;2;0;1;1;0.8815;5.96
6;0;4;2;1;1;0;0.8815;6.2
1;2;4;2;0;1;1;0.8815;6.43
6;1;4;2;1;1;1;0.8815;6.53
6;0;4;2;1;0;0;0.8815;6.54
0;5;4;2;0;1;0;0.8815;6.6
6;0;0;2;1;0;1;0.8815;6.66
6;1;5;2;0;1;0;0.8815;7.08
6;0;5;2;0;0;0;0.8815;7.22
6;1;5;2;0;0;0;0.8815;7.31
0;2;4;2;0;1;0;0.8815;7.52
6;1;5;2;0;0;1;0.8815;7.6
2;0;1;1;1;1;0;0.8626;7.63
2;0;1;1;1;1;1;0.8626;7.73
3;5;0;2;0;0;0;0.8621;2.78
3;2;0;2;0;0;0;0.8621;2.82
3;5;0;2;0;0;1;0.8621;3.0
3;2;0;2;0;0;1;0.8621;3.09
3;5;0;2;1;0;1;0.8621;3.14
3;2;0;2;1;0;0;0.8621;3.16
3;2;4;2;1;0;0;0.8621;3.35
3;5;0;2;1;0;0;0.8621;3.47
3;2;5;2;0;0;0;0.8621;4.08
3;5;4;2;1;0;0;0.8621;4.29
3;2;4;2;1;0;1;0.8621;5.13
3;5;5;2;0;0;1;0.8621;5.88
3;2;0;2;1;0;1;0.8621;5.89
3;5;4;2;1;0;1;0.8621;6.44
3;2;5;2;0;0;1;0.8621;7.77
3;5;5;2;0;0;0;0.8621;7.81
3;3;5;1;1;1;0;0.8572;3.14
3;3;5;2;1;1;0;0.8572;3.14
4;4;5;1;1;0;0;0.8572;3.17
4;4;5;1;1;0;1;0.8572;3.32
4;4;5;2;1;0;1;0.8572;3.35
0;4;5;2;1;0;0;0.8572;3.41
3;4;5;1;1;0;0;0.8572;3.44
4;4;5;2;1;1;1;0.8572;3.46
5;3;5;2;1;0;0;0.8572;3.56
3;3;5;2;1;0;1;0.8572;3.6
4;4;5;1;1;1;0;0.8572;3.61
4;4;5;2;1;0;0;0.8572;3.63
4;3;5;1;1;1;0;0.8572;3.75
0;3;5;1;1;0;0;0.8572;3.77
0;3;5;2;1;0;0;0.8572;3.81
4;4;5;2;1;1;0;0.8572;3.95
4;3;5;1;1;0;1;0.8572;3.99
5;4;5;2;1;0;1;0.8572;4.02
5;4;5;2;1;0;0;0.8572;4.06
3;3;5;2;1;1;1;0.8572;4.24
4;3;5;1;1;0;0;0.8572;4.31
0;4;5;1;1;0;1;0.8572;4.33
5;4;5;1;1;0;1;0.8572;4.44
0;3;5;1;1;0;1;0.8572;4.6
3;3;5;1;1;0;0;0.8572;4.84
3;3;5;1;1;0;1;0.8572;4.98
5;3;5;2;1;0;1;0.8572;5.09
4;3;5;1;1;1;1;0.8572;5.12
4;4;5;1;1;1;1;0.8572;5.23
0;3;5;2;1;0;1;0.8572;5.31
3;3;5;1;1;1;1;0.8572;5.58
3;4;5;2;1;0;0;0.8572;5.75
3;4;5;1;1;1;0;0.8572;5.82
4;3;5;2;1;0;0;0.8572;5.96
5;4;5;1;1;0;0;0.8572;5.97
3;4;5;2;1;1;0;0.8572;5.99
0;4;5;2;1;0;1;0.8572;6.08
3;3;5;2;1;0;0;0.8572;6.09
4;3;5;2;1;1;0;0.8572;6.1
3;4;5;2;1;0;1;0.8572;6.17
3;4;5;1;1;1;1;0.8572;6.22
4;3;5;2;1;0;1;0.8572;6.3
3;4;5;1;1;0;1;0.8572;6.31
0;4;5;1;1;0;0;0.8572;6.4
3;4;5;2;1;1;1;0.8572;6.44
5;3;5;1;1;0;0;0.8572;6.63
4;3;5;2;1;1;1;0.8572;6.68
5;3;5;1;1;0;1;0.8572;6.7
0;2;4;2;0;0;0;0.8561;3.89
0;3;4;2;0;0;1;0.8561;4.49
0;4;4;2;0;0;0;0.8561;5.1
0;2;4;2;0;0;1;0.8561;5.73
0;5;4;2;0;0;0;0.8561;7.18
5;3;4;2;0;0;0;0.8561;7.26
5;0;4;2;0;0;0;0.8561;7.42
0;3;4;2;0;0;0;0.8561;7.84
0;4;4;2;0;0;1;0.8561;7.94
0;5;4;2;0;0;1;0.8561;8.14
5;4;4;2;0;0;0;0.8561;8.65
5;3;4;2;0;0;1;0.8561;8.81
5;0;4;2;0;0;1;0.8561;9.08
5;4;4;2;0;0;1;0.8561;9.49
6;4;5;1;1;0;0;0.8543;3.68
5;4;5;1;1;1;0;0.8543;3.85
6;4;4;1;0;0;0;0.8543;3.97
6;3;4;1;0;0;0;0.8543;4.07
6;4;4;1;0;1;0;0.8543;4.22
6;4;4;1;0;0;1;0.8543;4.35
6;3;4;1;0;1;0;0.8543;4.37
5;4;5;1;1;1;1;0.8543;4.4
6;3;4;1;0;0;1;0.8543;4.46
6;4;4;1;0;1;1;0.8543;4.64
5;3;5;2;1;1;1;0.8543;4.66
6;3;4;1;0;1;1;0.8543;4.74
0;3;5;2;1;1;0;0.8543;4.85
5;4;5;2;1;1;0;0.8543;4.88
6;4;5;1;1;0;1;0.8543;5.02
5;3;5;2;1;1;0;0.8543;5.07
6;3;5;1;1;1;1;0.8543;5.08
0;4;5;1;1;1;0;0.8543;5.56
6;3;5;1;1;1;0;0.8543;5.57
0;3;5;2;1;1;1;0.8543;6.57
6;4;5;1;1;1;1;0.8543;6.7
0;4;5;1;1;1;1;0.8543;6.92
0;4;5;2;1;1;1;0.8543;6.92
6;3;5;1;1;0;0;0.8543;6.93
0;3;5;1;1;1;0;0.8543;6.94
6;4;5;2;1;0;0;0.8543;6.94
6;3;5;2;1;0;0;0.8543;6.97
5;3;5;1;1;1;0;0.8543;7.01
0;4;5;2;1;1;0;0.8543;7.02
5;4;5;2;1;1;1;0.8543;7.02
6;4;5;2;1;1;0;0.8543;7.16
6;4;5;1;1;1;0;0.8543;7.17
6;3;5;2;1;0;1;0.8543;7.32
6;3;5;1;1;0;1;0.8543;7.33
6;4;5;2;1;0;1;0.8543;7.35
5;3;5;1;1;1;1;0.8543;7.54
6;4;5;2;1;1;1;0.8543;7.54
6;3;5;2;1;1;0;0.8543;7.57
6;3;5;2;1;1;1;0.8543;7.59
0;3;5;1;1;1;1;0.8543;7.69
3;5;0;1;0;1;0;0.8509;0.97
3;5;0;1;0;1;1;0.8509;1.07
3;2;0;1;0;0;0;0.8509;1.62
3;5;0;1;0;0;0;0.8509;1.63
3;2;0;1;0;1;0;0.8509;1.68
3;5;0;1;0;0;1;0.8509;1.79
3;2;0;1;0;0;1;0.8509;1.96
3;2;0;1;0;1;1;0.8509;2.01
6;1;0;1;1;1;1;0.8509;2.5
3;5;0;1;1;1;0;0.8509;2.51
6;1;0;1;1;0;0;0.8509;2.56
3;2;4;1;1;0;1;0.8509;2.7
2;0;0;1;0;0;0;0.8509;2.74
3;2;4;1;1;1;0;0.8509;2.78
2;0;0;1;0;1;1;0.8509;3.02
3;2;0;1;1;0;1;0.8509;3.12
2;0;0;1;0;0;1;0.8509;3.17
3;2;4;1;1;1;1;0.8509;3.32
3;5;0;1;1;0;1;0.8509;3.35
3;2;5;1;0;0;0;0.8509;3.42
3;2;5;1;0;1;1;0.8509;3.57
6;1;4;1;1;0;0;0.8509;3.57
2;0;0;1;0;1;0;0.8509;3.65
6;0;5;1;0;1;1;0.8509;3.74
3;2;5;1;0;1;0;0.8509;3.82
3;5;0;1;1;1;1;0.8509;3.85
6;0;0;1;1;0;1;0.8509;3.97
6;1;0;1;1;1;0;0.8509;4.05
6;1;0;1;1;0;1;0.8509;4.15
6;0;0;1;1;1;0;0.8509;4.23
3;5;0;1;1;0;0;0.8509;4.27
6;0;0;1;1;0;0;0.8509;4.34
3;2;4;1;1;0;0;0.8509;4.41
3;2;0;1;1;0;0;0.8509;4.42
6;0;4;1;1;0;0;0.8509;4.42
6;0;4;1;1;1;0;0.8509;4.63
6;1;4;1;1;1;0;0.8509;4.64
6;0;5;1;0;0;1;0.8509;4.72
6;0;4;1;1;0;1;0.8509;4.74
6;1;4;1;1;0;1;0.8509;4.76
3;2;0;1;1;1;0;0.8509;4.83
3;2;5;1;0;0;1;0.8509;4.84
3;5;4;1;1;0;0;0.8509;4.86
6;0;5;1;0;0;0;0.8509;4.86
6;0;5;1;0;1;0;0.8509;4.94
6;0;4;1;1;1;1;0.8509;4.98
3;2;0;1;1;1;1;0.8509;5.01
3;5;4;1;1;1;0;0.8509;5.01
6;1;4;1;1;1;1;0.8509;5.06
3;5;4;1;1;0;1;0.8509;5.09
3;5;4;1;1;1;1;0.8509;5.32
6;0;0;1;1;1;1;0.8509;5.33
6;1;5;1;0;0;0;0.8509;5.61
6;1;5;1;0;1;0;0.8509;5.9
3;5;5;1;0;0;0;0.8509;6.02
6;1;5;1;0;1;1;0.8509;6.11
3;5;5;1;0;1;0;0.8509;6.22
3;5;5;1;0;0;1;0.8509;6.28
6;1;5;1;0;0;1;0.8509;6.52
3;5;5;1;0;1;1;0.8509;6.62
0;2;0;2;1;1;0;0.8194;3.07
1;4;4;2;0;1;1;0.8194;3.17
1;3;4;2;0;1;1;0.8194;3.25
1;4;4;2;0;1;0;0.8194;3.54
1;3;4;2;0;1;0;0.8194;3.62
6;5;4;2;1;1;0;0.8194;3.62
6;5;4;2;1;1;1;0.8194;3.92
0;5;0;2;1;1;1;0.8194;4.25
0;2;0;2;1;1;1;0.8194;4.28
0;2;5;2;0;1;1;0.8194;4.42
0;2;5;2;0;1;0;0.8194;4.66
0;5;0;2;1;1;0;0.8194;5.09
6;5;5;2;0;1;1;0.8194;5.37
6;2;0;2;1;1;0;0.8194;5.39
6;5;0;2;1;1;0;0.8194;5.4
0;5;5;2;0;1;0;0.8194;5.6
1;1;4;2;0;1;0;0.8194;5.62
0;2;4;2;1;1;0;0.8194;5.8
0;5;5;2;0;1;1;0.8194;5.84
6;2;0;2;1;1;1;0.8194;5.89
6;5;0;2;1;1;1;0.8194;5.95
0;5;4;2;1;1;0;0.8194;6.07
6;2;4;2;1;1;0;0.8194;6.1
1;0;4;2;0;1;0;0.8194;6.12
1;0;4;2;0;1;1;0.8194;6.14
1;1;4;2;0;1;1;0.8194;6.16
0;2;4;2;1;1;1;0.8194;6.27
6;5;5;2;0;1;0;0.8194;6.58
6;2;4;2;1;1;1;0.8194;6.59
0;5;4;2;1;1;1;0.8194;6.65
6;2;5;2;0;1;0;0.8194;9.2
6;2;5;2;0;1;1;0.8194;9.61
0;0;0;1;1;1;0;0.8143;2.01
0;0;0;1;1;0;1;0.8143;2.05
5;0;0;1;1;0;0;0.8143;2.05
5;1;0;1;1;0;0;0.8143;2.14
0;0;4;1;1;0;1;0.8143;2.19
5;0;0;1;1;1;0;0.8143;2.27
5;0;0;1;1;1;1;0.8143;2.29
0;0;4;1;1;0;0;0.8143;2.35
0;0;4;1;1;1;0;0.8143;2.4
0;0;0;1;1;0;0;0.8143;2.48
0;1;5;1;0;0;0;0.8143;2.76
0;1;4;1;1;1;0;0.8143;2.82
0;1;4;1;1;1;1;0.8143;2.83
5;0;0;1;1;0;1;0.8143;2.86
0;0;5;1;0;0;1;0.8143;2.88
0;1;5;1;0;1;0;0.8143;2.88
0;0;5;1;0;1;1;0.8143;2.89
5;0;5;1;0;0;1;0.8143;3.04
0;1;4;1;1;0;0;0.8143;3.11
0;0;4;1;1;1;1;0.8143;3.12
5;1;0;1;1;0;1;0.8143;3.14
5;0;4;1;1;1;1;0.8143;3.3
0;0;0;1;1;1;1;0.8143;3.37
0;0;5;1;0;0;0;0.8143;3.44
0;0;5;1;0;1;0;0.8143;3.62
0;1;5;1;0;0;1;0.8143;3.63
0;1;5;1;0;1;1;0.8143;3.75
0;1;0;1;1;0;0;0.8143;3.78
0;1;0;1;1;1;0;0.8143;3.81
0;1;0;1;1;0;1;0.8143;4.02
5;1;0;1;1;1;0;0.8143;4.04
0;1;0;1;1;1;1;0.8143;4.05
0;1;4;1;1;0;1;0.8143;4.15
5;0;5;1;0;0;0;0.8143;4.17
5;0;4;1;1;0;0;0.8143;4.18
5;1;4;1;1;0;0;0.8143;4.19
5;1;0;1;1;1;1;0.8143;4.29
5;1;4;1;1;1;0;0.8143;4.36
5;0;5;1;0;1;0;0.8143;4.44
5;1;4;1;1;0;1;0.8143;4.47
5;0;4;1;1;1;0;0.8143;4.49
5;0;4;1;1;0;1;0.8143;4.51
5;1;4;1;1;1;1;0.8143;4.65
5;1;5;1;0;1;0;0.8143;5.54
5;1;5;1;0;0;0;0.8143;5.57
5;1;5;1;0;1;1;0.8143;5.81
5;0;5;1;0;1;1;0.8143;6.09
5;1;5;1;0;0;1;0.8143;6.1
2;0;1;2;0;0;0;0.8142;6.83
2;0;1;2;0;1;0;0.8142;6.88
2;0;1;2;0;0;1;0.8142;7.29
2;0;1;2;0;1;1;0.8142;7.33
1;2;0;1;0;1;0;0.8135;0.8
1;5;0;1;0;0;0;0.8135;0.81
1;4;0;1;0;1;0;0.8135;0.83
1;5;0;1;0;1;0;0.8135;0.83
1;3;0;1;0;1;0;0.8135;0.87
1;3;0;1;0;0;1;0.8135;0.93
1;2;0;1;0;0;1;0.8135;0.94
1;4;0;1;0;1;1;0.8135;0.95
1;4;0;1;0;0;1;0.8135;0.96
1;3;0;1;0;0;0;0.8135;1.03
1;4;0;1;0;0;0;0.8135;1.03
1;3;0;1;0;1;1;0.8135;1.04
1;5;0;1;0;1;1;0.8135;1.04
1;5;0;1;0;0;1;0.8135;1.11
1;2;0;1;0;0;0;0.8135;1.29
1;0;4;1;0;0;0;0.8135;1.49
1;0;0;1;0;0;0;0.8135;1.51
1;1;0;1;0;0;0;0.8135;1.52
1;1;0;1;0;1;0;0.8135;1.56
1;0;4;1;0;1;0;0.8135;1.57
1;0;4;1;0;1;1;0.8135;1.61
1;0;0;1;0;1;0;0.8135;1.62
1;1;4;1;0;1;1;0.8135;1.63
1;1;4;1;0;0;1;0.8135;1.68
1;1;0;1;0;0;1;0.8135;1.75
1;1;0;1;0;1;1;0.8135;1.81
1;0;0;1;0;0;1;0.8135;1.82
1;0;0;1;0;1;1;0.8135;1.83
1;0;4;1;0;0;1;0.8135;1.84
1;2;0;1;0;1;1;0.8135;1.94
1;1;4;1;0;1;0;0.8135;1.96
1;1;4;1;0;0;0;0.8135;2.14
1;1;5;2;1;0;0;0.8135;2.59
1;3;5;2;1;0;0;0.8135;2.64
1;3;5;1;1;1;0;0.8135;2.66
1;3;4;1;0;0;0;0.8135;2.73
1;4;4;1;0;0;0;0.8135;2.77
1;1;5;1;1;0;1;0.8135;2.82
1;3;5;1;1;0;0;0.8135;2.86
1;3;4;1;0;1;0;0.8135;2.87
1;1;5;1;1;1;1;0.8135;2.88
1;3;4;1;0;0;1;0.8135;2.98
1;4;4;1;0;0;1;0.8135;2.98
1;1;5;2;1;0;1;0.8135;3.0
1;3;5;1;1;0;1;0.8135;3.0
1;3;5;1;1;1;1;0.8135;3.14
1;4;4;1;0;1;0;0.8135;3.15
1;4;4;1;0;1;1;0.8135;3.18
1;3;4;1;0;1;1;0.8135;3.29
1;1;5;1;1;0;0;0.8135;3.37
1;1;5;1;1;1;0;0.8135;3.97
1;1;5;2;1;1;0;0.8135;4.32
1;4;5;2;1;0;0;0.8135;4.56
1;4;5;1;1;0;0;0.8135;4.8
1;3;5;2;1;1;0;0.8135;4.99
1;4;5;1;1;1;0;0.8135;5.01
1;4;5;2;1;1;0;0.8135;5.05
1;4;5;1;1;0;1;0.8135;5.09
1;4;5;1;1;1;1;0.8135;5.16
1;4;5;2;1;1;1;0.8135;5.2
1;4;5;2;1;0;1;0.8135;5.36
1;1;5;2;1;1;1;0.8135;5.38
1;3;5;2;1;1;1;0.8135;5.44
1;3;5;2;1;0;1;0.8135;5.63
0;5;0;1;0;0;0;0.8079;0.87
0;5;0;1;0;1;0;0.8079;0.89
3;1;0;1;0;0;0;0.8079;0.92
0;2;0;1;0;1;0;0.8079;0.93
3;1;0;1;0;1;0;0.8079;0.96
5;2;0;1;0;0;0;0.8079;1.0
6;2;0;1;0;1;0;0.8079;1.05
0;2;0;1;0;0;1;0.8079;1.06
0;5;0;1;0;0;1;0.8079;1.07
5;2;0;1;0;1;0;0.8079;1.07
3;1;0;1;0;0;1;0.8079;1.09
3;1;0;1;0;1;1;0.8079;1.14
0;2;0;1;0;1;1;0.8079;1.27
6;2;0;1;0;1;1;0.8079;1.27
5;2;0;1;0;0;1;0.8079;1.35
5;2;0;1;0;1;1;0.8079;1.35
0;2;0;1;0;0;0;0.8079;1.47
0;5;0;1;0;1;1;0.8079;1.5
0;3;0;1;0;0;0;0.8079;1.62
0;4;0;1;0;0;0;0.8079;1.62
3;0;0;1;0;0;0;0.8079;1.66
0;3;0;1;0;1;0;0.8079;1.7
0;4;0;1;0;1;0;0.8079;1.7
3;0;0;1;0;1;0;0.8079;1.71
6;2;0;1;0;0;1;0.8079;1.79
6;5;0;1;0;0;0;0.8079;1.87
6;2;0;1;0;0;0;0.8079;1.88
6;3;0;1;0;0;0;0.8079;1.89
6;4;0;1;0;0;0;0.8079;1.89
0;5;4;1;0;1;0;0.8079;1.9
0;4;0;1;0;0;1;0.8079;1.93
0;3;0;1;0;0;1;0.8079;1.95
6;5;0;1;0;1;0;0.8079;1.95
6;3;0;1;0;1;0;0.8079;1.97
6;4;0;1;0;1;0;0.8079;1.97
3;0;0;1;0;0;1;0.8079;1.98
5;5;0;1;0;0;0;0.8079;1.99
0;4;0;1;0;1;1;0.8079;2.02
0;3;0;1;0;1;1;0.8079;2.03
3;0;0;1;0;1;1;0.8079;2.04
6;4;0;1;0;0;1;0.8079;2.2
6;3;0;1;0;0;1;0.8079;2.22
6;5;0;1;0;0;1;0.8079;2.22
5;5;0;1;0;1;0;0.8079;2.24
5;2;4;1;0;1;0;0.8079;2.24
6;4;0;1;0;1;1;0.8079;2.28
6;5;0;1;0;1;1;0.8079;2.28
6;3;0;1;0;1;1;0.8079;2.29
5;2;4;1;0;1;1;0.8079;2.34
3;0;0;1;1;1;0;0.8079;2.56
0;5;4;1;0;0;1;0.8079;2.58
5;5;0;1;0;1;1;0.8079;2.58
3;0;4;1;1;0;0;0.8079;2.72
5;5;0;1;0;0;1;0.8079;2.83
3;0;0;1;1;1;1;0.8079;2.89
3;0;4;1;1;0;1;0.8079;3.05
3;0;4;1;1;1;1;0.8079;3.12
3;0;4;1;1;1;0;0.8079;3.31
0;5;4;1;0;1;1;0.8079;3.41
0;2;4;1;0;0;0;0.8079;3.43
5;2;4;1;0;0;1;0.8079;3.56
0;2;4;1;0;1;0;0.8079;3.64
0;5;4;1;0;0;0;0.8079;3.73
0;2;4;1;0;0;1;0.8079;3.79
5;5;4;1;0;0;0;0.8079;3.8
3;1;5;1;0;1;1;0.8079;3.95
3;1;4;1;1;0;1;0.8079;3.96
0;2;4;1;0;1;1;0.8079;3.98
5;5;4;1;0;1;0;0.8079;4.04
3;0;0;1;1;0;1;0.8079;4.13
5;5;4;1;0;0;1;0.8079;4.14
5;5;5;1;1;1;1;0.8079;4.15
5;2;5;2;1;0;1;0.8079;4.22
3;0;0;1;1;0;0;0.8079;4.23
3;1;5;1;0;0;0;0.8079;4.23
3;1;0;1;1;0;0;0.8079;4.26
5;5;4;1;0;1;1;0.8079;4.3
3;1;0;1;1;1;0;0.8079;4.46
3;1;4;1;1;0;0;0.8079;4.73
3;1;0;1;1;0;1;0.8079;4.74
3;1;0;1;1;1;1;0.8079;4.78
3;1;4;1;1;1;0;0.8079;4.82
5;2;4;1;0;0;0;0.8079;4.82
5;2;5;2;1;1;0;0.8079;4.84
3;1;4;1;1;1;1;0.8079;5.16
3;1;5;1;0;0;1;0.8079;5.42
5;2;5;2;1;0;0;0.8079;5.5
3;0;5;1;0;0;0;0.8079;5.7
5;2;5;1;1;0;0;0.8079;5.74
5;5;5;2;1;0;1;0.8079;5.92
5;5;5;2;1;0;0;0.8079;5.96
5;5;5;1;1;0;1;0.8079;5.98
3;0;5;1;0;1;0;0.8079;6.0
3;0;5;1;0;0;1;0.8079;6.04
3;0;5;1;0;1;1;0.8079;6.32
3;1;5;1;0;1;0;0.8079;6.43
5;2;5;1;1;0;1;0.8079;6.82
5;5;5;1;1;0;0;0.8079;7.03
5;2;5;2;1;1;1;0.8079;7.1
5;2;5;1;1;1;0;0.8079;7.24
5;2;5;1;1;1;1;0.8079;7.57
5;5;5;1;1;1;0;0.8079;7.57
5;5;5;2;1;1;0;0.8079;7.86
5;5;5;2;1;1;1;0.8079;7.99
5;5;4;2;1;1;0;0.8046;3.12
3;0;4;2;0;1;1;0.8046;3.23
3;0;4;2;0;0;1;0.8046;3.24
5;2;0;2;1;0;0;0.8046;3.29
5;5;4;2;1;0;0;0.8046;3.31
3;0;4;2;0;0;0;0.8046;3.38
3;0;4;2;0;1;0;0.8046;3.46
5;5;4;2;1;1;1;0.8046;3.49
5;5;4;2;1;0;1;0.8046;4.15
5;5;0;2;1;0;0;0.8046;4.36
5;2;5;2;0;0;1;0.8046;4.61
5;5;5;2;0;1;1;0.8046;4.73
5;2;5;2;0;1;0;0.8046;4.75
5;2;0;2;1;0;1;0.8046;5.07
5;2;0;2;1;1;0;0.8046;5.45
5;2;0;2;1;1;1;0.8046;5.54
5;5;0;2;1;1;1;0.8046;6.03
5;5;0;2;1;1;0;0.8046;6.07
5;2;4;2;1;0;0;0.8046;6.24
5;2;4;2;1;1;0;0.8046;6.74
5;2;4;2;1;0;1;0.8046;6.98
5;2;4;2;1;1;1;0.8046;7.02
5;5;5;2;0;0;0;0.8046;7.08
5;5;5;2;0;1;0;0.8046;7.22
5;2;5;2;0;0;0;0.8046;7.45
5;2;5;2;0;1;1;0.8046;7.55
5;5;0;2;1;0;1;0.8046;7.9
5;5;5;2;0;0;1;0.8046;8.37
6;1;0;2;0;0;0;0.8046;2.48
0;1;0;2;0;1;0;0.8046;3.0
0;1;0;2;0;0;0;0.8046;3.1
0;1;0;2;0;0;1;0.8046;3.25
0;1;0;2;0;1;1;0.8046;3.27
6;1;0;2;0;1;0;0.8046;3.44
6;1;0;2;0;1;1;0.8046;3.55
0;1;4;2;0;0;0;0.8046;4.17
0;1;4;2;0;0;1;0.8046;4.28
6;1;0;2;0;0;1;0.8046;4.54
6;1;4;2;0;1;1;0.8046;4.6
6;1;4;2;0;0;0;0.8046;7.18
0;1;4;2;0;1;0;0.8046;7.81
0;1;4;2;0;1;1;0.8046;8.04
6;1;4;2;0;0;1;0.8046;8.17
6;1;4;2;0;1;0;0.8046;8.92
1;5;0;1;1;0;0;0.8024;2.16
1;4;0;1;1;0;0;0.8024;2.37
1;1;4;1;1;0;0;0.8024;2.38
1;4;0;1;1;1;0;0.8024;2.42
1;1;4;1;1;1;0;0.8024;2.44
1;5;0;1;1;1;1;0.8024;2.45
1;0;4;1;1;0;0;0.8024;2.45
1;5;4;1;1;1;0;0.8024;2.46
1;4;0;1;1;1;1;0.8024;2.48
1;4;0;1;1;0;1;0.8024;2.67
1;2;4;1;1;1;1;0.8024;2.79
1;2;4;1;1;1;0;0.8024;2.82
1;5;4;1;1;0;1;0.8024;2.96
1;1;5;1;0;0;0;0.8024;2.96
1;3;0;1;1;1;1;0.8024;2.99
1;1;4;1;1;0;1;0.8024;3.0
1;3;4;1;1;0;1;0.8024;3.05
1;5;0;1;1;1;0;0.8024;3.14
1;5;5;1;0;1;0;0.8024;3.31
1;1;4;1;1;1;1;0.8024;3.43
1;2;4;1;1;0;1;0.8024;3.43
1;3;5;1;0;1;0;0.8024;3.49
1;0;5;1;0;1;0;0.8024;3.55
1;1;5;1;0;0;1;0.8024;3.66
1;5;5;1;0;1;1;0.8024;3.66
1;5;5;1;0;0;1;0.8024;3.67
1;2;5;1;0;0;1;0.8024;3.72
1;5;4;1;1;0;0;0.8024;3.73
1;3;5;1;0;1;1;0.8024;3.84
1;1;0;1;1;1;0;0.8024;3.96
1;0;0;1;1;0;0;0.8024;4.05
1;2;0;1;1;0;0;0.8024;4.08
1;0;5;1;0;0;1;0.8024;4.09
1;1;0;1;1;0;0;0.8024;4.14
1;3;0;1;1;0;0;0.8024;4.14
1;3;4;1;1;0;0;0.8024;4.15
1;1;0;1;1;1;1;0.8024;4.25
1;3;0;1;1;1;0;0.8024;4.32
1;0;0;1;1;1;0;0.8024;4.34
1;1;5;1;0;1;1;0.8024;4.35
1;2;0;1;1;1;0;0.8024;4.41
1;2;4;1;1;0;0;0.8024;4.41
1;0;0;1;1;0;1;0.8024;4.44
1;1;0;1;1;0;1;0.8024;4.46
1;4;4;1;1;0;0;0.8024;4.47
1;2;0;1;1;0;1;0.8024;4.5
1;5;0;1;1;0;1;0.8024;4.5
1;3;0;1;1;0;1;0.8024;4.51
1;0;4;1;1;1;0;0.8024;4.61
1;0;0;1;1;1;1;0.8024;4.64
1;2;0;1;1;1;1;0.8024;4.67
1;3;5;1;0;0;0;0.8024;4.71
1;4;4;1;1;0;1;0.8024;4.76
1;2;5;1;0;1;0;0.8024;4.81
1;0;4;1;1;0;1;0.8024;4.88
1;5;5;1;0;0;0;0.8024;4.88
1;5;4;1;1;1;1;0.8024;4.9
1;4;4;1;1;1;0;0.8024;4.99
1;4;4;1;1;1;1;0.8024;4.99
1;0;5;1;0;0;0;0.8024;5.01
1;3;4;1;1;1;0;0.8024;5.03
1;3;4;1;1;1;1;0.8024;5.03
1;0;4;1;1;1;1;0.8024;5.05
1;0;5;1;0;1;1;0.8024;5.1
1;2;5;1;0;0;0;0.8024;5.61
1;2;5;1;0;1;1;0.8024;5.61
1;4;5;1;0;0;0;0.8024;5.64
1;1;5;1;0;1;0;0.8024;5.81
1;4;5;1;0;1;0;0.8024;5.92
1;3;5;1;0;0;1;0.8024;6.03
1;4;5;1;0;0;1;0.8024;6.11
1;4;5;1;0;1;1;0.8024;6.19
3;0;5;2;1;0;0;0.8016;3.38
4;0;5;1;1;1;1;0.8016;4.19
3;1;5;1;1;0;0;0.8016;4.4
3;0;5;1;1;1;1;0.8016;4.76
4;0;5;1;1;1;0;0.8016;4.76
3;1;5;2;1;0;0;0.8016;4.9
3;0;5;2;1;0;1;0.8016;5.14
3;1;5;2;1;0;1;0.8016;5.36
3;0;5;1;1;0;0;0.8016;5.5
3;1;5;1;1;1;0;0.8016;5.54
3;1;5;2;1;1;0;0.8016;5.71
4;0;5;1;1;0;0;0.8016;5.71
3;0;5;1;1;1;0;0.8016;5.73
4;0;5;2;1;0;0;0.8016;5.73
3;0;5;2;1;1;0;0.8016;5.78
3;1;5;1;1;0;1;0.8016;5.78
3;1;5;1;1;1;1;0.8016;5.96
3;1;5;2;1;1;1;0.8016;5.99
4;0;5;1;1;0;1;0.8016;6.05
3;0;5;2;1;1;1;0.8016;6.13
4;0;5;2;1;1;1;0.8016;6.27
4;0;5;2;1;1;0;0.8016;6.37
3;0;5;1;1;0;1;0.8016;6.42
4;0;5;2;1;0;1;0.8016;7.05
3;4;0;1;0;0;0;0.7986;0.9
3;4;0;1;0;1;0;0.7986;0.92
5;4;0;1;0;0;0;0.7986;0.99
5;4;0;1;0;1;0;0.7986;1.03
5;3;0;1;0;1;0;0.7986;1.06
3;4;0;1;0;1;1;0.7986;1.07
3;3;0;1;0;1;1;0.7986;1.08
5;4;0;1;0;0;1;0.7986;1.18
5;3;0;1;0;1;1;0.7986;1.21
3;4;0;1;0;0;1;0.7986;1.4
4;3;0;1;0;0;0;0.7986;1.42
5;4;0;1;0;1;1;0.7986;1.48
4;5;0;1;0;1;0;0.7986;1.58
4;5;0;1;0;1;1;0.7986;1.58
4;3;0;1;0;0;1;0.7986;1.59
3;3;0;1;0;0;0;0.7986;1.62
5;3;0;1;0;0;1;0.7986;1.64
6;2;4;1;0;0;0;0.7986;1.65
3;3;0;1;0;1;0;0.7986;1.7
6;2;4;1;0;1;0;0.7986;1.73
4;4;0;1;0;0;0;0.7986;1.81
6;2;4;1;0;0;1;0.7986;1.81
4;2;0;1;0;0;0;0.7986;1.82
4;1;0;1;0;0;0;0.7986;1.84
4;5;0;1;0;0;0;0.7986;1.86
4;1;0;1;0;1;0;0.7986;1.87
4;4;0;1;0;1;0;0.7986;1.87
3;3;0;1;0;0;1;0.7986;1.91
4;0;0;1;0;0;0;0.7986;1.91
4;0;0;1;0;1;0;0.7986;1.92
4;2;0;1;0;1;0;0.7986;1.92
4;3;0;1;0;1;0;0.7986;1.93
6;2;4;1;0;1;1;0.7986;1.99
4;4;0;1;0;0;1;0.7986;2.06
4;0;0;1;0;0;1;0.7986;2.09
4;1;0;1;0;0;1;0.7986;2.09
4;2;0;1;0;0;1;0.7986;2.09
4;5;0;1;0;0;1;0.7986;2.09
4;4;0;1;0;1;1;0.7986;2.16
4;2;0;1;0;1;1;0.7986;2.17
4;3;0;1;0;1;1;0.7986;2.18
4;0;0;1;0;1;1;0.7986;2.24
5;3;0;1;0;0;0;0.7986;2.27
6;5;4;1;0;0;0;0.7986;2.28
3;4;0;1;1;0;0;0.7986;2.32
4;5;0;1;1;1;0;0.7986;2.44
4;1;0;1;0;1;1;0.7986;2.5
4;5;0;1;1;1;1;0.7986;2.65
4;2;4;1;1;0;1;0.7986;2.66
3;3;0;1;1;0;0;0.7986;2.71
3;4;4;1;1;0;1;0.7986;2.71
3;3;0;1;1;0;1;0.7986;2.72
3;3;0;1;1;1;0;0.7986;2.72
4;5;4;1;1;1;1;0.7986;2.8
3;4;4;1;1;0;0;0.7986;2.87
4;0;4;1;1;1;1;0.7986;2.89
3;4;0;1;1;0;1;0.7986;2.91
4;0;4;1;1;1;0;0.7986;3.1
3;4;4;1;1;1;0;0.7986;3.23
6;5;4;1;0;1;0;0.7986;3.26
4;5;5;1;0;1;0;0.7986;3.29
4;4;0;1;1;1;1;0.7986;3.34
0;2;5;1;1;1;0;0.7986;3.38
3;3;5;1;0;1;0;0.7986;3.38
3;3;5;1;0;1;1;0.7986;3.42
6;5;4;1;0;0;1;0.7986;3.43
3;4;4;1;1;1;1;0.7986;3.53
4;3;0;1;1;1;1;0.7986;3.53
0;2;5;1;1;1;1;0.7986;3.6
0;5;5;1;1;1;0;0.7986;3.64
3;3;0;1;1;1;1;0.7986;3.7
4;2;4;1;1;1;0;0.7986;3.71
4;4;5;1;0;0;1;0.7986;3.72
0;5;5;1;1;1;1;0.7986;3.77
0;5;5;1;1;0;0;0.7986;3.78
3;4;0;1;1;1;0;0.7986;3.8
0;5;5;1;1;0;1;0.7986;3.89
0;2;5;2;1;1;1;0.7986;3.91
4;3;0;1;1;0;1;0.7986;3.96
4;5;0;1;1;0;0;0.7986;3.98
0;2;5;1;1;0;1;0.7986;4.0
4;1;5;1;0;1;1;0.7986;4.01
0;2;5;2;1;1;0;0.7986;4.03
4;4;5;1;0;1;0;0.7986;4.03
6;5;4;1;0;1;1;0.7986;4.05
4;1;4;1;1;0;1;0.7986;4.22
3;3;5;1;0;0;0;0.7986;4.24
4;5;4;1;1;1;0;0.7986;4.32
4;2;0;1;1;0;0;0.7986;4.4
4;0;0;1;1;0;0;0.7986;4.44
6;5;5;2;1;1;0;0.7986;4.5
3;4;0;1;1;1;1;0.7986;4.53
4;1;0;1;1;1;0;0.7986;4.59
3;3;4;1;1;0;0;0.7986;4.63
0;5;5;2;1;1;1;0.7986;4.65
4;4;0;1;1;1;0;0.7986;4.66
4;2;4;1;1;0;0;0.7986;4.68
4;3;0;1;1;1;0;0.7986;4.69
4;0;0;1;1;1;0;0.7986;4.7
0;5;5;2;1;0;0;0.7986;4.74
4;0;0;1;1;0;1;0.7986;4.74
4;4;0;1;1;0;0;0.7986;4.75
4;4;0;1;1;0;1;0.7986;4.77
4;4;4;1;1;0;0;0.7986;4.77
4;2;0;1;1;0;1;0.7986;4.79
4;3;0;1;1;0;0;0.7986;4.79
3;3;4;1;1;0;1;0.7986;4.85
4;5;5;1;0;0;1;0.7986;4.86
4;1;4;1;1;1;1;0.7986;4.87
3;3;4;1;1;1;0;0.7986;4.91
4;1;4;1;1;1;0;0.7986;4.95
4;0;4;1;1;0;0;0.7986;4.96
4;4;4;1;1;1;0;0.7986;4.96
4;0;4;1;1;0;1;0.7986;4.97
4;2;0;1;1;1;0;0.7986;4.98
6;5;5;1;1;0;1;0.7986;5.0
4;0;0;1;1;1;1;0.7986;5.01
4;1;0;1;1;1;1;0.7986;5.02
4;5;4;1;1;0;0;0.7986;5.02
4;3;4;1;1;0;0;0.7986;5.03
4;2;0;1;1;1;1;0.7986;5.04
4;1;0;1;1;0;1;0.7986;5.05
4;1;4;1;1;0;0;0.7986;5.05
4;5;0;1;1;0;1;0.7986;5.11
4;2;4;1;1;1;1;0.7986;5.14
3;4;5;1;0;1;1;0.7986;5.15
4;4;4;1;1;0;1;0.7986;5.16
3;3;4;1;1;1;1;0.7986;5.18
4;3;4;1;1;1;0;0.7986;5.22
4;0;5;1;0;0;0;0.7986;5.25
6;2;5;1;1;0;0;0.7986;5.27
4;3;4;1;1;0;1;0.7986;5.28
6;5;5;1;1;0;0;0.7986;5.29
4;5;5;1;0;1;1;0.7986;5.32
6;2;5;2;1;0;0;0.7986;5.34
6;5;5;2;1;0;0;0.7986;5.42
6;2;5;2;1;1;0;0.7986;5.44
6;5;5;1;1;1;0;0.7986;5.5
4;3;4;1;1;1;1;0.7986;5.54
6;2;5;1;1;0;1;0.7986;5.54
6;5;5;2;1;0;1;0.7986;5.54
4;5;4;1;1;0;1;0.7986;5.56
6;2;5;2;1;0;1;0.7986;5.56
0;5;5;2;1;1;0;0.7986;5.6
6;2;5;1;1;1;0;0.7986;5.6
4;5;5;1;0;0;0;0.7986;5.62
3;4;5;1;0;0;0;0.7986;5.69
4;4;5;1;0;0;0;0.7986;5.69
4;4;4;1;1;1;1;0.7986;5.73
6;5;5;1;1;1;1;0.7986;5.75
4;2;5;1;0;0;0;0.7986;5.85
4;3;5;1;0;0;0;0.7986;5.91
6;2;5;2;1;1;1;0.7986;5.95
3;4;5;1;0;0;1;0.7986;5.99
3;3;5;1;0;0;1;0.7986;6.0
4;4;5;1;0;1;1;0.7986;6.04
0;2;5;2;1;0;0;0.7986;6.06
6;2;5;1;1;1;1;0.7986;6.09
4;2;5;1;0;1;0;0.7986;6.1
4;0;5;1;0;1;0;0.7986;6.11
4;3;5;1;0;1;0;0.7986;6.14
6;5;5;2;1;1;1;0.7986;6.15
0;2;5;1;1;0;0;0.7986;6.16
3;4;5;1;0;1;0;0.7986;6.17
4;3;5;1;0;0;1;0.7986;6.26
4;0;5;1;0;0;1;0.7986;6.33
4;2;5;1;0;0;1;0.7986;6.37
4;1;0;1;1;0;0;0.7986;6.38
4;0;5;1;0;1;1;0.7986;6.39
4;3;5;1;0;1;1;0.7986;6.41
4;2;5;1;0;1;1;0.7986;6.43
0;2;5;2;1;0;1;0.7986;6.49
0;5;5;2;1;0;1;0.7986;6.78
4;1;5;1;0;0;0;0.7986;6.96
4;1;5;1;0;0;1;0.7986;7.6
4;1;5;1;0;1;0;0.7986;7.96
0;0;0;1;0;0;0;0.7977;0.88
0;0;0;1;0;0;1;0.7977;1.01
0;0;0;1;0;1;1;0.7977;1.05
5;1;0;1;0;1;0;0.7977;1.08
5;0;0;1;0;1;0;0.7977;1.1
5;1;0;1;0;0;1;0.7977;1.18
5;1;0;1;0;1;1;0.7977;1.19
5;0;0;1;0;1;1;0.7977;1.21
0;0;0;1;0;1;0;0.7977;1.3
5;1;0;1;0;0;0;0.7977;1.46
3;1;4;1;0;1;0;0.7977;1.62
6;0;0;1;0;0;1;0.7977;1.69
5;0;0;1;0;0;1;0.7977;1.7
6;0;0;1;0;1;1;0.7977;1.71
0;3;4;1;0;0;0;0.7977;1.91
5;0;0;1;0;0;0;0.7977;1.95
0;4;4;1;0;1;0;0.7977;2.0
3;4;4;1;0;1;0;0.7977;2.03
0;1;4;1;0;1;0;0.7977;2.04
5;4;4;1;0;1;0;0.7977;2.13
6;0;0;1;0;0;0;0.7977;2.14
0;4;4;1;0;1;1;0.7977;2.15
6;0;0;1;0;1;0;0.7977;2.15
0;3;0;1;1;1;1;0.7977;2.21
0;3;4;1;0;1;1;0.7977;2.23
6;3;0;1;1;1;0;0.7977;2.23
3;4;4;1;0;1;1;0.7977;2.29
5;4;4;1;0;0;1;0.7977;2.39
6;3;0;1;1;1;1;0.7977;2.42
0;3;4;1;0;0;1;0.7977;2.51
0;3;4;1;0;1;0;0.7977;2.51
1;0;5;1;1;0;1;0.7977;2.57
0;0;4;1;0;1;1;0.7977;2.67
0;1;4;1;0;1;1;0.7977;2.67
4;0;4;1;0;1;0;0.7977;2.67
6;1;4;1;0;1;1;0.7977;2.69
4;5;5;2;1;1;0;0.7977;2.74
4;2;5;2;1;1;0;0.7977;2.77
0;0;4;1;0;0;0;0.7977;2.81
1;0;5;1;1;0;0;0.7977;2.87
3;1;4;1;0;1;1;0.7977;2.92
1;0;5;1;1;1;0;0.7977;3.08
3;3;4;1;0;1;0;0.7977;3.09
4;1;4;1;0;1;0;0.7977;3.09
4;4;4;1;0;1;0;0.7977;3.14
4;1;5;1;1;1;1;0.7977;3.17
4;5;5;2;1;1;1;0.7977;3.21
0;3;4;1;1;1;0;0.7977;3.27
0;3;5;1;0;1;0;0.7977;3.3
4;2;5;2;1;1;1;0.7977;3.38
6;4;5;1;0;1;0;0.7977;3.38
4;5;4;1;0;1;0;0.7977;3.41
6;4;0;1;1;1;0;0.7977;3.43
6;1;4;1;0;1;0;0.7977;3.44
0;0;5;2;1;0;0;0.7977;3.5
4;4;4;1;0;1;1;0.7977;3.51
4;1;5;1;1;1;0;0.7977;3.55
6;0;5;1;1;1;1;0.7977;3.58
6;0;4;1;0;0;0;0.7977;3.6
1;0;5;1;1;1;1;0.7977;3.61
4;0;4;1;0;1;1;0.7977;3.62
4;5;4;1;0;1;1;0.7977;3.64
5;1;4;1;0;1;1;0.7977;3.66
0;4;4;1;0;0;0;0.7977;3.72
0;4;0;1;1;1;0;0.7977;3.73
0;1;4;1;0;0;0;0.7977;3.73
6;0;4;1;0;1;0;0.7977;3.74
6;1;4;1;0;0;0;0.7977;3.77
0;0;4;1;0;1;0;0.7977;3.82
4;3;4;1;0;1;0;0.7977;3.85
6;0;4;1;0;0;1;0.7977;3.86
3;3;4;1;0;1;1;0.7977;3.87
4;2;5;1;1;1;0;0.7977;3.87
4;2;4;1;0;1;0;0.7977;3.88
6;4;5;1;0;1;1;0.7977;3.88
5;1;4;1;0;0;0;0.7977;3.9
6;4;0;1;1;1;1;0.7977;3.91
5;0;4;1;0;0;0;0.7977;3.94
6;0;5;1;1;1;0;0.7977;3.97
4;2;4;1;0;1;1;0.7977;3.98
5;4;4;1;0;0;0;0.7977;3.99
5;1;5;1;1;1;1;0.7977;4.0
0;1;4;1;0;0;1;0.7977;4.01
5;1;5;1;1;1;0;0.7977;4.01
0;4;0;1;1;1;1;0.7977;4.02
0;1;5;1;1;1;1;0.7977;4.03
6;0;4;1;0;1;1;0.7977;4.03
6;1;4;1;0;0;1;0.7977;4.04
0;3;0;1;1;1;0;0.7977;4.05
0;1;5;2;1;0;1;0.7977;4.05
5;1;5;1;1;0;1;0.7977;4.06
0;4;4;1;0;0;1;0.7977;4.07
4;1;4;1;0;1;1;0.7977;4.08
0;4;4;1;1;1;0;0.7977;4.09
0;0;5;1;1;0;1;0.7977;4.11
0;0;4;1;0;0;1;0.7977;4.12
0;1;5;1;1;1;0;0.7977;4.13
5;3;4;1;0;1;0;0.7977;4.13
5;3;4;1;0;0;0;0.7977;4.14
5;0;4;1;0;1;0;0.7977;4.15
5;3;4;1;0;0;1;0.7977;4.18
0;1;5;2;1;1;0;0.7977;4.19
5;0;4;1;0;0;1;0.7977;4.2
0;0;5;2;1;0;1;0.7977;4.24
4;1;5;1;1;0;0;0.7977;4.25
5;0;5;1;1;0;1;0.7977;4.28
6;1;5;2;1;0;1;0.7977;4.32
0;0;5;2;1;1;0;0.7977;4.35
5;0;5;1;1;0;0;0.7977;4.39
5;1;4;1;0;1;0;0.7977;4.41
6;1;5;2;1;1;0;0.7977;4.46
0;3;5;1;0;1;1;0.7977;4.47
6;3;4;1;1;1;0;0.7977;4.49
6;4;4;1;1;1;0;0.7977;4.52
0;0;5;1;1;1;1;0.7977;4.55
5;1;4;1;0;0;1;0.7977;4.6
0;0;5;2;1;1;1;0.7977;4.63
5;3;4;1;0;1;1;0.7977;4.68
0;3;4;1;1;1;1;0.7977;4.71
0;1;5;2;1;1;1;0.7977;4.71
1;0;5;2;1;0;0;0.7977;4.71
4;3;4;1;0;1;1;0.7977;4.74
1;0;5;2;1;1;0;0.7977;4.76
5;0;4;1;0;1;1;0.7977;4.76
0;4;4;1;1;1;1;0.7977;4.77
6;0;5;2;1;1;1;0.7977;4.78
6;3;4;1;1;1;1;0.7977;4.8
4;5;5;1;1;1;0;0.7977;4.81
5;0;5;2;1;0;0;0.7977;4.82
5;4;4;1;0;1;1;0.7977;4.84
0;1;5;1;1;0;1;0.7977;4.91
1;0;5;2;1;0;1;0.7977;4.98
4;1;5;1;1;0;1;0.7977;5.01
1;0;5;2;1;1;1;0.7977;5.02
6;4;4;1;1;1;1;0.7977;5.06
6;0;5;2;1;1;0;0.7977;5.07
0;0;5;1;1;1;0;0.7977;5.13
0;4;5;1;0;1;0;0.7977;5.21
4;5;5;1;1;1;1;0.7977;5.46
4;2;5;1;1;1;1;0.7977;5.55
0;4;5;1;0;1;1;0.7977;5.59
4;1;5;2;1;0;0;0.7977;5.68
6;3;5;1;0;1;0;0.7977;5.7
0;0;5;1;1;0;0;0.7977;5.8
4;1;5;2;1;1;0;0.7977;5.8
6;3;5;1;0;1;1;0.7977;5.98
4;1;5;2;1;0;1;0.7977;5.99
4;1;5;2;1;1;1;0.7977;6.21
5;1;5;2;1;1;1;0.7977;6.3
6;0;5;1;1;0;0;0.7977;6.32
6;1;5;1;1;0;0;0.7977;6.32
6;1;5;2;1;0;0;0.7977;6.34
6;0;5;2;1;0;1;0.7977;6.38
0;1;5;2;1;0;0;0.7977;6.49
6;1;5;1;1;1;0;0.7977;6.52
0;1;5;1;1;0;0;0.7977;6.55
6;1;5;1;1;0;1;0.7977;6.6
5;1;5;1;1;0;0;0.7977;6.61
6;1;5;1;1;1;1;0.7977;6.79
6;0;5;2;1;0;0;0.7977;6.86
6;1;5;2;1;1;1;0.7977;6.87
6;0;5;1;1;0;1;0.7977;6.91
5;1;5;2;1;0;1;0.7977;7.25
5;0;5;2;1;1;0;0.7977;7.26
5;1;5;2;1;0;0;0.7977;7.34
5;0;5;1;1;1;1;0.7977;7.38
5;0;5;2;1;1;1;0.7977;7.51
5;0;5;1;1;1;0;0.7977;7.53
5;1;5;2;1;1;0;0.7977;7.6
5;0;5;2;1;0;1;0.7977;9.35
5;1;4;2;0;1;1;0.7958;6.7
5;1;4;2;0;1;0;0.7958;8.63
2;0;1;2;1;1;0;0.7866;5.17
2;0;1;2;1;0;1;0.7866;6.53
2;0;1;2;1;1;1;0.7866;6.87
2;0;1;2;1;0;0;0.7866;8.49
4;5;0;2;0;1;0;0.7663;1.58
4;3;0;2;0;0;0;0.7663;1.63
4;5;0;2;0;0;0;0.7663;1.65
4;4;0;2;0;1;0;0.7663;1.76
4;0;0;2;0;1;0;0.7663;1.79
4;4;0;2;0;1;1;0.7663;1.94
4;3;0;2;0;0;1;0.7663;2.03
4;5;0;2;0;1;1;0.7663;2.13
4;5;0;2;0;0;1;0.7663;2.24
4;0;0;2;0;0;1;0.7663;2.38
4;4;0;2;0;0;0;0.7663;2.66
4;0;0;2;0;1;1;0.7663;2.82
4;3;0;2;0;1;0;0.7663;2.93
3;4;0;2;0;1;0;0.7663;3.01
3;3;0;2;0;1;0;0.7663;3.04
4;1;0;2;0;0;0;0.7663;3.04
4;4;0;2;0;0;1;0.7663;3.08
4;1;0;2;0;1;0;0.7663;3.1
4;0;0;2;0;0;0;0.7663;3.12
4;2;0;2;0;0;0;0.7663;3.15
4;2;0;2;0;1;0;0.7663;3.15
4;5;0;2;1;1;0;0.7663;3.28
4;4;0;2;1;1;0;0.7663;3.38
3;3;0;2;0;1;1;0.7663;3.42
4;4;0;2;1;1;1;0.7663;3.43
4;5;0;2;1;0;0;0.7663;3.48
3;4;0;2;0;1;1;0.7663;3.51
4;4;0;2;1;0;0;0.7663;3.53
4;2;0;2;0;0;1;0.7663;3.6
4;3;0;2;0;1;1;0.7663;3.62
4;2;0;2;0;1;1;0.7663;3.68
4;5;0;2;1;1;1;0.7663;3.79
4;3;0;2;1;1;1;0.7663;3.81
4;3;0;2;1;0;0;0.7663;3.91
4;0;0;2;1;1;0;0.7663;3.95
4;5;0;2;1;0;1;0.7663;3.97
4;5;5;2;0;1;0;0.7663;4.16
4;0;0;2;1;0;1;0.7663;4.21
4;4;5;2;0;0;0;0.7663;4.48
4;0;5;2;0;1;0;0.7663;4.55
4;1;0;2;0;1;1;0.7663;4.59
4;0;4;2;1;0;0;0.7663;4.6
3;4;4;2;1;1;0;0.7663;4.62
4;1;0;2;0;0;1;0.7663;4.63
4;2;5;2;0;1;1;0.7663;4.65
4;2;0;2;1;1;0;0.7663;4.76
3;3;0;2;1;1;0;0.7663;4.85
4;4;0;2;1;0;1;0.7663;4.93
4;0;4;2;1;0;1;0.7663;5.09
4;4;5;2;0;1;1;0.7663;5.11
3;3;0;2;1;1;1;0.7663;5.19
4;3;0;2;1;1;0;0.7663;5.26
4;1;4;2;1;1;0;0.7663;5.37
4;2;0;2;1;0;0;0.7663;5.84
3;3;4;2;1;1;1;0.7663;5.86
4;1;0;2;1;1;0;0.7663;5.89
4;0;5;2;0;1;1;0.7663;5.89
4;5;5;2;0;0;1;0.7663;5.99
4;3;0;2;1;0;1;0.7663;6.06
4;5;4;2;1;0;1;0.7663;6.07
4;2;0;2;1;0;1;0.7663;6.08
3;4;0;2;1;1;0;0.7663;6.1
4;2;5;2;0;1;0;0.7663;6.15
4;5;4;2;1;1;0;0.7663;6.19
4;2;4;2;1;0;0;0.7663;6.22
4;2;4;2;1;1;0;0.7663;6.23
4;1;0;2;1;0;1;0.7663;6.26
3;4;0;2;1;1;1;0.7663;6.32
4;5;4;2;1;0;0;0.7663;6.33
4;0;0;2;1;0;0;0.7663;6.34
4;3;4;2;1;1;1;0.7663;6.39
4;3;4;2;1;0;0;0.7663;6.45
4;2;5;2;0;0;1;0.7663;6.47
4;5;5;2;0;0;0;0.7663;6.47
4;0;0;2;1;1;1;0.7663;6.54
3;3;4;2;1;1;0;0.7663;6.74
3;4;4;2;1;1;1;0.7663;6.75
4;1;4;2;1;0;0;0.7663;6.76
4;2;0;2;1;1;1;0.7663;6.79
4;1;4;2;1;0;1;0.7663;6.87
4;3;4;2;1;0;1;0.7663;6.9
4;3;4;2;1;1;0;0.7663;6.95
4;4;4;2;1;1;0;0.7663;7.11
4;0;5;2;0;0;0;0.7663;7.26
4;5;4;2;1;1;1;0.7663;7.37
4;0;5;2;0;0;1;0.7663;7.39
4;4;5;2;0;0;1;0.7663;7.39
4;1;0;2;1;0;0;0.7663;7.46
4;4;5;2;0;1;0;0.7663;7.49
4;3;5;2;0;1;0;0.7663;7.53
4;1;4;2;1;1;1;0.7663;7.58
3;4;5;2;0;1;0;0.7663;7.61
4;2;5;2;0;0;0;0.7663;7.63
3;3;5;2;0;1;0;0.7663;7.75
4;3;5;2;0;0;1;0.7663;7.8
4;5;5;2;0;1;1;0.7663;7.85
4;1;5;2;0;1;0;0.7663;7.98
4;4;4;2;1;1;1;0.7663;8.0
3;4;5;2;0;1;1;0.7663;8.04
4;2;4;2;1;0;1;0.7663;8.17
4;4;4;2;1;0;1;0.7663;8.18
3;3;5;2;0;1;1;0.7663;8.22
4;1;5;2;0;1;1;0.7663;8.25
4;3;5;2;0;1;1;0.7663;8.25
4;1;0;2;1;1;1;0.7663;8.34
4;0;4;2;1;1;0;0.7663;8.42
4;4;4;2;1;0;0;0.7663;8.89
4;2;4;2;1;1;1;0.7663;9.02
4;3;5;2;0;0;0;0.7663;9.18
4;1;5;2;0;0;0;0.7663;9.37
4;0;4;2;1;1;1;0.7663;9.54
4;1;5;2;0;0;1;0.7663;9.98
3;0;4;1;0;0;1;0.7606;1.77
0;2;0;1;1;0;0;0.7606;1.9
3;0;4;1;0;0;0;0.7606;1.94
5;4;0;1;1;0;0;0.7606;2.01
5;2;0;1;1;0;0;0.7606;2.08
6;2;0;1;1;0;0;0.7606;2.09
5;3;0;1;1;0;0;0.7606;2.14
0;2;0;1;1;0;1;0.7606;2.2
6;5;0;1;1;0;1;0.7606;2.28
6;2;0;1;1;0;1;0.7606;2.33
5;2;4;1;1;0;1;0.7606;2.39
0;5;4;1;1;0;0;0.7606;2.53
5;4;0;1;1;0;1;0.7606;2.55
1;5;4;1;0;0;0;0.7606;2.62
1;2;4;1;0;0;0;0.7606;2.7
6;2;4;1;1;0;0;0.7606;2.78
5;2;5;1;0;0;0;0.7606;2.83
5;4;5;1;0;0;0;0.7606;2.86
5;2;4;1;1;0;0;0.7606;2.88
5;3;5;1;0;0;0;0.7606;2.88
0;2;4;1;1;0;1;0.7606;3.04
1;5;5;1;1;0;0;0.7606;3.06
5;4;5;1;0;0;1;0.7606;3.06
1;2;4;1;0;0;1;0.7606;3.1
1;5;4;1;0;0;1;0.7606;3.14
5;3;5;1;0;0;1;0.7606;3.15
0;2;5;1;0;0;0;0.7606;3.57
0;2;5;1;0;0;1;0.7606;3.61
0;5;0;1;1;0;0;0.7606;3.62
6;5;0;1;1;0;0;0.7606;3.65
1;2;5;1;1;0;0;0.7606;3.8
5;5;0;1;1;0;0;0.7606;3.82
0;5;0;1;1;0;1;0.7606;4.05
5;5;4;1;1;0;0;0.7606;4.09
6;5;4;1;1;0;0;0.7606;4.13
2;0;0;1;1;0;0;0.7606;4.27
5;3;0;1;1;0;1;0.7606;4.3
5;5;0;1;1;0;1;0.7606;4.34
0;5;4;1;1;0;1;0.7606;4.39
5;2;5;1;0;0;1;0.7606;4.48
0;2;4;1;1;0;0;0.7606;4.57
2;0;0;1;1;0;1;0.7606;4.57
5;5;4;1;1;0;1;0.7606;4.59
6;5;4;1;1;0;1;0.7606;4.63
1;5;5;2;1;0;0;0.7606;4.67
1;2;5;1;1;0;1;0.7606;4.72
1;2;5;2;1;0;0;0.7606;4.81
6;5;5;1;0;0;1;0.7606;4.86
5;3;4;1;1;0;0;0.7606;4.91
6;5;5;1;0;0;0;0.7606;4.96
5;4;4;1;1;0;0;0.7606;5.13
1;2;5;2;1;0;1;0.7606;5.18
0;5;5;1;0;0;0;0.7606;5.22
1;5;5;2;1;0;1;0.7606;5.22
5;5;5;1;0;0;0;0.7606;5.28
6;2;5;1;0;0;0;0.7606;5.33
5;3;4;1;1;0;1;0.7606;5.35
0;5;5;1;0;0;1;0.7606;5.53
1;5;5;1;1;0;1;0.7606;5.57
5;4;4;1;1;0;1;0.7606;5.81
5;2;0;1;1;0;1;0.7606;5.91
6;2;4;1;1;0;1;0.7606;6.18
5;5;5;1;0;0;1;0.7606;6.89
6;2;5;1;0;0;1;0.7606;7.33
3;0;0;2;0;1;0;0.7489;1.59
6;3;0;2;0;1;0;0.7489;2.12
5;2;0;2;0;1;0;0.7489;2.28
6;4;0;2;0;1;0;0.7489;2.6
6;3;0;2;0;1;1;0.7489;2.65
0;4;0;2;0;1;0;0.7489;2.97
6;4;0;2;0;1;1;0.7489;2.98
3;1;0;2;0;1;0;0.7489;3.01
0;3;0;2;0;1;0;0.7489;3.14
3;0;0;2;1;1;0;0.7489;3.18
3;0;0;2;0;1;1;0.7489;3.23
1;5;0;2;1;1;1;0.7489;3.26
5;5;0;2;0;1;0;0.7489;3.33
1;3;0;2;1;1;1;0.7489;3.38
0;4;0;2;0;1;1;0.7489;3.43
1;0;4;2;1;1;0;0.7489;3.48
0;3;0;2;0;1;1;0.7489;3.53
3;0;4;2;1;1;0;0.7489;3.55
1;3;0;2;1;1;0;0.7489;3.56
1;1;4;2;1;1;1;0.7489;3.57
3;1;0;2;0;1;1;0.7489;3.6
1;2;4;2;1;1;1;0.7489;3.63
1;5;4;2;1;1;1;0.7489;3.69
1;4;4;2;1;1;1;0.7489;3.73
1;1;4;2;1;1;0;0.7489;3.75
5;5;0;2;0;1;1;0.7489;3.76
3;1;0;2;1;1;0;0.7489;3.79
5;2;0;2;0;1;1;0.7489;3.91
3;0;0;2;1;1;1;0.7489;3.96
1;0;4;2;1;1;1;0.7489;4.0
3;0;5;2;0;1;0;0.7489;4.05
1;0;0;2;1;1;0;0.7489;4.08
0;4;4;2;0;1;0;0.7489;4.11
3;0;4;2;1;1;1;0.7489;4.11
1;2;4;2;1;1;0;0.7489;4.35
5;5;4;2;0;0;1;0.7489;4.53
5;2;4;2;0;0;0;0.7489;4.54
1;1;0;2;1;1;1;0.7489;4.56
1;0;0;2;1;1;1;0.7489;4.64
1;4;4;2;1;1;0;0.7489;4.71
1;5;4;2;1;1;0;0.7489;4.87
1;3;5;2;0;1;1;0.7489;4.87
1;1;5;2;0;1;1;0.7489;4.97
1;3;5;2;0;1;0;0.7489;5.05
1;1;5;2;0;1;0;0.7489;5.12
1;5;0;2;1;1;0;0.7489;5.14
1;4;0;2;1;1;1;0.7489;5.24
1;4;0;2;1;1;0;0.7489;5.56
1;1;0;2;1;1;0;0.7489;5.58
1;5;5;2;0;1;0;0.7489;5.61
1;2;0;2;1;1;0;0.7489;5.76
5;5;4;2;0;1;1;0.7489;6.06
1;2;0;2;1;1;1;0.7489;6.26
1;3;4;2;1;1;1;0.7489;6.31
5;0;4;2;0;1;1;0.7489;6.31
1;3;4;2;1;1;0;0.7489;6.37
3;1;0;2;1;1;1;0.7489;6.47
3;1;4;2;1;1;0;0.7489;6.47
5;2;4;2;0;0;1;0.7489;6.5
3;0;5;2;0;1;1;0.7489;6.63
5;5;4;2;0;0;0;0.7489;6.69
5;4;4;2;0;1;1;0.7489;6.8
0;4;4;2;0;1;1;0.7489;7.01
3;1;4;2;1;1;1;0.7489;7.09
0;3;4;2;0;1;0;0.7489;7.14
1;4;5;2;0;1;0;0.7489;7.47
1;2;5;2;0;1;0;0.7489;7.54
1;0;5;2;0;1;0;0.7489;7.58
3;1;5;2;0;1;0;0.7489;7.63
1;4;5;2;0;1;1;0.7489;7.96
1;2;5;2;0;1;1;0.7489;7.99
0;0;4;2;0;1;1;0.7489;8.06
1;0;5;2;0;1;1;0.7489;8.1
1;5;5;2;0;1;1;0.7489;8.11
5;2;4;2;0;1;0;0.7489;8.12
5;0;4;2;0;1;0;0.7489;8.17
0;3;4;2;0;1;1;0.7489;8.21
5;5;4;2;0;1;0;0.7489;8.28
3;1;5;2;0;1;1;0.7489;8.32
0;0;4;2;0;1;0;0.7489;8.49
5;4;4;2;0;1;0;0.7489;8.52
5;3;4;2;0;1;0;0.7489;8.57
5;2;4;2;0;1;1;0.7489;8.87
5;3;4;2;0;1;1;0.7489;8.93
6;5;4;0;1;0;0;0.7473;3.04
0;5;4;0;1;0;1;0.7473;3.1
5;5;4;0;1;0;0;0.7473;3.49
6;2;4;0;1;0;1;0.7473;3.51
6;2;4;0;1;0;0;0.7473;3.57
6;5;4;0;1;0;1;0.7473;3.58
0;5;4;0;1;0;0;0.7473;3.68
0;2;4;0;1;0;0;0.7473;3.69
0;2;5;0;0;0;0;0.7473;3.73
0;5;5;0;0;0;1;0.7473;3.81
0;2;5;0;0;0;1;0.7473;3.83
5;5;4;0;1;0;1;0.7473;4.01
5;2;5;0;0;0;0;0.7473;4.08
0;2;4;0;1;0;1;0.7473;4.26
5;5;5;0;0;0;1;0.7473;4.31
5;3;5;0;0;0;1;0.7473;4.43
0;5;5;0;0;0;0;0.7473;4.56
5;4;5;0;0;0;1;0.7473;4.76
5;5;5;0;0;0;0;0.7473;4.92
5;3;5;0;0;0;0;0.7473;5.55
5;3;4;0;1;0;0;0.7473;5.77
5;3;4;0;1;0;1;0.7473;6.23
5;4;5;0;0;0;0;0.7473;6.46
6;5;5;0;0;0;0;0.7473;6.99
6;2;5;0;0;0;0;0.7473;7.0
5;2;5;0;0;0;1;0.7473;7.16
6;5;5;0;0;0;1;0.7473;7.4
5;4;4;0;1;0;1;0.7473;7.51
6;2;5;0;0;0;1;0.7473;7.52
5;2;4;0;1;0;0;0.7473;7.69
5;4;4;0;1;0;0;0.7473;7.78
5;2;4;0;1;0;1;0.7473;8.12
3;3;4;2;0;1;0;0.7451;3.08
3;4;4;2;0;1;0;0.7451;3.09
4;0;4;2;0;0;0;0.7451;3.26
4;1;4;2;0;0;0;0.7451;3.26
4;3;4;2;0;1;0;0.7451;3.29
3;4;4;2;0;0;0;0.7451;3.31
3;4;4;2;0;1;1;0.7451;3.39
4;3;4;2;0;0;1;0.7451;3.67
4;0;4;2;0;0;1;0.7451;3.75
3;3;4;2;0;0;1;0.7451;4.21
4;3;4;2;0;1;1;0.7451;4.38
3;3;4;2;0;1;1;0.7451;4.41
3;4;4;2;0;0;1;0.7451;4.89
4;3;4;2;0;0;0;0.7451;5.3
3;3;4;2;0;0;0;0.7451;5.79
4;0;4;2;0;1;0;0.7451;5.9
4;0;4;2;0;1;1;0.7451;6.29
4;1;4;2;0;0;1;0.7451;6.36
4;1;4;2;0;1;0;0.7451;6.38
4;4;4;2;0;1;1;0.7451;6.64
4;4;4;2;0;1;0;0.7451;7.12
4;1;4;2;0;1;1;0.7451;7.14
4;4;4;2;0;0;1;0.7451;7.45
4;4;4;2;0;0;0;0.7451;8.48
3;3;0;2;0;0;0;0.745;2.16
3;4;0;2;0;0;0;0.745;2.93
3;3;0;2;0;0;1;0.745;3.08
3;4;0;2;0;0;1;0.745;3.2
3;4;0;2;1;0;0;0.745;4.42
3;4;4;2;1;0;1;0.745;4.44
3;3;0;2;1;0;0;0.745;4.74
3;4;0;2;1;0;1;0.745;5.11
3;3;0;2;1;0;1;0.745;5.24
3;4;4;2;1;0;0;0.745;5.45
3;3;4;2;1;0;0;0.745;6.2
3;3;5;2;0;0;0;0.745;6.56
3;3;4;2;1;0;1;0.745;7.04
3;4;5;2;0;0;0;0.745;7.38
3;4;5;2;0;0;1;0.745;7.68
3;3;5;2;0;0;1;0.745;7.7
0;0;0;2;1;1;0;0.7228;2.63
5;0;0;2;1;0;0;0.7228;2.76
5;1;0;2;1;0;0;0.7228;2.78
5;0;0;2;1;1;1;0.7228;3.11
5;0;0;2;1;1;0;0.7228;3.15
5;0;4;2;1;0;0;0.7228;3.17
5;0;0;2;1;0;1;0.7228;3.55
0;0;4;2;1;1;0;0.7228;3.58
0;0;0;2;1;0;0;0.7228;3.65
0;0;4;2;1;1;1;0.7228;3.67
5;1;4;2;1;0;1;0.7228;3.8
0;0;5;2;0;0;0;0.7228;3.92
0;0;5;2;0;1;0;0.7228;3.94
0;0;4;2;1;0;0;0.7228;3.98
5;1;4;2;1;0;0;0.7228;3.99
5;1;5;2;0;0;1;0.7228;4.0
0;0;5;2;0;0;1;0.7228;4.05
5;1;5;2;0;0;0;0.7228;4.07
0;0;4;2;1;0;1;0.7228;4.18
0;0;0;2;1;1;1;0.7228;4.3
5;1;4;2;1;1;0;0.7228;4.62
5;1;0;2;1;0;1;0.7228;4.68
5;0;5;2;0;1;1;0.7228;4.73
0;0;5;2;0;1;1;0.7228;5.05
5;1;0;2;1;1;0;0.7228;5.14
5;0;4;2;1;1;0;0.7228;5.16
5;1;0;2;1;1;1;0.7228;5.72
0;0;0;2;1;0;1;0.7228;6.04
5;0;4;2;1;1;1;0.7228;6.31
5;0;4;2;1;0;1;0.7228;6.4
5;1;4;2;1;1;1;0.7228;6.85
5;0;5;2;0;0;0;0.7228;7.5
5;1;5;2;0;1;0;0.7228;7.53
5;0;5;2;0;1;0;0.7228;7.62
5;0;5;2;0;0;1;0.7228;7.73
5;1;5;2;0;1;1;0.7228;7.76
5;0;0;2;0;0;0;0.7181;1.77
5;1;0;2;0;1;1;0.7181;1.88
5;0;0;2;0;1;1;0.7181;1.92
5;0;0;2;0;1;0;0.7181;2.44
0;0;0;2;0;1;1;0.7181;2.66
0;0;0;2;0;1;0;0.7181;2.99
5;1;0;2;0;0;0;0.7181;3.19
5;4;0;2;0;1;0;0.7181;3.31
5;1;0;2;0;1;0;0.7181;3.47
5;3;0;2;0;1;0;0.7181;3.51
5;1;0;2;0;0;1;0.7181;3.58
5;4;0;2;0;1;1;0.7181;3.65
6;0;0;2;0;1;0;0.7181;3.74
5;3;0;2;0;1;1;0.7181;3.75
6;0;0;2;0;1;1;0.7181;4.1
5;0;0;2;0;0;1;0.7181;4.88
2;0;0;2;0;1;1;0.7154;6.36
2;0;0;2;0;1;0;0.7154;6.37
3;2;3;2;0;0;1;0.714;1.62
3;2;3;2;1;1;1;0.714;1.63
3;2;3;2;0;1;1;0.714;1.64
3;2;3;2;1;0;1;0.714;2.24
3;5;3;2;0;0;1;0.714;3.09
3;5;3;2;0;1;1;0.714;3.17
3;5;3;2;1;1;1;0.714;4.35
2;0;3;2;1;1;1;0.714;4.51
3;5;3;2;1;0;1;0.714;4.62
2;0;3;2;0;1;1;0.714;6.69
3;0;3;2;1;0;1;0.7115;1.36
3;0;3;2;0;1;1;0.7115;1.38
3;0;3;2;1;1;1;0.7115;1.4
0;4;3;2;0;1;1;0.7115;1.45
5;2;3;2;1;0;1;0.7115;1.48
6;2;3;2;1;0;1;0.7115;1.51
5;5;3;2;1;1;1;0.7115;1.54
6;5;3;2;0;1;1;0.7115;1.55
5;2;3;2;0;1;1;0.7115;1.59
6;3;3;2;1;0;1;0.7115;1.6
3;0;3;2;0;0;1;0.7115;1.64
5;2;3;2;0;0;1;0.7115;1.65
6;3;3;2;1;1;1;0.7115;1.65
5;2;3;2;1;1;1;0.7115;1.86
0;5;3;2;1;0;1;0.7115;1.87
6;3;3;2;0;1;1;0.7115;1.97
6;2;3;2;1;1;1;0.7115;1.98
6;5;3;2;0;0;1;0.7115;1.98
0;4;3;2;1;0;1;0.7115;1.99
0;5;3;2;0;1;1;0.7115;2.16
6;3;3;2;0;0;1;0.7115;2.21
0;5;3;2;0;0;1;0.7115;2.23
6;2;3;2;0;1;1;0.7115;2.23
6;2;3;2;0;0;1;0.7115;2.3
0;2;3;2;1;0;1;0.7115;2.57
0;3;3;2;0;0;1;0.7115;2.57
0;4;3;2;0;0;1;0.7115;2.58
3;1;3;2;1;0;1;0.7115;2.6
0;3;3;2;0;1;1;0.7115;2.63
3;1;3;2;0;0;1;0.7115;2.63
0;3;3;2;1;0;1;0.7115;2.64
0;2;3;2;1;1;1;0.7115;2.65
6;4;3;2;0;0;1;0.7115;2.67
0;2;3;2;0;0;1;0.7115;2.68
3;1;3;2;0;1;1;0.7115;2.68
3;1;3;2;1;1;1;0.7115;2.68
0;2;3;2;0;1;1;0.7115;2.69
0;3;3;2;1;1;1;0.7115;2.7
0;4;3;2;1;1;1;0.7115;2.73
5;5;3;2;1;0;1;0.7115;2.83
5;5;3;2;0;0;1;0.7115;2.85
5;5;3;2;0;1;1;0.7115;2.98
6;5;3;2;1;1;1;0.7115;3.13
6;5;3;2;1;0;1;0.7115;3.41
6;4;3;2;1;1;1;0.7115;3.49
6;4;3;2;0;1;1;0.7115;3.65
6;4;3;2;1;0;1;0.7115;4.23
0;5;3;2;1;1;1;0.7115;4.58
4;5;4;2;0;0;0;0.7093;5.55
4;5;4;2;0;1;0;0.7093;5.71
4;2;4;2;0;1;1;0.7093;5.87
4;2;4;2;0;1;0;0.7093;5.98
4;5;4;2;0;0;1;0.7093;6.16
4;5;4;2;0;1;1;0.7093;6.32
4;2;4;2;0;0;1;0.7093;6.7
4;2;4;2;0;0;0;0.7093;7.29
3;2;3;2;0;1;0;0.7069;1.13
3;2;3;2;1;0;0;0.7069;1.34
3;2;3;2;1;1;0;0.7069;1.59
3;2;3;2;0;0;0;0.7069;2.1
3;5;3;2;0;0;0;0.7069;2.17
3;5;3;2;1;0;0;0.7069;2.17
3;5;3;2;0;1;0;0.7069;2.18
3;5;3;2;1;1;0;0.7069;2.98
2;0;3;2;1;1;0;0.7069;3.49
2;0;3;2;0;1;0;0.7069;3.85
4;3;3;2;0;0;1;0.7036;1.64
4;4;3;2;0;0;1;0.7036;1.68
4;4;3;2;0;1;1;0.7036;1.69
4;0;3;2;1;1;1;0.7036;2.64
4;0;3;2;0;0;1;0.7036;2.71
4;4;3;2;1;0;1;0.7036;2.71
4;3;3;2;0;1;1;0.7036;2.74
4;1;3;2;0;0;1;0.7036;3.03
4;1;3;2;1;0;1;0.7036;3.03
4;0;3;2;1;0;1;0.7036;3.05
4;2;3;2;1;0;1;0.7036;3.08
4;0;3;2;0;1;1;0.7036;3.09
4;1;3;2;0;1;1;0.7036;3.1
4;2;3;2;0;0;1;0.7036;3.1
4;2;3;2;0;1;1;0.7036;3.11
4;2;3;2;1;1;1;0.7036;3.13
4;4;3;2;1;1;1;0.7036;3.13
4;1;3;2;1;1;1;0.7036;3.14
4;3;3;2;1;1;1;0.7036;3.16
4;3;3;2;1;0;1;0.7036;3.3
4;5;3;2;1;0;1;0.7036;3.37
4;5;3;2;0;1;1;0.7036;3.76
4;5;3;2;1;1;1;0.7036;4.09
4;5;3;2;0;0;1;0.7036;6.04
3;0;3;2;1;0;0;0.7034;1.11
3;0;3;2;0;1;0;0.7034;1.12
0;4;3;2;1;0;0;0.7034;1.13
0;5;3;2;0;0;0;0.7034;1.25
5;2;3;2;1;1;0;0.7034;1.25
6;2;3;2;1;1;0;0.7034;1.25
6;2;3;2;0;0;0;0.7034;1.26
6;3;3;2;0;0;0;0.7034;1.26
6;3;3;2;0;1;0;0.7034;1.26
5;2;3;2;1;0;0;0.7034;1.29
0;5;3;2;1;0;0;0.7034;1.3
6;2;3;2;1;0;0;0.7034;1.3
6;4;3;2;0;0;0;0.7034;1.3
6;2;3;2;0;1;0;0.7034;1.32
6;5;3;2;0;1;0;0.7034;1.41
0;3;3;2;1;0;0;0.7034;1.46
6;5;3;2;1;0;0;0.7034;1.46
5;2;3;2;0;1;0;0.7034;1.48
3;0;3;2;1;1;0;0.7034;1.6
6;3;3;2;1;1;0;0.7034;1.65
0;4;3;2;0;1;0;0.7034;1.74
5;2;3;2;0;0;0;0.7034;1.97
0;5;3;2;1;1;0;0.7034;2.03
0;2;3;2;1;0;0;0.7034;2.07
0;3;3;2;0;0;0;0.7034;2.09
0;4;3;2;0;0;0;0.7034;2.09
0;2;3;2;0;0;0;0.7034;2.1
3;0;3;2;0;0;0;0.7034;2.12
3;1;3;2;0;0;0;0.7034;2.12
3;1;3;2;1;0;0;0.7034;2.12
0;3;3;2;0;1;0;0.7034;2.15
0;2;3;2;1;1;0;0.7034;2.17
0;3;3;2;1;1;0;0.7034;2.17
0;5;3;2;0;1;0;0.7034;2.18
3;1;3;2;1;1;0;0.7034;2.18
0;4;3;2;1;1;0;0.7034;2.19
0;2;3;2;0;1;0;0.7034;2.2
3;1;3;2;0;1;0;0.7034;2.2
6;3;3;2;1;0;0;0.7034;2.21
6;5;3;2;0;0;0;0.7034;2.24
5;5;3;2;1;0;0;0.7034;2.36
5;5;3;2;0;0;0;0.7034;2.4
5;5;3;2;0;1;0;0.7034;2.41
5;5;3;2;1;1;0;0.7034;2.62
6;5;3;2;1;1;0;0.7034;2.76
6;4;3;2;0;1;0;0.7034;2.81
6;4;3;2;1;1;0;0.7034;2.84
6;4;3;2;1;0;0;0.7034;2.87
3;4;3;2;1;1;1;0.7012;1.45
3;4;3;2;1;0;1;0.7012;1.46
5;1;3;2;1;1;1;0.7012;1.49
5;3;3;2;0;1;1;0.7012;1.49
5;4;3;2;1;0;1;0.7012;1.51
5;0;3;2;1;1;1;0.7012;1.52
5;1;3;2;1;0;1;0.7012;1.55
6;0;3;2;0;0;1;0.7012;1.58
6;1;3;2;0;0;1;0.7012;1.67
0;0;3;2;1;0;1;0.7012;1.72
0;1;3;2;0;1;1;0.7012;1.82
5;3;3;2;1;1;1;0.7012;1.89
3;3;3;2;1;0;1;0.7012;1.95
6;1;3;2;1;1;1;0.7012;1.95
0;1;3;2;0;0;1;0.7012;2.05
3;3;3;2;1;1;1;0.7012;2.08
5;4;3;2;1;1;1;0.7012;2.21
5;3;3;2;0;0;1;0.7012;2.34
0;0;3;2;0;1;1;0.7012;2.51
5;3;3;2;1;0;1;0.7012;2.52
0;0;3;2;0;0;1;0.7012;2.54
6;1;3;2;0;1;1;0.7012;2.6
6;1;3;2;1;0;1;0.7012;2.62
3;4;3;2;0;0;1;0.7012;2.64
0;1;3;2;1;1;1;0.7012;2.67
3;3;3;2;0;1;1;0.7012;2.68
6;0;3;2;0;1;1;0.7012;2.76
6;0;3;2;1;1;1;0.7012;2.77
3;3;3;2;0;0;1;0.7012;2.78
5;0;3;2;0;0;1;0.7012;2.79
3;4;3;2;0;1;1;0.7012;2.8
0;0;3;2;1;1;1;0.7012;2.81
5;0;3;2;1;0;1;0.7012;2.82
5;4;3;2;0;0;1;0.7012;2.83
5;0;3;2;0;1;1;0.7012;2.86
5;1;3;2;0;1;1;0.7012;2.89
0;1;3;2;1;0;1;0.7012;2.93
5;4;3;2;0;1;1;0.7012;2.93
5;1;3;2;0;0;1;0.7012;2.99
6;0;3;2;1;0;1;0.7012;3.05
4;3;3;2;0;0;0;0.6967;1.2
4;4;3;2;0;1;0;0.6967;1.23
4;4;3;2;1;0;0;0.6967;1.24
4;4;3;2;0;0;0;0.6967;1.68
4;0;3;2;1;1;0;0.6967;1.69
4;3;3;2;0;1;0;0.6967;1.75
4;0;3;2;0;0;0;0.6967;1.82
4;3;3;2;1;0;0;0.6967;1.91
4;0;3;2;1;0;0;0.6967;2.25
4;1;3;2;0;0;0;0.6967;2.28
4;1;3;2;1;0;0;0.6967;2.29
4;2;3;2;0;0;0;0.6967;2.3
4;1;3;2;1;1;0;0.6967;2.32
4;0;3;2;0;1;0;0.6967;2.34
4;1;3;2;0;1;0;0.6967;2.34
4;2;3;2;1;0;0;0.6967;2.34
4;2;3;2;1;1;0;0.6967;2.35
4;4;3;2;1;1;0;0.6967;2.35
4;2;3;2;0;1;0;0.6967;2.46
4;3;3;2;1;1;0;0.6967;2.49
4;5;3;2;1;0;0;0.6967;2.65
4;5;3;2;1;1;0;0.6967;2.72
4;5;3;2;0;1;0;0.6967;3.75
4;5;3;2;0;0;0;0.6967;3.97
3;4;3;2;1;1;0;0.6933;1.16
3;4;3;2;1;0;0;0.6933;1.21
5;3;3;2;0;0;0;0.6933;1.21
6;0;3;2;0;0;0;0.6933;1.24
5;1;3;2;1;1;0;0.6933;1.25
5;3;3;2;0;1;0;0.6933;1.26
6;0;3;2;0;1;0;0.6933;1.26
6;1;3;2;1;1;0;0.6933;1.28
3;3;3;2;0;0;0;0.6933;1.3
5;1;3;2;1;0;0;0.6933;1.37
5;3;3;2;1;0;0;0.6933;1.65
5;4;3;2;1;1;0;0.6933;1.71
0;0;3;2;1;1;0;0.6933;1.82
0;0;3;2;1;0;0;0.6933;1.88
5;0;3;2;1;1;0;0.6933;1.89
3;4;3;2;0;0;0;0.6933;2.1
3;3;3;2;1;0;0;0.6933;2.11
0;0;3;2;0;1;0;0.6933;2.15
6;1;3;2;0;1;0;0.6933;2.16
3;3;3;2;0;1;0;0.6933;2.18
3;3;3;2;1;1;0;0.6933;2.19
3;4;3;2;0;1;0;0.6933;2.2
0;1;3;2;1;1;0;0.6933;2.21
0;0;3;2;0;0;0;0.6933;2.22
5;0;3;2;0;0;0;0.6933;2.35
5;0;3;2;1;0;0;0.6933;2.35
6;0;3;2;1;0;0;0.6933;2.38
5;0;3;2;0;1;0;0.6933;2.42
5;1;3;2;0;1;0;0.6933;2.42
5;3;3;2;1;1;0;0.6933;2.45
5;4;3;2;0;1;0;0.6933;2.47
0;1;3;2;0;1;0;0.6933;2.53
5;4;3;2;0;0;0;0.6933;2.75
6;0;3;2;1;1;0;0.6933;2.77
5;1;3;2;0;0;0;0.6933;2.87
5;4;3;2;1;0;0;0.6933;2.91
5;4;0;2;0;0;0;0.692;1.69
5;4;0;2;0;0;1;0.692;1.85
0;0;0;2;0;0;1;0.692;3.23
6;0;0;2;0;0;0;0.692;3.28
0;0;0;2;0;0;0;0.692;3.32
5;3;0;2;0;0;0;0.692;3.47
6;0;0;2;0;0;1;0.692;3.47
5;3;0;2;0;0;1;0.692;3.85
0;2;0;2;1;0;0;0.6907;2.74
0;5;4;2;1;0;0;0.6907;3.04
1;2;4;2;0;0;1;0.6907;3.09
0;2;0;2;1;0;1;0.6907;3.11
1;3;4;2;0;0;1;0.6907;3.19
1;2;4;2;0;0;0;0.6907;3.25
6;5;4;2;1;0;0;0.6907;3.29
1;4;4;2;0;0;1;0.6907;3.98
0;5;5;2;0;0;1;0.6907;4.16
0;5;5;2;0;0;0;0.6907;4.18
6;2;4;2;1;0;0;0.6907;4.64
0;2;5;2;0;0;0;0.6907;4.69
1;3;4;2;0;0;0;0.6907;4.72
0;2;4;2;1;0;0;0.6907;4.83
1;4;4;2;0;0;0;0.6907;4.84
0;5;0;2;1;0;0;0.6907;4.92
6;5;0;2;1;0;0;0.6907;5.16
0;5;0;2;1;0;1;0.6907;5.3
6;2;0;2;1;0;0;0.6907;5.32
1;1;4;2;0;0;0;0.6907;5.55
6;2;0;2;1;0;1;0.6907;5.55
1;5;4;2;0;0;0;0.6907;5.6
0;2;5;2;0;0;1;0.6907;5.74
1;1;4;2;0;0;1;0.6907;5.82
1;5;4;2;0;0;1;0.6907;5.88
1;0;4;2;0;0;1;0.6907;5.91
0;5;4;2;1;0;1;0.6907;5.96
0;2;4;2;1;0;1;0.6907;5.99
1;0;4;2;0;0;0;0.6907;6.23
6;5;4;2;1;0;1;0.6907;6.31
6;5;0;2;1;0;1;0.6907;6.58
6;2;4;2;1;0;1;0.6907;6.63
6;2;5;2;0;0;0;0.6907;6.7
6;5;5;2;0;0;0;0.6907;7.02
6;5;5;2;0;0;1;0.6907;7.4
6;2;5;2;0;0;1;0.6907;8.86
3;3;3;0;1;0;0;0.6897;1.7
5;4;3;0;1;0;0;0.6897;1.78
5;3;3;0;1;0;0;0.6897;1.84
5;4;3;0;0;1;0;0.6897;1.87
5;3;3;0;0;0;0;0.6897;1.9
6;4;3;0;0;1;0;0.6897;1.94
5;3;3;0;1;0;1;0.6897;1.97
6;4;3;0;0;0;1;0.6897;2.06
5;4;3;0;1;0;1;0.6897;2.08
3;3;3;0;1;1;1;0.6897;2.11
6;4;3;0;0;1;1;0.6897;2.11
3;3;3;0;1;0;1;0.6897;2.17
3;3;3;0;0;1;1;0.6897;2.19
5;4;3;0;0;0;0;0.6897;2.26
3;4;3;0;0;0;0;0.6897;2.3
3;3;3;0;0;0;0;0.6897;2.31
5;3;3;0;1;1;1;0.6897;2.32
3;3;3;0;1;1;0;0.6897;2.39
5;4;3;0;0;1;1;0.6897;2.48
5;3;3;0;1;1;0;0.6897;2.62
6;4;3;0;0;0;0;0.6897;2.64
6;3;3;0;0;1;0;0.6897;2.73
6;3;3;0;0;0;0;0.6897;3.0
6;3;3;0;0;1;1;0.6897;3.09
0;4;3;0;1;0;0;0.6897;3.15
0;3;3;0;0;0;0;0.6897;3.16
5;4;3;0;0;0;1;0.6897;3.16
0;3;3;0;1;0;0;0.6897;3.17
3;4;3;0;0;1;1;0.6897;3.18
3;4;3;0;1;1;0;0.6897;3.2
3;3;3;0;0;0;1;0.6897;3.21
0;3;3;0;1;1;0;0.6897;3.22
0;3;3;0;0;1;0;0.6897;3.23
3;4;3;0;1;0;0;0.6897;3.25
6;4;3;0;1;0;0;0.6897;3.31
3;3;3;0;0;1;0;0.6897;3.34
0;4;3;0;0;1;0;0.6897;3.35
0;4;3;0;1;1;0;0.6897;3.36
3;4;3;0;0;1;0;0.6897;3.43
5;3;3;0;0;0;1;0.6897;3.45
0;3;3;0;0;1;1;0.6897;3.46
0;4;3;0;0;0;0;0.6897;3.48
0;3;3;0;1;1;1;0.6897;3.49
0;4;3;0;0;1;1;0.6897;3.51
0;4;3;0;1;1;1;0.6897;3.51
3;4;3;0;1;1;1;0.6897;3.52
5;3;3;0;0;1;0;0.6897;3.52
0;3;3;0;0;0;1;0.6897;3.55
0;3;3;0;1;0;1;0.6897;3.59
0;4;3;0;1;0;1;0.6897;3.59
6;4;3;0;1;1;0;0.6897;3.59
6;3;3;0;1;1;0;0.6897;3.61
6;3;3;0;0;0;1;0.6897;3.62
3;4;3;0;0;0;1;0.6897;3.64
5;4;3;0;1;1;0;0.6897;3.64
3;4;3;0;1;0;1;0.6897;3.65
6;4;3;0;1;1;1;0.6897;3.73
6;3;3;0;1;1;1;0.6897;3.77
5;4;3;0;1;1;1;0.6897;3.78
0;4;3;0;0;0;1;0.6897;3.8
5;3;3;0;0;1;1;0.6897;3.81
6;4;3;0;1;0;1;0.6897;3.87
6;3;3;0;1;0;0;0.6897;3.93
6;3;3;0;1;0;1;0.6897;4.03
0;1;5;2;0;1;0;0.6876;3.73
0;1;5;2;0;0;0;0.6876;3.95
0;1;5;2;0;0;1;0.6876;4.6
0;1;4;2;1;1;0;0.6876;4.75
0;1;0;2;1;0;0;0.6876;4.91
0;1;4;2;1;0;1;0.6876;5.06
0;1;0;2;1;1;1;0.6876;5.13
0;1;4;2;1;1;1;0.6876;5.26
0;1;4;2;1;0;0;0.6876;5.55
0;1;0;2;1;1;0;0.6876;6.34
0;1;0;2;1;0;1;0.6876;6.36
0;1;5;2;0;1;1;0.6876;7.31
1;3;3;2;0;1;1;0.6862;1.3
1;4;3;2;0;1;1;0.6862;1.31
1;5;3;2;1;1;1;0.6862;1.34
1;0;3;2;0;1;1;0.6862;1.35
1;1;3;2;1;1;1;0.6862;1.35
1;1;3;2;0;1;1;0.6862;1.58
1;3;3;2;1;1;1;0.6862;1.64
1;5;3;2;0;1;1;0.6862;1.73
1;0;3;2;1;1;1;0.6862;2.05
1;4;3;2;1;1;1;0.6862;2.34
1;2;3;2;0;1;1;0.6862;2.46
1;2;3;2;1;1;1;0.6862;2.51
0;5;3;1;1;0;0;0.6846;0.87
3;0;3;1;0;0;0;0.6846;0.87
3;1;3;1;0;0;0;0.6846;0.91
3;1;3;1;0;1;0;0.6846;0.95
5;2;3;1;0;0;0;0.6846;1.0
6;5;3;1;1;0;0;0.6846;1.0
5;2;3;1;1;0;0;0.6846;1.02
6;5;3;1;0;1;0;0.6846;1.03
5;2;3;1;0;1;0;0.6846;1.04
6;2;3;1;1;0;0;0.6846;1.04
6;5;3;1;0;0;0;0.6846;1.05
6;4;3;1;1;1;0;0.6846;1.06
6;3;3;1;1;0;0;0.6846;1.07
0;2;3;1;0;0;1;0.6846;1.09
6;2;3;1;0;1;0;0.6846;1.09
3;1;3;1;0;1;1;0.6846;1.1
3;1;3;1;0;0;1;0.6846;1.15
3;5;3;1;0;1;1;0.6846;1.15
6;4;3;1;0;0;0;0.6846;1.15
6;4;3;1;1;0;0;0.6846;1.15
6;3;3;1;0;0;0;0.6846;1.17
0;5;3;1;1;1;0;0.6846;1.19
6;3;3;1;0;0;1;0.6846;1.2
6;4;3;1;1;0;1;0.6846;1.21
6;3;3;1;0;1;1;0.6846;1.25
6;3;3;1;1;1;1;0.6846;1.25
5;2;3;1;1;0;1;0.6846;1.26
6;4;3;1;1;1;1;0.6846;1.26
6;5;3;1;0;0;1;0.6846;1.26
3;1;3;1;1;0;0;0.6846;1.29
6;2;3;1;0;1;1;0.6846;1.31
5;2;3;1;0;0;1;0.6846;1.33
5;2;3;1;0;1;1;0.6846;1.34
0;5;3;1;0;1;1;0.6846;1.36
0;5;3;1;1;0;1;0.6846;1.38
3;5;3;1;0;1;0;0.6846;1.42
3;0;3;1;0;0;1;0.6846;1.43
6;5;3;1;1;0;1;0.6846;1.45
6;3;3;1;1;1;0;0.6846;1.51
6;2;3;1;0;0;1;0.6846;1.58
6;5;3;1;0;1;1;0.6846;1.61
5;5;3;1;0;0;1;0.6846;1.62
0;3;3;1;1;0;0;0.6846;1.63
0;4;3;1;1;0;0;0.6846;1.63
0;4;3;1;0;0;0;0.6846;1.64
0;2;3;1;1;0;0;0.6846;1.65
3;0;3;1;1;0;0;0.6846;1.65
6;3;3;1;0;1;0;0.6846;1.65
0;3;3;1;0;0;0;0.6846;1.7
0;4;3;1;0;1;0;0.6846;1.7
3;2;3;1;1;1;0;0.6846;1.7
0;2;3;1;1;1;0;0.6846;1.71
0;3;3;1;0;1;0;0.6846;1.71
0;3;3;1;1;1;0;0.6846;1.71
3;0;3;1;1;1;0;0.6846;1.72
0;4;3;1;1;1;0;0.6846;1.73
3;0;3;1;0;1;0;0.6846;1.73
3;1;3;1;1;1;0;0.6846;1.76
6;4;3;1;0;0;1;0.6846;1.77
3;5;3;1;1;1;0;0.6846;1.78
0;5;3;1;0;1;0;0.6846;1.8
5;2;3;1;1;1;0;0.6846;1.81
0;2;3;1;0;0;0;0.6846;1.82
3;2;3;1;0;1;0;0.6846;1.83
5;5;3;1;1;0;0;0.6846;1.89
3;0;3;1;1;0;1;0.6846;1.94
5;5;3;1;1;1;0;0.6846;1.99
6;2;3;1;0;0;0;0.6846;1.99
0;3;3;1;1;0;1;0.6846;2.0
3;2;3;1;1;1;1;0.6846;2.0
0;2;3;1;1;0;1;0.6846;2.01
0;4;3;1;0;0;1;0.6846;2.01
3;0;3;1;0;1;1;0.6846;2.01
5;5;3;1;0;1;0;0.6846;2.02
0;2;3;1;0;1;0;0.6846;2.04
0;3;3;1;0;1;1;0.6846;2.05
0;4;3;1;1;0;1;0.6846;2.05
3;1;3;1;1;1;1;0.6846;2.05
3;2;3;1;0;1;1;0.6846;2.05
0;4;3;1;0;1;1;0.6846;2.06
0;3;3;1;0;0;1;0.6846;2.07
3;0;3;1;1;1;1;0.6846;2.07
3;5;3;1;1;1;1;0.6846;2.07
6;4;3;1;0;1;0;0.6846;2.07
0;4;3;1;1;1;1;0.6846;2.08
0;5;3;1;0;0;0;0.6846;2.08
3;1;3;1;1;0;1;0.6846;2.08
0;3;3;1;1;1;1;0.6846;2.09
0;2;3;1;0;1;1;0.6846;2.1
0;2;3;1;1;1;1;0.6846;2.11
6;4;3;1;0;1;1;0.6846;2.12
5;2;3;1;1;1;1;0.6846;2.3
5;5;3;1;1;0;1;0.6846;2.31
5;5;3;1;0;1;1;0.6846;2.34
5;5;3;1;1;1;1;0.6846;2.36
6;5;3;1;1;1;1;0.6846;2.36
6;3;3;1;1;0;1;0.6846;2.46
5;5;3;1;0;0;0;0.6846;2.5
6;2;3;1;1;0;1;0.6846;2.52
0;5;3;1;0;0;1;0.6846;2.54
6;2;3;1;1;1;0;0.6846;2.68
0;5;3;1;1;1;1;0.6846;2.76
6;2;3;1;1;1;1;0.6846;2.88
6;5;3;1;1;1;0;0.6846;2.88
2;0;3;1;1;1;0;0.6846;5.25
2;0;3;1;0;1;0;0.6846;5.39
2;0;3;1;0;1;1;0.6846;5.66
2;0;3;1;1;1;1;0.6846;6.13
1;3;3;1;1;1;1;0.684;1.03
1;3;3;1;1;1;0;0.684;1.08
1;0;3;1;1;1;0;0.684;1.23
1;0;3;1;0;1;1;0.684;1.48
1;1;3;1;0;1;0;0.684;1.55
1;4;3;1;1;1;0;0.684;1.58
1;0;3;1;0;1;0;0.684;1.59
1;2;3;1;0;1;0;0.684;1.59
1;3;3;1;0;1;0;0.684;1.59
1;5;3;1;0;1;0;0.684;1.59
1;4;3;1;0;1;0;0.684;1.61
1;5;3;1;1;1;0;0.684;1.62
1;2;3;1;1;1;0;0.684;1.63
1;1;3;1;1;1;0;0.684;1.65
1;0;3;1;1;1;1;0.684;1.77
1;3;3;1;0;1;1;0.684;1.92
1;5;3;1;0;1;1;0.684;1.93
1;1;3;1;0;1;1;0.684;1.94
1;2;3;1;1;1;1;0.684;1.94
1;2;3;1;0;1;1;0.684;1.95
1;4;3;1;1;1;1;0.684;1.97
1;4;3;1;0;1;1;0.684;2.03
1;5;3;1;1;1;1;0.684;2.1
1;1;3;1;1;1;1;0.684;2.19
3;2;0;2;0;1;1;0.6826;1.66
3;2;0;2;0;1;0;0.6826;1.93
3;5;0;2;0;1;0;0.6826;2.87
3;5;0;2;0;1;1;0.6826;3.23
3;5;0;2;1;1;0;0.6826;3.59
3;5;0;2;1;1;1;0.6826;4.49
3;5;5;2;0;1;0;0.6826;5.36
3;2;0;2;1;1;0;0.6826;5.92
3;2;0;2;1;1;1;0.6826;6.18
3;5;4;2;1;1;0;0.6826;6.64
3;2;4;2;1;1;0;0.6826;6.73
3;2;4;2;1;1;1;0.6826;7.17
3;5;4;2;1;1;1;0.6826;7.63
3;2;5;2;0;1;0;0.6826;7.75
3;5;5;2;0;1;1;0.6826;7.75
3;2;5;2;0;1;1;0.6826;8.07
6;1;0;1;0;0;0;0.6823;1.02
6;1;0;1;0;1;0;0.6823;1.04
6;1;0;1;0;0;1;0.6823;1.36
0;1;0;1;0;0;0;0.6823;1.56
3;0;4;1;0;1;0;0.6823;1.6
3;0;4;1;0;1;1;0.6823;1.67
0;1;0;1;0;1;0;0.6823;1.68
6;1;0;1;0;1;1;0.6823;1.84
0;1;0;1;0;0;1;0.6823;1.92
0;1;0;1;0;1;1;0.6823;1.97
6;5;0;1;1;1;0;0.6823;2.16
0;2;0;1;1;1;0;0.6823;2.2
0;2;0;1;1;1;1;0.6823;2.23
6;2;0;1;1;1;1;0.6823;2.28
5;4;0;1;1;1;1;0.6823;2.3
5;3;4;1;1;1;1;0.6823;2.52
6;2;0;1;1;1;0;0.6823;2.53
5;2;0;1;1;1;1;0.6823;2.6
1;5;5;1;1;1;0;0.6823;2.64
5;4;0;1;1;1;0;0.6823;2.65
0;2;4;1;1;1;0;0.6823;2.72
1;5;5;1;1;1;1;0.6823;2.74
1;2;4;1;0;1;0;0.6823;2.77
1;5;4;1;0;1;0;0.6823;2.88
5;3;4;1;1;1;0;0.6823;2.88
5;2;4;1;1;1;1;0.6823;2.92
5;2;4;1;1;1;0;0.6823;2.93
3;5;5;2;1;1;1;0.6823;2.99
1;2;4;1;0;1;1;0.6823;3.06
3;5;4;1;0;0;0;0.6823;3.06
3;2;4;1;0;0;0;0.6823;3.09
0;2;5;1;0;1;0;0.6823;3.14
1;5;4;1;0;1;1;0.6823;3.15
3;2;4;1;0;1;0;0.6823;3.19
3;5;4;1;0;1;0;0.6823;3.2
5;2;0;1;1;1;0;0.6823;3.27
5;3;0;1;1;1;0;0.6823;3.33
0;5;5;1;0;1;1;0.6823;3.36
3;2;4;1;0;0;1;0.6823;3.37
3;2;5;1;1;1;0;0.6823;3.44
3;5;4;1;0;0;1;0.6823;3.45
0;2;4;1;1;1;1;0.6823;3.49
3;2;5;1;1;1;1;0.6823;3.49
3;5;4;1;0;1;1;0.6823;3.52
3;2;4;1;0;1;1;0.6823;3.55
0;5;5;1;0;1;0;0.6823;3.71
0;5;0;1;1;1;0;0.6823;3.79
5;5;4;1;1;1;1;0.6823;3.79
3;5;5;2;1;1;0;0.6823;3.91
1;2;5;1;1;1;1;0.6823;3.94
3;2;5;1;1;0;1;0.6823;4.01
5;5;0;1;1;1;0;0.6823;4.1
0;5;4;1;1;1;0;0.6823;4.11
6;2;4;1;1;1;0;0.6823;4.15
1;2;5;1;1;1;0;0.6823;4.26
5;4;5;1;0;1;0;0.6823;4.29
5;5;0;1;1;1;1;0.6823;4.35
6;5;4;1;1;1;0;0.6823;4.35
5;3;0;1;1;1;1;0.6823;4.39
0;5;4;1;1;1;1;0.6823;4.46
0;5;0;1;1;1;1;0.6823;4.52
5;4;4;1;1;1;0;0.6823;4.55
6;5;0;1;1;1;1;0.6823;4.55
6;2;4;1;1;1;1;0.6823;4.66
6;5;4;1;1;1;1;0.6823;4.7
2;0;0;1;1;1;0;0.6823;4.73
5;2;5;1;0;1;1;0.6823;4.81
5;4;5;1;0;1;1;0.6823;4.84
1;2;5;2;1;1;0;0.6823;4.86
3;5;5;2;1;0;1;0.6823;4.87
5;4;4;1;1;1;1;0.6823;4.91
5;5;4;1;1;1;0;0.6823;4.95
5;5;5;1;0;1;1;0.6823;5.01
1;2;5;2;1;1;1;0.6823;5.14
3;5;5;1;1;0;0;0.6823;5.22
3;5;5;2;1;0;0;0.6823;5.24
3;2;5;2;1;0;0;0.6823;5.28
1;5;5;2;1;1;0;0.6823;5.31
3;2;5;1;1;0;0;0.6823;5.41
3;5;5;1;1;1;0;0.6823;5.41
3;2;5;2;1;1;0;0.6823;5.42
1;5;5;2;1;1;1;0.6823;5.49
6;5;5;1;0;1;0;0.6823;5.52
3;2;5;2;1;0;1;0.6823;5.55
0;2;5;1;0;1;1;0.6823;5.58
3;5;5;1;1;0;1;0.6823;5.58
5;5;5;1;0;1;0;0.6823;5.58
6;2;5;1;0;1;0;0.6823;5.58
5;3;5;1;0;1;0;0.6823;5.67
3;2;5;2;1;1;1;0.6823;5.71
5;2;5;1;0;1;0;0.6823;5.74
3;5;5;1;1;1;1;0.6823;5.79
6;5;5;1;0;1;1;0.6823;5.81
5;3;5;1;0;1;1;0.6823;5.85
6;2;5;1;0;1;1;0.6823;5.92
2;0;0;1;1;1;1;0.6823;7.82
0;1;3;2;0;0;0;0.6812;1.06
6;1;3;2;0;0;0;0.6812;1.22
0;1;3;2;1;0;0;0.6812;1.27
6;1;3;2;1;0;0;0.6812;1.74
3;5;3;1;1;0;0;0.681;0.87
3;2;3;1;0;0;0;0.681;1.51
3;5;3;1;0;0;1;0.681;1.6
3;2;3;1;1;0;0;0.681;1.63
3;5;3;1;1;0;1;0.681;1.74
3;2;3;1;1;0;1;0.681;2.05
3;5;3;1;0;0;0;0.681;2.18
3;2;3;1;0;0;1;0.681;2.22
1;0;3;2;0;1;0;0.6787;1.06
1;1;3;2;0;1;0;0.6787;1.06
1;1;3;2;1;1;0;0.6787;1.07
1;4;3;2;1;1;0;0.6787;1.07
1;3;3;2;1;1;0;0.6787;1.09
1;3;3;2;0;1;0;0.6787;1.1
1;5;3;2;0;1;0;0.6787;1.52
1;5;3;2;1;1;0;0.6787;1.55
1;4;3;2;0;1;0;0.6787;1.75
1;2;3;2;1;1;0;0.6787;2.02
1;2;3;2;0;1;0;0.6787;2.04
1;0;3;2;1;1;0;0.6787;2.11
3;3;3;1;0;1;0;0.6779;0.95
4;0;3;1;0;1;0;0.6779;0.99
4;4;3;1;1;1;0;0.6779;0.99
3;3;3;1;1;1;0;0.6779;1.01
4;2;3;1;1;1;0;0.6779;1.01
5;3;3;1;0;0;0;0.6779;1.01
5;3;3;1;0;1;0;0.6779;1.04
3;3;3;1;0;0;1;0.6779;1.06
5;3;3;1;1;1;0;0.6779;1.08
4;4;3;1;0;1;0;0.6779;1.15
4;3;3;1;0;1;1;0.6779;1.17
5;3;3;1;1;0;1;0.6779;1.19
4;4;3;1;0;1;1;0.6779;1.2
5;3;3;1;1;1;1;0.6779;1.23
5;3;3;1;0;1;1;0.6779;1.26
5;4;3;1;1;0;1;0.6779;1.27
5;4;3;1;1;1;1;0.6779;1.3
5;4;3;1;1;1;0;0.6779;1.31
5;3;3;1;1;0;0;0.6779;1.33
4;0;3;1;1;1;0;0.6779;1.35
4;3;3;1;1;1;1;0.6779;1.35
4;3;3;1;0;1;0;0.6779;1.56
4;4;3;1;1;1;1;0.6779;1.59
3;3;3;1;1;1;1;0.6779;1.6
4;0;3;1;0;1;1;0.6779;1.61
3;3;3;1;0;0;0;0.6779;1.65
3;4;3;1;0;0;0;0.6779;1.65
3;3;3;1;1;0;0;0.6779;1.67
5;3;3;1;0;0;1;0.6779;1.67
3;4;3;1;0;1;0;0.6779;1.71
3;4;3;1;1;1;0;0.6779;1.79
5;4;3;1;1;0;0;0.6779;1.89
4;1;3;1;0;1;0;0.6779;1.91
5;4;3;1;0;0;0;0.6779;1.92
4;0;3;1;1;1;1;0.6779;1.93
4;1;3;1;1;1;0;0.6779;1.93
4;2;3;1;0;1;0;0.6779;1.94
3;4;3;1;0;0;1;0.6779;2.0
5;4;3;1;0;1;0;0.6779;2.0
3;3;3;1;1;0;1;0.6779;2.01
4;2;3;1;1;1;1;0.6779;2.05
3;4;3;1;1;0;1;0.6779;2.06
3;4;3;1;1;1;1;0.6779;2.07
3;4;3;1;0;1;1;0.6779;2.08
3;4;3;1;1;0;0;0.6779;2.08
3;3;3;1;0;1;1;0.6779;2.13
4;5;3;1;0;1;0;0.6779;2.15
4;5;3;1;0;1;1;0.6779;2.18
4;1;3;1;0;1;1;0.6779;2.2
4;2;3;1;0;1;1;0.6779;2.21
4;1;3;1;1;1;1;0.6779;2.23
4;3;3;1;1;1;0;0.6779;2.23
5;4;3;1;0;0;1;0.6779;2.28
5;4;3;1;0;1;1;0.6779;2.35
4;5;3;1;1;1;0;0.6779;2.81
4;5;3;1;1;1;1;0.6779;2.92
0;1;3;1;1;1;0;0.6773;0.87
0;1;3;1;0;0;0;0.6773;0.91
0;1;3;1;1;0;0;0.6773;0.91
0;1;3;1;0;1;0;0.6773;1.0
6;1;3;1;0;0;0;0.6773;1.01
6;1;3;1;0;1;0;0.6773;1.03
6;1;3;1;1;1;0;0.6773;1.05
0;1;3;1;0;0;1;0.6773;1.07
0;1;3;1;1;0;1;0.6773;1.07
5;1;3;1;0;1;0;0.6773;1.07
0;0;3;1;0;0;1;0.6773;1.09
5;0;3;1;0;0;0;0.6773;1.09
0;1;3;1;1;1;1;0.6773;1.12
0;0;3;1;0;0;0;0.6773;1.14
6;1;3;1;0;0;1;0.6773;1.21
5;1;3;1;0;1;1;0.6773;1.22
6;0;3;1;1;1;1;0.6773;1.22
5;1;3;1;1;0;1;0.6773;1.24
5;1;3;1;1;1;0;0.6773;1.25
6;1;3;1;0;1;1;0.6773;1.27
6;1;3;1;1;1;1;0.6773;1.29
5;1;3;1;1;0;0;0.6773;1.41
0;1;3;1;0;1;1;0.6773;1.42
3;4;4;1;0;0;0;0.6773;1.46
6;0;3;1;0;0;0;0.6773;1.47
0;0;3;1;0;1;0;0.6773;1.49
5;0;3;1;1;0;0;0.6773;1.52
6;1;3;1;1;0;0;0.6773;1.57
5;1;3;1;0;0;0;0.6773;1.58
3;1;4;1;0;0;1;0.6773;1.62
6;0;3;1;1;1;0;0.6773;1.64
0;0;3;1;1;0;0;0.6773;1.72
5;0;3;1;0;1;0;0.6773;1.73
3;4;4;1;0;0;1;0.6773;1.75
5;0;3;1;0;0;1;0.6773;1.77
5;1;3;1;0;0;1;0.6773;1.79
5;0;3;1;0;1;1;0.6773;1.88
0;0;3;1;1;1;0;0.6773;1.91
0;0;3;1;1;0;1;0.6773;2.0
5;0;3;1;1;1;0;0.6773;2.01
6;1;3;1;1;0;1;0.6773;2.02
6;0;3;1;0;0;1;0.6773;2.07
6;0;3;1;0;1;0;0.6773;2.09
4;5;4;1;0;0;0;0.6773;2.12
0;3;4;1;1;0;1;0.6773;2.18
0;0;3;1;1;1;1;0.6773;2.19
0;0;3;1;0;1;1;0.6773;2.2
6;0;3;1;1;0;0;0.6773;2.3
5;0;3;1;1;1;1;0.6773;2.31
5;0;3;1;1;0;1;0.6773;2.36
3;1;4;1;0;0;0;0.6773;2.43
6;0;3;1;0;1;1;0.6773;2.45
0;3;4;1;1;0;0;0.6773;2.6
4;2;5;2;1;0;1;0.6773;2.92
3;3;4;1;0;0;0;0.6773;2.97
4;0;4;1;0;0;0;0.6773;3.02
4;1;4;1;0;0;0;0.6773;3.08
6;0;3;1;1;0;1;0.6773;3.11
5;1;3;1;1;1;1;0.6773;3.13
4;4;4;1;0;0;0;0.6773;3.14
3;3;4;1;0;0;1;0.6773;3.16
4;4;4;1;0;0;1;0.6773;3.34
4;1;4;1;0;0;1;0.6773;3.43
0;4;4;1;1;0;0;0.6773;3.45
0;3;0;1;1;0;0;0.6773;3.56
0;4;0;1;1;0;0;0.6773;3.58
6;3;0;1;1;0;1;0.6773;3.67
4;2;5;2;1;0;0;0.6773;3.79
0;4;0;1;1;0;1;0.6773;3.85
0;3;5;1;0;0;0;0.6773;3.85
0;3;0;1;1;0;1;0.6773;3.86
4;3;4;1;0;0;0;0.6773;3.89
4;2;4;1;0;0;1;0.6773;3.92
6;4;0;1;1;0;0;0.6773;3.97
4;2;4;1;0;0;0;0.6773;4.08
4;5;5;1;1;0;1;0.6773;4.14
4;3;4;1;0;0;1;0.6773;4.17
4;5;4;1;0;0;1;0.6773;4.25
6;4;5;1;0;0;1;0.6773;4.25
6;4;4;1;1;0;0;0.6773;4.27
0;3;5;1;0;0;1;0.6773;4.28
6;3;4;1;1;0;0;0.6773;4.29
6;4;0;1;1;0;1;0.6773;4.3
4;5;5;2;1;0;1;0.6773;4.45
6;3;0;1;1;0;0;0.6773;4.49
0;4;4;1;1;0;1;0.6773;4.53
6;3;4;1;1;0;1;0.6773;4.57
6;4;4;1;1;0;1;0.6773;4.6
4;5;5;1;1;0;0;0.6773;4.99
4;0;4;1;0;0;1;0.6773;5.01
4;2;5;1;1;0;0;0.6773;5.03
0;4;5;1;0;0;0;0.6773;5.05
4;5;5;2;1;0;0;0.6773;5.13
0;4;5;1;0;0;1;0.6773;5.37
4;2;5;1;1;0;1;0.6773;5.41
6;4;5;1;0;0;0;0.6773;5.5
6;3;5;1;0;0;0;0.6773;5.53
6;3;5;1;0;0;1;0.6773;5.77
2;0;1;0;1;0;0;0.6751;5.38
2;0;1;0;1;0;1;0.6751;6.28
4;0;3;1;1;0;0;0.6743;0.96
4;0;3;1;0;0;0;0.6743;0.97
4;0;3;1;0;0;1;0.6743;1.18
4;4;3;1;1;0;1;0.6743;1.18
4;4;3;1;1;0;0;0.6743;1.2
4;2;3;1;1;0;1;0.6743;1.42
4;4;3;1;0;0;1;0.6743;1.48
4;3;3;1;1;0;0;0.6743;1.64
4;1;3;1;0;0;0;0.6743;1.82
4;1;3;1;1;0;0;0.6743;1.82
4;4;3;1;0;0;0;0.6743;1.83
4;5;3;1;0;0;0;0.6743;1.83
4;2;3;1;0;0;0;0.6743;1.85
4;2;3;1;1;0;0;0.6743;1.86
4;0;3;1;1;0;1;0.6743;1.88
4;3;3;1;0;0;0;0.6743;1.88
4;1;3;1;0;0;1;0.6743;2.21
4;1;3;1;1;0;1;0.6743;2.22
4;2;3;1;0;0;1;0.6743;2.22
4;3;3;1;0;0;1;0.6743;2.28
4;3;3;1;1;0;1;0.6743;2.29
4;5;3;1;0;0;1;0.6743;2.44
4;5;3;1;1;0;0;0.6743;2.49
4;5;3;1;1;0;1;0.6743;3.98
0;2;4;0;1;1;0;0.6716;2.98
1;2;4;0;0;1;0;0.6716;3.16
1;0;4;0;1;0;0;0.6716;3.22
5;5;4;0;1;1;0;0.6716;3.23
1;1;4;0;0;0;0;0.6716;3.26
1;1;4;0;1;1;0;0.6716;3.3
0;5;4;0;1;1;0;0.6716;3.32
3;2;4;0;0;1;0;0.6716;3.32
1;2;4;0;1;1;0;0.6716;3.33
1;1;4;0;1;0;0;0.6716;3.35
0;3;4;0;1;1;1;0.6716;3.36
1;5;4;0;0;0;0;0.6716;3.37
3;1;4;0;1;1;0;0.6716;3.41
6;2;4;0;1;1;1;0.6716;3.41
3;5;4;0;1;1;0;0.6716;3.42
1;0;4;0;1;1;1;0.6716;3.44
6;2;4;0;1;1;0;0.6716;3.48
1;4;4;0;1;0;1;0.6716;3.52
6;5;4;0;1;1;0;0.6716;3.52
3;4;4;0;1;1;0;0.6716;3.54
1;2;4;0;1;1;1;0.6716;3.55
0;3;4;0;1;0;0;0.6716;3.6
1;2;4;0;0;0;0;0.6716;3.64
3;4;4;0;0;0;0;0.6716;3.69
3;4;4;0;1;0;1;0.6716;3.72
0;5;4;0;1;1;1;0.6716;3.76
3;1;4;0;0;0;0;0.6716;3.76
1;0;4;0;0;1;0;0.6716;3.81
0;1;5;0;0;0;0;0.6716;3.84
3;4;4;0;0;0;1;0.6716;3.86
0;1;5;0;0;0;1;0.6716;3.88
3;4;4;0;1;1;1;0.6716;3.89
1;1;4;0;1;0;1;0.6716;3.91
0;2;5;0;0;1;0;0.6716;3.95
5;0;5;0;0;0;1;0.6716;3.96
1;5;5;0;0;1;1;0.6716;4.05
1;4;4;0;1;0;0;0.6716;4.07
0;5;4;0;0;0;1;0.6716;4.08
1;1;4;0;1;1;1;0.6716;4.08
6;5;4;0;0;0;1;0.6716;4.08
3;3;4;0;0;0;0;0.6716;4.1
1;3;4;0;0;0;1;0.6716;4.18
1;5;5;0;0;1;0;0.6716;4.18
3;2;5;0;0;1;0;0.6716;4.18
4;0;4;0;0;1;1;0.6716;4.18
5;3;5;0;0;1;0;0.6716;4.18
1;0;4;0;1;1;0;0.6716;4.2
0;5;5;0;0;1;1;0.6716;4.24
1;3;4;0;0;0;0;0.6716;4.26
4;4;5;0;0;1;0;0.6716;4.26
6;4;4;0;0;0;1;0.6716;4.26
0;3;4;0;1;0;1;0.6716;4.27
1;0;5;0;0;1;1;0.6716;4.27
5;5;5;0;0;1;0;0.6716;4.27
5;0;4;0;0;1;0;0.6716;4.28
5;0;5;0;0;1;0;0.6716;4.29
3;1;4;0;1;1;1;0.6716;4.31
1;5;5;0;0;0;1;0.6716;4.36
1;0;5;0;0;0;0;0.6716;4.37
4;2;4;0;0;1;0;0.6716;4.39
0;2;4;0;0;1;1;0.6716;4.42
0;0;4;0;1;1;1;0.6716;4.43
0;2;5;0;0;1;1;0.6716;4.44
1;2;4;0;0;0;1;0.6716;4.44
0;2;4;0;0;1;0;0.6716;4.48
0;3;5;0;0;1;1;0.6716;4.48
5;0;4;0;0;0;1;0.6716;4.49
6;5;5;0;0;1;1;0.6716;4.5
0;5;5;0;0;1;0;0.6716;4.55
5;5;4;0;0;0;1;0.6716;4.55
0;2;4;0;0;0;1;0.6716;4.56
5;5;4;0;0;0;0;0.6716;4.56
1;2;4;0;0;1;1;0.6716;4.57
1;1;5;0;1;0;1;0.6716;4.57
1;1;5;0;0;1;1;0.6716;4.59
3;5;4;0;1;0;0;0.6716;4.59
4;5;5;0;1;1;0;0.6716;4.59
3;2;5;0;1;1;1;0.6716;4.62
5;0;4;0;0;0;0;0.6716;4.65
5;5;4;0;0;1;0;0.6716;4.65
3;1;4;0;0;0;1;0.6716;4.68
3;3;4;0;0;0;1;0.6716;4.69
4;5;5;0;1;0;0;0.6716;4.7
4;3;5;0;0;1;0;0.6716;4.73
3;4;4;0;1;0;0;0.6716;4.75
3;1;5;0;0;1;1;0.6716;4.75
3;5;5;0;0;1;0;0.6716;4.75
1;0;4;0;0;1;1;0.6716;4.77
4;0;4;0;1;0;0;0.6716;4.78
5;5;4;0;0;1;1;0.6716;4.79
6;3;4;0;1;0;0;0.6716;4.79
0;1;4;0;0;0;0;0.6716;4.8
5;3;5;0;0;1;1;0.6716;4.8
4;0;5;0;0;1;0;0.6716;4.85
3;4;5;0;0;1;0;0.6716;4.87
0;0;5;0;0;1;1;0.6716;4.88
0;1;5;0;0;1;0;0.6716;4.88
5;5;4;0;1;1;1;0.6716;4.89
1;4;5;0;1;0;1;0.6716;4.91
1;3;5;0;0;0;1;0.6716;4.94
0;5;4;0;0;0;0;0.6716;4.95
6;5;4;0;0;1;0;0.6716;4.95
1;4;4;0;1;1;0;0.6716;4.96
3;2;5;0;1;1;0;0.6716;5.0
1;5;4;0;1;1;0;0.6716;5.02
6;3;4;0;0;1;1;0.6716;5.02
6;0;5;0;0;0;1;0.6716;5.05
4;3;5;0;1;1;0;0.6716;5.06
4;2;5;0;1;0;0;0.6716;5.07
0;3;5;0;0;1;0;0.6716;5.1
3;0;4;0;1;1;1;0.6716;5.11
6;4;4;0;1;0;0;0.6716;5.17
4;2;4;0;0;0;1;0.6716;5.18
3;3;4;0;1;0;0;0.6716;5.2
4;4;5;0;0;0;1;0.6716;5.23
4;0;5;0;0;0;1;0.6716;5.25
6;0;5;0;0;1;1;0.6716;5.25
1;5;4;0;0;0;1;0.6716;5.27
1;5;4;0;1;0;1;0.6716;5.28
0;1;4;0;1;0;0;0.6716;5.29
5;5;5;0;0;1;1;0.6716;5.3
4;5;4;0;1;1;0;0.6716;5.33
3;5;4;0;0;0;0;0.6716;5.34
5;0;5;0;0;0;0;0.6716;5.34
0;0;4;0;0;0;1;0.6716;5.35
1;1;4;0;0;1;1;0.6716;5.39
4;0;4;0;1;0;1;0.6716;5.41
4;5;5;0;1;0;1;0.6716;5.44
6;1;4;0;1;0;1;0.6716;5.46
0;1;4;0;1;0;1;0.6716;5.48
0;3;4;0;1;1;0;0.6716;5.48
1;0;4;0;1;0;1;0.6716;5.48
4;2;4;0;1;1;0;0.6716;5.48
1;1;4;0;0;0;1;0.6716;5.5
4;0;4;0;0;1;0;0.6716;5.5
0;2;5;0;1;0;0;0.6716;5.51
0;5;4;0;0;1;1;0.6716;5.55
1;0;5;0;1;0;0;0.6716;5.56
6;1;4;0;1;0;0;0.6716;5.56
5;1;5;0;0;1;1;0.6716;5.57
0;4;4;0;0;0;0;0.6716;5.58
3;5;5;0;0;1;1;0.6716;5.58
3;2;4;0;1;0;0;0.6716;5.65
0;3;5;0;0;0;0;0.6716;5.69
6;5;4;0;1;1;1;0.6716;5.69
0;4;4;0;1;1;1;0.6716;5.7
5;0;4;0;1;0;0;0.6716;5.7
4;3;5;0;1;0;0;0.6716;5.71
4;5;5;0;0;0;0;0.6716;5.71
0;2;4;0;1;1;1;0.6716;5.74
0;1;4;0;1;1;0;0.6716;5.76
0;4;4;0;0;0;1;0.6716;5.76
1;5;5;0;1;0;1;0.6716;5.78
3;3;4;0;0;1;1;0.6716;5.8
4;2;5;0;0;1;1;0.6716;5.8
6;0;5;0;0;1;0;0.6716;5.8
1;4;4;0;0;0;0;0.6716;5.82
3;4;4;0;0;1;0;0.6716;5.82
5;4;5;0;0;1;0;0.6716;5.82
0;1;4;0;1;1;1;0.6716;5.86
4;5;5;0;1;1;1;0.6716;5.87
1;5;4;0;0;1;0;0.6716;5.88
0;3;4;0;0;1;1;0.6716;5.9
0;4;4;0;1;0;0;0.6716;5.9
1;0;4;0;0;0;0;0.6716;5.91
3;5;4;0;1;0;1;0.6716;5.91
4;1;5;0;1;1;0;0.6716;5.93
0;0;4;0;1;0;0;0.6716;5.94
6;3;4;0;1;1;0;0.6716;5.94
3;1;4;0;0;1;0;0.6716;5.95
3;2;4;0;0;0;1;0.6716;5.95
4;5;4;0;1;1;1;0.6716;5.95
1;3;4;0;1;1;0;0.6716;5.97
4;0;4;0;1;1;0;0.6716;5.97
3;0;4;0;1;0;1;0.6716;5.99
1;3;4;0;1;0;0;0.6716;6.0
4;1;5;0;1;0;0;0.6716;6.0
4;3;5;0;0;0;1;0.6716;6.0
5;0;4;0;1;1;0;0.6716;6.0
6;0;5;0;1;0;0;0.6716;6.0
5;3;4;0;1;1;0;0.6716;6.02
0;3;5;0;1;0;0;0.6716;6.04
1;5;4;0;1;0;0;0.6716;6.04
1;2;4;0;1;0;0;0.6716;6.09
3;2;4;0;0;0;0;0.6716;6.11
5;3;5;0;1;1;0;0.6716;6.11
6;3;4;0;1;1;1;0.6716;6.13
4;3;4;0;1;0;0;0.6716;6.14
4;4;4;0;0;1;1;0.6716;6.14
4;0;5;0;1;0;1;0.6716;6.15
5;3;4;0;1;1;1;0.6716;6.15
1;3;4;0;0;1;0;0.6716;6.19
3;3;5;0;1;1;1;0.6716;6.21
4;3;5;0;0;1;1;0.6716;6.21
1;1;4;0;0;1;0;0.6716;6.22
1;3;4;0;1;0;1;0.6716;6.22
1;2;4;0;1;0;1;0.6716;6.24
1;5;4;0;0;1;1;0.6716;6.24
4;5;4;0;1;0;1;0.6716;6.24
4;5;5;0;0;1;1;0.6716;6.24
3;4;5;0;0;0;1;0.6716;6.26
3;5;5;0;0;0;1;0.6716;6.26
1;3;4;0;1;1;1;0.6716;6.27
3;5;4;0;0;0;1;0.6716;6.27
3;5;4;0;0;1;1;0.6716;6.27
3;2;5;0;0;0;1;0.6716;6.28
5;4;5;0;0;1;1;0.6716;6.29
5;0;4;0;1;0;1;0.6716;6.33
4;5;4;0;0;0;0;0.6716;6.34
0;4;4;0;1;0;1;0.6716;6.35
1;4;4;0;1;1;1;0.6716;6.35
1;5;5;0;1;1;0;0.6716;6.35
3;5;4;0;1;1;1;0.6716;6.35
4;3;5;0;1;1;1;0.6716;6.35
1;5;4;0;1;1;1;0.6716;6.37
3;1;4;0;1;0;1;0.6716;6.37
3;0;4;0;1;0;0;0.6716;6.38
6;4;4;0;1;0;1;0.6716;6.38
0;0;4;0;0;0;0;0.6716;6.4
3;4;4;0;0;1;1;0.6716;6.4
3;5;4;0;0;1;0;0.6716;6.4
4;2;4;0;0;0;0;0.6716;6.41
5;4;5;0;1;0;1;0.6716;6.41
4;2;4;0;1;0;0;0.6716;6.42
4;0;5;0;1;1;1;0.6716;6.43
1;4;4;0;0;1;0;0.6716;6.44
4;1;5;0;0;1;1;0.6716;6.44
3;1;4;0;1;0;0;0.6716;6.45
4;5;4;0;0;1;0;0.6716;6.45
3;3;4;0;1;1;0;0.6716;6.46
4;0;5;0;1;1;0;0.6716;6.47
1;4;4;0;0;0;1;0.6716;6.48
5;0;4;0;1;1;1;0.6716;6.48
0;0;5;0;0;1;0;0.6716;6.49
3;0;4;0;1;1;0;0.6716;6.51
3;2;4;0;1;1;0;0.6716;6.52
0;5;5;0;1;1;1;0.6716;6.53
1;0;4;0;0;0;1;0.6716;6.53
1;0;5;0;1;1;0;0.6716;6.53
6;4;4;0;1;1;0;0.6716;6.54
3;4;5;0;0;0;0;0.6716;6.55
3;5;5;0;1;1;0;0.6716;6.55
3;2;4;0;1;1;1;0.6716;6.56
3;2;4;0;1;0;1;0.6716;6.59
3;3;4;0;1;0;1;0.6716;6.59
0;1;5;0;1;1;0;0.6716;6.6
3;0;4;0;0;1;0;0.6716;6.6
1;3;4;0;0;1;1;0.6716;6.61
3;0;4;0;0;1;1;0.6716;6.61
6;0;4;0;1;0;0;0.6716;6.61
4;4;4;0;1;1;0;0.6716;6.64
6;4;4;0;0;1;1;0.6716;6.64
1;0;5;0;1;1;1;0.6716;6.65
4;2;4;0;1;0;1;0.6716;6.65
3;3;4;0;0;1;0;0.6716;6.66
4;0;5;0;1;0;0;0.6716;6.67
3;5;5;0;1;0;1;0.6716;6.68
6;0;5;0;1;0;1;0.6716;6.69
4;5;4;0;0;0;1;0.6716;6.71
6;3;4;0;1;0;1;0.6716;6.71
6;5;4;0;0;0;0;0.6716;6.71
4;4;4;0;0;0;0;0.6716;6.72
0;1;4;0;0;1;0;0.6716;6.75
0;4;4;0;0;1;0;0.6716;6.77
4;0;5;0;0;1;1;0.6716;6.78
0;2;4;0;0;0;0;0.6716;6.8
3;1;4;0;0;1;1;0.6716;6.8
3;3;4;0;1;1;1;0.6716;6.8
5;1;5;0;1;0;0;0.6716;6.8
1;5;5;0;1;0;0;0.6716;6.83
4;4;4;0;1;0;1;0.6716;6.83
0;0;5;0;0;0;0;0.6716;6.85
4;4;4;0;0;0;1;0.6716;6.88
4;4;4;0;1;1;1;0.6716;6.88
6;1;4;0;1;1;0;0.6716;6.88
4;0;4;0;0;0;1;0.6716;6.89
0;0;4;0;1;0;1;0.6716;6.91
4;3;4;0;1;0;1;0.6716;6.92
1;5;5;0;0;0;0;0.6716;6.93
3;3;5;0;1;1;0;0.6716;6.93
6;5;5;0;0;1;0;0.6716;6.93
4;1;4;0;1;0;1;0.6716;6.94
5;4;4;0;1;1;1;0.6716;6.94
6;4;4;0;1;1;1;0.6716;6.94
6;1;4;0;1;1;1;0.6716;6.96
6;2;4;0;0;0;0;0.6716;6.97
0;4;4;0;1;1;0;0.6716;7.01
4;2;4;0;1;1;1;0.6716;7.01
5;2;4;0;1;1;0;0.6716;7.03
3;1;5;0;1;0;0;0.6716;7.05
4;1;4;0;1;1;1;0.6716;7.07
4;4;5;0;0;1;1;0.6716;7.07
0;1;5;0;1;1;1;0.6716;7.08
4;5;4;0;1;0;0;0.6716;7.09
5;1;5;0;0;0;0;0.6716;7.09
6;1;5;0;0;0;0;0.6716;7.13
0;0;5;0;0;0;1;0.6716;7.14
3;1;5;0;0;1;0;0.6716;7.15
4;1;4;0;1;1;0;0.6716;7.15
5;2;5;0;0;1;0;0.6716;7.15
1;4;4;0;0;1;1;0.6716;7.17
4;1;4;0;0;0;1;0.6716;7.17
0;1;5;0;0;1;1;0.6716;7.19
3;0;4;0;0;0;1;0.6716;7.2
5;4;5;0;1;1;0;0.6716;7.2
5;4;4;0;1;1;0;0.6716;7.22
5;1;5;0;0;1;0;0.6716;7.22
1;1;5;0;0;0;0;0.6716;7.23
4;0;4;0;0;0;0;0.6716;7.23
6;3;4;0;0;1;0;0.6716;7.23
0;0;4;0;1;1;0;0.6716;7.24
0;1;4;0;0;0;1;0.6716;7.24
1;3;5;0;0;1;0;0.6716;7.24
1;0;5;0;0;0;1;0.6716;7.25
6;4;4;0;0;1;0;0.6716;7.25
6;4;4;0;0;0;0;0.6716;7.26
6;5;4;0;0;1;1;0.6716;7.28
0;0;4;0;0;1;0;0.6716;7.29
4;2;4;0;0;1;1;0.6716;7.31
4;2;5;0;1;0;1;0.6716;7.34
4;0;4;0;1;1;1;0.6716;7.35
5;0;5;0;0;1;1;0.6716;7.35
4;5;4;0;0;1;1;0.6716;7.36
3;0;5;0;1;0;0;0.6716;7.37
0;5;4;0;0;1;0;0.6716;7.38
0;4;5;0;0;1;0;0.6716;7.39
1;1;5;0;0;1;0;0.6716;7.39
3;0;5;0;1;0;1;0.6716;7.39
0;3;5;0;0;0;1;0.6716;7.4
1;2;5;0;0;1;0;0.6716;7.41
1;3;5;0;0;0;0;0.6716;7.44
5;2;5;0;0;1;1;0.6716;7.44
5;1;5;0;0;0;1;0.6716;7.45
1;2;5;0;0;0;0;0.6716;7.46
0;3;4;0;0;0;1;0.6716;7.47
1;1;5;0;0;0;1;0.6716;7.47
1;0;5;0;0;1;0;0.6716;7.48
1;2;5;0;0;0;1;0.6716;7.48
4;4;4;0;0;1;0;0.6716;7.49
0;0;4;0;0;1;1;0.6716;7.5
0;3;4;0;0;0;0;0.6716;7.51
3;3;5;0;0;0;0;0.6716;7.51
3;2;5;0;0;1;1;0.6716;7.52
1;4;5;0;0;0;1;0.6716;7.53
3;5;5;0;0;0;0;0.6716;7.53
1;2;5;0;0;1;1;0.6716;7.54
6;0;5;0;0;0;0;0.6716;7.55
6;4;5;0;0;0;0;0.6716;7.56
4;1;5;0;0;0;0;0.6716;7.57
0;4;5;0;0;1;1;0.6716;7.58
4;4;4;0;1;0;0;0.6716;7.58
6;1;5;0;0;1;1;0.6716;7.6
3;1;5;0;1;0;1;0.6716;7.61
3;1;5;0;0;0;0;0.6716;7.62
6;3;5;0;0;0;0;0.6716;7.62
1;3;5;0;0;1;1;0.6716;7.63
3;2;5;0;0;0;0;0.6716;7.64
4;4;5;0;0;0;0;0.6716;7.64
5;3;4;0;0;1;0;0.6716;7.66
5;3;5;0;1;0;1;0.6716;7.66
1;1;5;0;1;1;0;0.6716;7.67
1;2;5;0;1;0;0;0.6716;7.68
3;3;5;0;0;1;0;0.6716;7.68
1;1;5;0;1;1;1;0.6716;7.7
4;3;5;0;0;0;0;0.6716;7.7
0;3;4;0;0;1;0;0.6716;7.71
0;0;5;0;1;1;0;0.6716;7.72
1;4;5;0;0;0;0;0.6716;7.73
1;4;5;0;1;1;0;0.6716;7.75
6;2;5;0;0;1;0;0.6716;7.75
4;1;5;0;0;1;0;0.6716;7.77
6;4;5;0;0;1;0;0.6716;7.78
4;1;4;0;0;1;0;0.6716;7.79
0;5;5;0;1;0;1;0.6716;7.8
4;5;5;0;0;1;0;0.6716;7.8
6;2;4;0;0;1;1;0.6716;7.8
3;0;5;0;0;1;0;0.6716;7.82
6;3;5;0;0;1;0;0.6716;7.85
4;2;5;0;0;0;0;0.6716;7.86
6;4;5;0;0;0;1;0.6716;7.86
4;1;5;0;0;0;1;0.6716;7.88
1;4;5;0;1;0;0;0.6716;7.89
3;3;5;0;0;1;1;0.6716;7.89
6;1;4;0;0;0;0;0.6716;7.89
4;1;4;0;0;0;0;0.6716;7.91
3;3;5;0;0;0;1;0.6716;7.92
1;4;5;0;0;1;0;0.6716;7.93
3;0;5;0;0;1;1;0.6716;7.93
5;2;4;0;1;1;1;0.6716;7.93
3;0;5;0;0;0;1;0.6716;7.94
6;1;4;0;0;1;1;0.6716;7.94
0;4;5;0;0;0;1;0.6716;7.95
4;5;5;0;0;0;1;0.6716;7.95
6;3;4;0;0;0;0;0.6716;7.95
3;4;5;0;0;1;1;0.6716;7.96
6;4;5;0;0;1;1;0.6716;7.96
0;4;4;0;0;1;1;0.6716;7.97
4;1;5;0;1;1;1;0.6716;7.97
3;1;5;0;0;0;1;0.6716;8.0
5;0;4;0;0;1;1;0.6716;8.01
6;1;4;0;0;0;1;0.6716;8.01
4;1;4;0;1;0;0;0.6716;8.02
4;4;5;0;1;0;1;0.6716;8.02
6;3;5;0;0;1;1;0.6716;8.03
1;2;5;0;1;1;0;0.6716;8.04
1;1;5;0;1;0;0;0.6716;8.05
3;2;5;0;1;0;0;0.6716;8.06
5;3;4;0;0;0;1;0.6716;8.06
3;5;5;0;1;0;0;0.6716;8.08
4;3;4;0;1;1;1;0.6716;8.1
6;3;4;0;0;0;1;0.6716;8.1
1;2;5;0;1;0;1;0.6716;8.11
6;5;5;0;1;0;0;0.6716;8.11
4;3;4;0;1;1;0;0.6716;8.12
5;1;5;0;1;1;0;0.6716;8.13
6;1;4;0;0;1;0;0.6716;8.13
1;2;5;0;1;1;1;0.6716;8.14
3;2;5;0;1;0;1;0.6716;8.15
0;1;4;0;0;1;1;0.6716;8.16
4;1;4;0;0;1;1;0.6716;8.16
4;2;5;0;0;0;1;0.6716;8.18
6;0;4;0;1;1;1;0.6716;8.22
3;0;5;0;0;0;0;0.6716;8.28
6;0;4;0;0;1;0;0.6716;8.29
6;2;5;0;0;1;1;0.6716;8.29
5;1;4;0;1;1;1;0.6716;8.34
6;0;4;0;1;1;0;0.6716;8.35
4;3;5;0;1;0;1;0.6716;8.36
1;3;5;0;1;1;1;0.6716;8.38
4;3;4;0;0;0;0;0.6716;8.39
6;3;5;0;0;0;1;0.6716;8.41
1;3;5;0;1;0;0;0.6716;8.44
5;0;5;0;1;0;0;0.6716;8.45
1;0;5;0;1;0;1;0.6716;8.47
1;4;5;0;0;1;1;0.6716;8.47
1;4;5;0;1;1;1;0.6716;8.49
3;0;4;0;0;0;0;0.6716;8.49
4;3;4;0;0;0;1;0.6716;8.5
6;1;5;0;0;0;1;0.6716;8.5
6;2;4;0;0;1;0;0.6716;8.51
3;2;4;0;0;1;1;0.6716;8.53
4;4;5;0;1;0;0;0.6716;8.54
3;3;5;0;1;0;1;0.6716;8.56
5;3;4;0;0;1;1;0.6716;8.56
4;3;4;0;0;1;1;0.6716;8.59
4;3;4;0;0;1;0;0.6716;8.61
6;2;4;0;0;0;1;0.6716;8.62
6;1;5;0;0;1;0;0.6716;8.62
6;2;5;0;1;1;0;0.6716;8.62
1;3;5;0;1;0;1;0.6716;8.63
4;2;5;0;1;1;0;0.6716;8.66
5;1;4;0;0;0;0;0.6716;8.66
5;0;5;0;1;1;1;0.6716;8.71
1;3;5;0;1;1;0;0.6716;8.74
5;4;4;0;0;0;0;0.6716;8.78
4;4;5;0;1;1;0;0.6716;8.79
4;2;5;0;1;1;1;0.6716;8.83
3;5;5;0;1;1;1;0.6716;8.87
5;4;4;0;0;1;0;0.6716;8.87
3;1;5;0;1;1;1;0.6716;8.93
5;4;5;0;1;1;1;0.6716;8.93
3;4;5;0;1;0;0;0.6716;8.94
1;5;5;0;1;1;1;0.6716;8.99
5;3;5;0;1;1;1;0.6716;9.0
3;4;5;0;1;1;0;0.6716;9.05
3;0;5;0;1;1;0;0.6716;9.08
3;4;5;0;1;0;1;0.6716;9.14
0;5;5;0;1;0;0;0.6716;9.16
6;4;5;0;1;0;0;0.6716;9.21
6;1;5;0;1;0;1;0.6716;9.24
3;3;5;0;1;0;0;0.6716;9.26
3;4;5;0;1;1;1;0.6716;9.27
5;2;4;0;0;0;0;0.6716;9.3
3;0;5;0;1;1;1;0.6716;9.39
4;1;5;0;1;0;1;0.6716;9.42
6;5;5;0;1;1;0;0.6716;9.49
0;0;5;0;1;0;1;0.6716;9.55
4;0;5;0;0;0;0;0.6716;9.55
4;2;5;0;0;1;0;0.6716;9.63
6;4;5;0;1;1;1;0.6716;9.63
6;5;5;0;1;0;1;0.6716;9.66
6;0;4;0;1;0;1;0.6716;9.69
5;1;4;0;1;0;0;0.6716;9.71
3;1;5;0;1;1;0;0.6716;9.72
5;1;5;0;1;0;1;0.6716;9.76
4;4;5;0;1;1;1;0.6716;9.8
5;4;4;0;0;1;1;0.6716;9.81
5;3;4;0;0;0;0;0.6716;9.91
0;2;5;0;1;1;1;0.6716;9.96
6;1;5;0;1;0;0;0.6716;9.96
5;0;5;0;1;0;1;0.6716;9.99
6;5;5;0;1;1;1;0.6716;10.01
6;4;5;0;1;0;1;0.6716;10.04
5;1;4;0;1;1;0;0.6716;10.07
0;2;5;0;1;0;1;0.6716;10.08
5;4;4;0;0;0;1;0.6716;10.15
6;1;5;0;1;1;0;0.6716;10.17
6;0;4;0;0;0;0;0.6716;10.19
6;2;5;0;1;0;1;0.6716;10.21
0;1;5;0;1;0;1;0.6716;10.24
6;0;5;0;1;1;0;0.6716;10.24
5;1;5;0;1;1;1;0.6716;10.3
5;1;4;0;1;0;1;0.6716;10.34
6;1;5;0;1;1;1;0.6716;10.45
6;0;5;0;1;1;1;0.6716;10.58
6;4;5;0;1;1;0;0.6716;10.6
5;2;4;0;0;1;1;0.6716;10.65
6;3;5;0;1;0;0;0.6716;10.68
0;3;5;0;1;1;1;0.6716;10.72
0;1;5;0;1;0;0;0.6716;10.79
5;4;5;0;1;0;0;0.6716;10.81
0;4;5;0;1;0;0;0.6716;10.82
5;2;5;0;1;0;0;0.6716;10.82
5;5;5;0;1;1;0;0.6716;10.83
0;0;5;0;1;0;0;0.6716;10.89
6;3;5;0;1;0;1;0.6716;10.91
5;2;5;0;1;1;0;0.6716;10.93
0;2;5;0;1;1;0;0.6716;10.97
0;4;5;0;1;0;1;0.6716;10.98
0;5;5;0;1;1;0;0.6716;10.99
5;2;5;0;1;0;1;0.6716;11.01
5;2;5;0;1;1;1;0.6716;11.03
0;3;5;0;1;1;0;0.6716;11.06
5;5;5;0;1;0;0;0.6716;11.08
6;2;5;0;1;1;1;0.6716;11.09
5;3;5;0;1;0;0;0.6716;11.13
6;2;5;0;1;0;0;0.6716;11.15
5;2;4;0;0;0;1;0.6716;11.17
5;5;5;0;1;1;1;0.6716;11.17
0;4;5;0;1;1;0;0.6716;11.24
6;3;5;0;1;1;0;0.6716;11.25
0;4;5;0;1;1;1;0.6716;11.3
5;5;5;0;1;0;1;0.6716;11.33
0;0;5;0;1;1;1;0.6716;11.34
0;3;5;0;1;0;1;0.6716;11.35
0;4;5;0;0;0;0;0.6716;11.42
5;2;4;0;0;1;0;0.6716;11.54
5;0;5;0;1;1;0;0.6716;11.55
6;3;5;0;1;1;1;0.6716;12.03
5;1;4;0;0;0;1;0.6716;13.41
6;0;4;0;0;1;1;0.6716;13.41
5;1;4;0;0;1;0;0.6716;13.6
5;1;4;0;0;1;1;0.6716;13.86
6;0;4;0;0;0;1;0.6716;14.11
0;4;1;2;1;0;0;0.6619;2.91
0;4;1;2;1;0;1;0.6619;3.27
0;4;1;2;1;1;1;0.6619;3.45
6;3;1;2;1;0;0;0.6619;3.6
0;4;1;2;1;1;0;0.6619;3.86
6;4;1;2;1;1;1;0.6619;4.21
6;3;1;2;1;0;1;0.6619;4.44
6;3;1;2;1;1;1;0.6619;4.49
6;3;1;2;1;1;0;0.6619;5.06
0;3;1;2;1;0;0;0.6619;5.65
6;4;1;2;1;0;0;0.6619;5.95
0;3;1;2;1;1;0;0.6619;6.09
0;3;1;2;1;1;1;0.6619;6.15
6;4;1;2;1;1;0;0.6619;6.39
6;4;1;2;1;0;1;0.6619;6.61
0;3;1;2;1;0;1;0.6619;6.62
3;5;4;2;0;1;1;0.6585;3.18
3;2;4;2;0;1;1;0.6585;3.38
3;2;4;2;0;1;0;0.6585;4.59
3;2;4;2;0;0;0;0.6585;5.09
3;5;4;2;0;1;0;0.6585;5.16
3;5;4;2;0;0;0;0.6585;5.74
3;5;4;2;0;0;1;0.6585;5.95
3;2;4;2;0;0;1;0.6585;5.97
1;2;0;0;0;0;0;0.6521;1.6
1;2;0;0;0;1;0;0.6521;1.61
1;1;0;0;0;1;0;0.6521;1.62
0;0;0;0;0;1;0;0.6521;1.68
1;1;0;0;0;0;0;0.6521;1.68
0;5;0;0;0;1;0;0.6521;1.69
1;2;0;0;0;0;1;0.6521;1.69
1;4;0;0;0;0;1;0.6521;1.69
3;4;0;0;0;0;0;0.6521;1.69
0;1;0;0;0;1;0;0.6521;1.7
1;5;0;0;0;1;0;0.6521;1.7
3;1;0;0;0;0;0;0.6521;1.7
0;1;0;0;0;0;0;0.6521;1.75
4;4;0;0;0;0;0;0.6521;1.76
1;1;0;0;0;1;1;0.6521;1.77
1;4;0;0;0;1;0;0.6521;1.77
3;4;0;0;0;0;1;0.6521;1.77
0;1;0;0;0;1;1;0.6521;1.8
4;4;0;0;0;1;0;0.6521;1.8
1;5;0;0;0;0;0;0.6521;1.83
5;4;0;0;0;0;0;0.6521;1.83
6;5;0;0;0;0;0;0.6521;1.83
4;5;0;0;0;1;0;0.6521;1.84
4;5;0;0;0;0;1;0.6521;1.85
5;1;0;0;0;0;0;0.6521;1.85
0;0;0;0;0;1;1;0.6521;1.86
5;4;0;0;0;1;0;0.6521;1.86
0;3;0;0;0;1;1;0.6521;1.87
1;5;0;0;0;0;1;0.6521;1.87
3;0;0;0;0;1;1;0.6521;1.88
6;5;0;0;0;0;1;0.6521;1.89
0;0;0;0;0;0;0;0.6521;1.9
4;4;0;0;0;0;1;0.6521;1.9
4;5;0;0;0;1;1;0.6521;1.9
3;0;0;0;0;0;1;0.6521;1.91
5;1;0;0;0;1;0;0.6521;1.91
5;1;0;0;0;1;1;0.6521;1.93
3;0;0;0;0;1;0;0.6521;1.94
1;1;0;0;0;0;1;0.6521;1.95
1;4;0;0;0;0;0;0.6521;1.96
4;5;0;0;0;0;0;0.6521;1.97
0;0;0;0;0;0;1;0.6521;1.98
5;4;0;0;0;1;1;0.6521;2.04
0;5;0;0;0;0;0;0.6521;2.07
6;1;0;0;0;1;1;0.6521;2.09
0;3;0;0;0;1;0;0.6521;2.11
4;0;0;0;0;1;1;0.6521;2.17
0;3;0;0;0;0;1;0.6521;2.19
1;5;0;0;0;1;1;0.6521;2.2
0;5;0;0;0;1;1;0.6521;2.21
3;1;0;0;0;1;0;0.6521;2.25
3;4;0;0;0;1;0;0.6521;2.26
5;4;0;0;0;0;1;0.6521;2.26
0;5;0;0;0;0;1;0.6521;2.29
1;0;0;0;0;0;0;0.6521;2.29
1;0;0;0;0;1;0;0.6521;2.31
6;1;0;0;0;1;0;0.6521;2.32
5;0;0;0;0;0;1;0.6521;2.36
6;5;0;0;0;1;1;0.6521;2.36
5;1;0;0;0;0;1;0.6521;2.39
0;1;0;0;0;0;1;0.6521;2.41
0;3;0;0;0;0;0;0.6521;2.48
1;4;0;0;0;1;1;0.6521;2.5
4;4;0;0;0;1;1;0.6521;2.61
5;2;0;0;0;1;1;0.6521;2.62
3;5;0;0;0;1;1;0.6521;2.67
0;4;0;0;0;0;0;0.6521;2.7
6;5;0;0;0;1;0;0.6521;2.77
1;0;0;0;0;1;1;0.6521;2.8
1;3;0;0;0;1;1;0.6521;2.8
4;3;0;0;0;0;0;0.6521;2.82
4;0;0;0;0;1;0;0.6521;2.86
6;0;0;0;0;0;1;0.6521;2.9
6;0;0;0;0;1;1;0.6521;2.9
3;1;0;0;0;0;1;0.6521;2.92
1;0;0;0;0;0;1;0.6521;2.97
1;3;0;0;0;0;1;0.6521;2.99
4;0;0;0;0;0;0;0.6521;3.03
1;3;0;0;0;0;0;0.6521;3.05
1;5;0;0;1;1;0;0.6521;3.08
5;2;0;0;0;0;0;0.6521;3.11
6;1;0;0;1;0;1;0.6521;3.13
6;0;0;0;0;0;0;0.6521;3.14
1;4;0;0;1;0;1;0.6521;3.15
3;2;0;0;0;0;0;0.6521;3.16
3;1;0;0;0;1;1;0.6521;3.17
3;3;0;0;0;0;0;0.6521;3.17
1;4;0;0;1;0;0;0.6521;3.18
3;0;0;0;0;0;0;0.6521;3.18
3;5;0;0;0;0;0;0.6521;3.21
1;3;0;0;1;1;0;0.6521;3.22
3;3;0;0;0;1;0;0.6521;3.23
3;5;0;0;1;0;0;0.6521;3.23
4;0;0;0;1;0;0;0.6521;3.23
0;2;0;0;0;1;0;0.6521;3.24
6;1;0;0;1;1;1;0.6521;3.25
6;1;0;0;1;0;0;0.6521;3.26
1;3;0;0;0;1;0;0.6521;3.27
0;2;0;0;0;0;0;0.6521;3.29
1;2;0;0;0;1;1;0.6521;3.32
5;2;0;0;0;1;0;0.6521;3.32
4;1;0;0;0;0;0;0.6521;3.33
1;4;0;0;1;1;1;0.6521;3.34
3;2;0;0;0;0;1;0.6521;3.34
0;4;0;0;0;0;1;0.6521;3.35
3;2;0;0;0;1;0;0.6521;3.35
3;5;0;0;1;0;1;0.6521;3.36
6;0;0;0;0;1;0;0.6521;3.37
3;5;0;0;0;0;1;0.6521;3.38
5;5;0;0;0;0;0;0.6521;3.38
1;2;0;0;1;0;0;0.6521;3.39
4;2;0;0;0;1;0;0.6521;3.4
4;5;0;0;1;1;0;0.6521;3.4
6;2;0;0;0;0;0;0.6521;3.4
3;3;0;0;0;0;1;0.6521;3.41
3;0;0;0;1;1;0;0.6521;3.42
5;3;0;0;0;0;0;0.6521;3.42
3;4;0;0;0;1;1;0.6521;3.43
3;5;0;0;0;1;0;0.6521;3.43
6;4;0;0;0;0;0;0.6521;3.43
3;2;0;0;0;1;1;0.6521;3.44
3;3;0;0;0;1;1;0.6521;3.44
6;3;0;0;0;0;0;0.6521;3.44
1;3;0;0;1;0;0;0.6521;3.45
4;3;0;0;0;1;0;0.6521;3.45
5;0;0;0;0;1;0;0.6521;3.46
5;0;0;0;0;0;0;0.6521;3.47
6;2;0;0;0;1;0;0.6521;3.48
6;4;0;0;0;1;0;0.6521;3.49
5;3;0;0;0;1;0;0.6521;3.5
4;4;0;0;1;1;0;0.6521;3.51
6;3;0;0;0;1;0;0.6521;3.51
0;4;0;0;0;1;1;0.6521;3.52
4;1;0;0;0;0;1;0.6521;3.54
0;4;0;0;0;1;0;0.6521;3.55
4;0;0;0;0;0;1;0.6521;3.56
1;1;0;0;1;1;0;0.6521;3.57
1;2;0;0;1;1;0;0.6521;3.57
4;3;0;0;0;0;1;0.6521;3.57
0;2;0;0;0;1;1;0.6521;3.58
4;1;0;0;1;1;1;0.6521;3.58
4;2;0;0;0;0;1;0.6521;3.59
4;2;0;0;0;1;1;0.6521;3.61
6;4;0;0;0;0;1;0.6521;3.63
6;3;0;0;0;0;1;0.6521;3.64
5;0;0;0;0;1;1;0.6521;3.65
5;3;0;0;0;1;1;0.6521;3.66
6;2;0;0;1;1;0;0.6521;3.67
6;2;0;0;0;1;1;0.6521;3.68
1;2;0;0;1;0;1;0.6521;3.69
5;5;0;0;0;0;1;0.6521;3.69
6;4;0;0;0;1;1;0.6521;3.69
3;0;0;0;1;0;1;0.6521;3.7
5;3;0;0;0;0;1;0.6521;3.7
5;5;0;0;0;1;1;0.6521;3.7
6;1;0;0;1;1;0;0.6521;3.7
3;0;0;0;1;0;0;0.6521;3.71
4;3;0;0;0;1;1;0.6521;3.71
6;3;0;0;0;1;1;0.6521;3.71
1;5;0;0;1;0;1;0.6521;3.72
1;4;0;0;1;1;0;0.6521;3.73
0;2;0;0;0;0;1;0.6521;3.79
1;5;0;0;1;1;1;0.6521;3.79
4;1;0;0;0;1;0;0.6521;3.86
5;5;0;0;0;1;0;0.6521;3.86
1;3;0;0;1;1;1;0.6521;3.92
4;1;0;0;0;1;1;0.6521;3.92
1;2;0;0;1;1;1;0.6521;3.93
6;2;0;0;0;0;1;0.6521;3.97
3;5;0;0;1;1;0;0.6521;4.01
4;1;0;0;1;1;0;0.6521;4.06
5;2;0;0;0;0;1;0.6521;4.15
4;5;0;0;1;0;1;0.6521;4.2
1;3;0;0;1;0;1;0.6521;4.25
6;1;0;0;0;0;0;0.6521;4.26
5;4;0;0;1;1;1;0.6521;4.4
6;1;0;0;0;0;1;0.6521;4.45
1;1;0;0;1;0;0;0.6521;4.57
4;2;0;0;1;1;0;0.6521;4.59
4;3;0;0;1;1;1;0.6521;4.8
4;2;0;0;0;0;0;0.6521;4.85
1;0;0;0;1;0;0;0.6521;4.89
4;5;0;0;1;1;1;0.6521;4.99
4;4;0;0;1;0;1;0.6521;5.13
4;4;0;0;1;1;1;0.6521;5.13
3;0;0;0;1;1;1;0.6521;5.15
6;2;0;0;1;1;1;0.6521;5.16
3;4;0;0;1;1;1;0.6521;5.26
0;4;0;0;1;1;0;0.6521;5.29
3;4;0;0;1;0;1;0.6521;5.33
0;3;0;0;1;1;0;0.6521;5.35
5;3;0;0;1;1;0;0.6521;5.49
0;3;0;0;1;1;1;0.6521;5.51
0;4;0;0;1;1;1;0.6521;5.53
1;0;0;0;1;1;0;0.6521;5.57
5;4;0;0;1;1;0;0.6521;5.57
3;5;0;0;1;1;1;0.6521;5.63
1;0;0;0;1;0;1;0.6521;5.64
1;5;0;0;1;0;0;0.6521;5.68
5;3;0;0;1;1;1;0.6521;5.71
3;3;0;0;1;0;0;0.6521;5.73
6;5;0;0;1;1;0;0.6521;5.76
6;5;0;0;1;1;1;0.6521;5.76
3;4;0;0;1;0;0;0.6521;5.82
4;0;0;0;1;0;1;0.6521;5.82
3;1;0;0;1;0;0;0.6521;5.89
4;3;0;0;1;0;0;0.6521;5.92
3;3;0;0;1;1;0;0.6521;5.93
4;1;0;0;1;0;0;0.6521;5.94
4;2;0;0;1;0;0;0.6521;5.97
3;3;0;0;1;0;1;0.6521;5.98
1;1;0;0;1;0;1;0.6521;6.02
3;4;0;0;1;1;0;0.6521;6.03
3;1;0;0;1;0;1;0.6521;6.04
3;1;0;0;1;1;0;0.6521;6.09
6;4;0;0;1;1;0;0.6521;6.09
6;3;0;0;1;1;0;0.6521;6.1
4;4;0;0;1;0;0;0.6521;6.13
4;5;0;0;1;0;0;0.6521;6.14
3;3;0;0;1;1;1;0.6521;6.15
1;0;0;0;1;1;1;0.6521;6.16
4;1;0;0;1;0;1;0.6521;6.16
3;2;0;0;1;1;0;0.6521;6.18
3;2;0;0;1;0;0;0.6521;6.21
3;2;0;0;1;0;1;0.6521;6.26
1;1;0;0;1;1;1;0.6521;6.29
6;4;0;0;1;1;1;0.6521;6.31
4;0;0;0;1;1;0;0.6521;6.35
4;2;0;0;1;1;1;0.6521;6.38
6;3;0;0;1;1;1;0.6521;6.41
6;0;0;0;1;0;0;0.6521;6.44
3;2;0;0;1;1;1;0.6521;6.45
4;0;0;0;1;1;1;0.6521;6.5
3;1;0;0;1;1;1;0.6521;6.52
4;3;0;0;1;0;1;0.6521;6.55
2;0;0;0;0;0;0;0.6521;6.66
4;3;0;0;1;1;0;0.6521;6.66
4;2;0;0;1;0;1;0.6521;6.73
2;0;0;0;0;1;0;0.6521;6.75
2;0;0;0;0;0;1;0.6521;7.05
2;0;0;0;0;1;1;0.6521;7.36
6;0;0;0;1;0;1;0.6521;7.38
6;0;0;0;1;1;0;0.6521;7.61
6;0;0;0;1;1;1;0.6521;8.17
0;2;0;0;1;1;0;0.6517;2.85
0;5;0;0;1;1;1;0.6517;3.04
0;2;0;0;1;0;1;0.6517;3.06
5;2;0;0;1;0;1;0.6517;3.5
0;5;0;0;1;1;0;0.6517;3.52
0;5;0;0;1;0;0;0.6517;3.76
0;2;0;0;1;0;0;0.6517;3.88
5;2;0;0;1;0;0;0.6517;3.99
0;2;0;0;1;1;1;0.6517;4.53
0;5;0;0;1;0;1;0.6517;4.77
5;2;0;0;1;1;0;0.6517;4.82
5;2;0;0;1;1;1;0.6517;5.05
5;5;0;0;1;0;0;0.6517;5.52
5;5;0;0;1;1;0;0.6517;5.59
5;5;0;0;1;0;1;0.6517;5.67
5;5;0;0;1;1;1;0.6517;5.91
2;0;0;0;1;1;1;0.6517;5.96
2;0;0;0;1;1;0;0.6517;8.43
2;0;0;0;1;0;0;0.6517;8.71
2;0;0;0;1;0;1;0.6517;8.95
0;4;1;0;1;1;0;0.6488;5.58
0;4;1;0;1;1;1;0.6488;5.71
0;3;1;0;1;1;0;0.6488;5.87
6;1;1;0;1;1;0;0.6488;5.98
6;0;1;0;1;1;0;0.6488;6.08
0;3;1;0;1;1;1;0.6488;6.15
6;0;1;0;1;1;1;0.6488;6.2
6;1;1;0;1;1;1;0.6488;6.27
0;3;0;0;1;0;0;0.646;4.21
5;4;0;0;1;0;0;0.646;4.32
6;5;0;0;1;0;1;0.646;4.73
6;5;0;0;1;0;0;0.646;4.87
0;4;0;0;1;0;0;0.646;5.12
5;3;0;0;1;0;0;0.646;5.33
0;3;0;0;1;0;1;0.646;5.35
6;2;0;0;1;0;0;0.646;5.36
0;4;0;0;1;0;1;0.646;5.38
6;2;0;0;1;0;1;0.646;5.39
5;3;0;0;1;0;1;0.646;5.57
6;3;0;0;1;0;0;0.646;5.57
6;4;0;0;1;0;0;0.646;5.58
5;4;0;0;1;0;1;0.646;5.59
6;4;0;0;1;0;1;0.646;5.79
6;3;0;0;1;0;1;0.646;5.81
5;4;0;2;1;1;0;0.6341;2.82
5;4;4;2;1;1;0;0.6341;3.09
6;4;0;2;1;0;0;0.6341;3.46
6;4;0;2;1;0;1;0.6341;3.58
6;4;0;2;1;1;0;0.6341;3.65
5;3;4;2;1;1;0;0.6341;3.69
5;4;4;2;1;0;0;0.6341;3.69
6;4;0;2;1;1;1;0.6341;3.79
5;4;0;2;1;0;1;0.6341;3.81
5;3;0;2;1;1;1;0.6341;3.83
5;4;4;2;1;1;1;0.6341;3.89
5;4;5;2;0;1;0;0.6341;3.89
5;3;4;2;1;0;1;0.6341;3.91
5;4;4;2;1;0;1;0.6341;4.08
6;4;4;2;1;1;0;0.6341;4.28
5;4;5;2;0;0;1;0.6341;4.38
6;3;4;2;1;1;0;0.6341;4.4
5;3;0;2;1;1;0;0.6341;4.63
5;3;4;2;1;1;1;0.6341;4.72
5;4;0;2;1;1;1;0.6341;4.85
5;3;5;2;0;1;1;0.6341;4.91
5;3;0;2;1;0;0;0.6341;5.37
5;3;5;2;0;0;0;0.6341;5.47
6;3;5;2;0;0;0;0.6341;5.56
6;3;0;2;1;1;0;0.6341;5.64
5;3;0;2;1;0;1;0.6341;5.67
6;3;0;2;1;0;0;0.6341;5.73
5;3;5;2;0;1;0;0.6341;5.85
5;3;4;2;1;0;0;0.6341;5.87
6;4;5;2;0;0;0;0.6341;5.87
5;4;0;2;1;0;0;0.6341;5.89
5;4;5;2;0;0;0;0.6341;5.9
6;3;4;2;1;1;1;0.6341;5.96
6;3;0;2;1;1;1;0.6341;6.13
6;3;4;2;1;0;0;0.6341;6.26
6;3;0;2;1;0;1;0.6341;6.36
6;3;4;2;1;0;1;0.6341;6.75
6;4;4;2;1;1;1;0.6341;6.95
6;4;4;2;1;0;1;0.6341;6.99
6;4;5;2;0;1;0;0.6341;7.54
5;4;5;2;0;1;1;0.6341;7.67
5;3;5;2;0;0;1;0.6341;7.69
6;3;5;2;0;1;0;0.6341;7.79
6;4;5;2;0;0;1;0.6341;7.85
6;3;5;2;0;0;1;0.6341;7.9
6;3;5;2;0;1;1;0.6341;8.07
6;4;5;2;0;1;1;0.6341;8.08
6;4;4;2;1;0;0;0.6341;8.76
2;0;0;2;1;0;0;0.633;4.97
2;0;0;2;1;1;1;0.633;5.04
2;0;0;2;1;1;0;0.633;6.25
2;0;0;2;1;0;1;0.633;6.43
3;1;3;0;1;0;0;0.6324;1.66
3;0;3;0;0;0;0;0.6324;1.68
3;1;3;0;1;1;0;0.6324;1.72
0;0;3;0;1;0;0;0.6324;1.74
3;1;3;0;0;0;0;0.6324;1.74
5;0;3;0;0;0;0;0.6324;1.79
5;1;3;0;0;0;0;0.6324;1.82
5;1;3;0;1;0;0;0.6324;1.83
6;0;3;0;0;0;0;0.6324;1.83
6;0;3;0;0;1;0;0.6324;1.85
6;0;3;0;1;1;0;0.6324;1.85
6;0;3;0;1;0;0;0.6324;1.86
3;1;3;0;0;0;1;0.6324;1.88
0;0;3;0;0;1;1;0.6324;1.89
5;0;3;0;1;1;0;0.6324;1.89
3;1;3;0;1;1;1;0.6324;1.96
5;0;3;0;0;0;1;0.6324;1.97
3;1;3;0;1;0;1;0.6324;1.98
5;0;3;0;0;1;1;0.6324;2.03
6;0;3;0;0;0;1;0.6324;2.04
5;1;3;0;0;1;1;0.6324;2.08
5;0;3;0;1;1;1;0.6324;2.1
5;1;3;0;1;1;1;0.6324;2.1
6;0;3;0;1;1;1;0.6324;2.23
3;1;3;0;0;1;1;0.6324;2.24
0;0;3;0;0;1;0;0.6324;2.25
6;0;3;0;1;0;1;0.6324;2.26
3;0;3;0;0;0;1;0.6324;2.29
3;0;3;0;1;1;0;0.6324;2.29
5;0;3;0;0;1;0;0.6324;2.29
3;0;3;0;1;1;1;0.6324;2.31
3;1;3;0;0;1;0;0.6324;2.36
5;1;3;0;1;1;0;0.6324;2.43
5;1;3;0;1;0;1;0.6324;2.5
5;0;3;0;1;0;1;0.6324;2.51
5;0;3;0;1;0;0;0.6324;2.72
0;0;3;0;0;0;1;0.6324;3.03
6;0;3;0;0;1;1;0.6324;3.09
3;0;3;0;1;0;0;0.6324;3.16
0;0;3;0;0;0;0;0.6324;3.19
3;0;3;0;0;1;0;0.6324;3.19
0;0;3;0;1;1;0;0.6324;3.24
5;1;3;0;0;0;1;0.6324;3.5
0;0;3;0;1;0;1;0.6324;3.57
3;0;3;0;0;1;1;0.6324;3.64
3;0;3;0;1;0;1;0.6324;3.94
0;0;3;0;1;1;1;0.6324;3.98
5;1;3;0;0;1;0;0.6324;4.33
0;0;0;0;1;1;0;0.6308;2.93
5;1;0;0;1;0;0;0.6308;2.96
0;1;0;0;1;0;0;0.6308;3.37
0;1;0;0;1;1;1;0.6308;3.54
0;0;0;0;1;0;1;0.6308;4.38
0;1;0;0;1;1;0;0.6308;4.38
5;1;0;0;1;1;0;0.6308;4.39
5;1;0;0;1;0;1;0.6308;4.71
0;0;0;0;1;1;1;0.6308;4.86
0;0;0;0;1;0;0;0.6308;5.25
5;1;0;0;1;1;1;0.6308;5.26
5;0;0;0;1;0;0;0.6308;5.4
5;0;0;0;1;1;0;0.6308;5.4
0;1;0;0;1;0;1;0.6308;5.54
5;0;0;0;1;0;1;0.6308;5.72
5;0;0;0;1;1;1;0.6308;7.89
0;2;3;0;0;0;0;0.6272;1.77
0;2;3;0;0;0;1;0.6272;1.81
5;2;3;0;1;0;0;0.6272;1.82
0;2;3;0;1;0;1;0.6272;1.83
0;2;3;0;1;1;0;0.6272;1.84
6;5;3;0;0;1;0;0.6272;1.84
5;5;3;0;0;1;0;0.6272;1.85
6;5;3;0;0;0;0;0.6272;1.89
5;2;3;0;0;1;1;0.6272;1.95
5;5;3;0;0;0;1;0.6272;1.95
0;5;3;0;1;1;0;0.6272;1.96
6;5;3;0;1;1;1;0.6272;1.97
6;5;3;0;0;1;1;0.6272;1.98
5;2;3;0;1;1;1;0.6272;2.04
6;2;3;0;1;1;0;0.6272;2.12
0;2;3;0;1;0;0;0.6272;2.13
0;2;3;0;0;1;1;0.6272;2.16
6;5;3;0;1;0;0;0.6272;2.23
6;5;3;0;1;1;0;0.6272;2.24
5;2;3;0;1;1;0;0.6272;2.27
0;2;3;0;0;1;0;0.6272;2.29
0;2;3;0;1;1;1;0.6272;2.35
5;2;3;0;0;1;0;0.6272;2.46
0;5;3;0;1;1;1;0.6272;2.47
5;2;3;0;1;0;1;0.6272;2.48
6;5;3;0;0;0;1;0.6272;2.55
5;5;3;0;1;0;1;0.6272;2.76
6;2;3;0;1;0;1;0.6272;2.8
6;2;3;0;0;0;0;0.6272;2.86
6;2;3;0;1;1;1;0.6272;2.93
6;5;3;0;1;0;1;0.6272;2.97
5;2;3;0;0;0;0;0.6272;3.06
0;5;3;0;0;0;0;0.6272;3.17
5;5;3;0;0;1;1;0.6272;3.17
0;5;3;0;1;0;0;0.6272;3.2
5;5;3;0;1;1;0;0.6272;3.2
0;5;3;0;0;1;0;0.6272;3.32
0;5;3;0;0;0;1;0.6272;3.44
5;5;3;0;0;0;0;0.6272;3.44
0;5;3;0;1;0;1;0.6272;3.55
0;5;3;0;0;1;1;0.6272;3.65
5;5;3;0;1;0;0;0.6272;3.67
5;2;3;0;0;0;1;0.6272;3.78
5;5;3;0;1;1;1;0.6272;4.11
6;2;3;0;1;0;0;0.6272;4.14
6;2;3;0;0;1;0;0.6272;4.6
6;2;3;0;0;0;1;0.6272;4.86
6;2;3;0;0;1;1;0.6272;4.93
3;2;3;0;0;1;0;0.6266;1.81
3;2;3;0;1;1;1;0.6266;1.86
4;3;3;0;0;1;0;0.6266;1.86
4;3;3;0;1;1;0;0.6266;1.86
4;0;3;0;0;1;0;0.6266;1.88
4;3;3;0;0;1;1;0.6266;2.02
3;2;3;0;1;1;0;0.6266;2.21
4;0;3;0;1;1;0;0.6266;2.24
3;2;3;0;0;1;1;0.6266;2.3
4;0;3;0;1;1;1;0.6266;2.82
4;0;3;0;0;1;1;0.6266;3.0
4;2;3;0;0;1;1;0.6266;3.24
3;5;3;0;0;1;1;0.6266;3.28
3;5;3;0;0;1;0;0.6266;3.3
4;2;3;0;1;1;0;0.6266;3.38
4;1;3;0;1;1;0;0.6266;3.43
4;5;3;0;0;1;0;0.6266;3.43
4;1;3;0;0;1;0;0.6266;3.46
4;2;3;0;0;1;0;0.6266;3.54
4;4;3;0;1;1;0;0.6266;3.61
3;5;3;0;1;1;1;0.6266;3.69
4;4;3;0;0;1;0;0.6266;3.71
4;2;3;0;1;1;1;0.6266;3.76
4;1;3;0;0;1;1;0.6266;3.78
4;1;3;0;1;1;1;0.6266;3.84
4;5;3;0;1;1;1;0.6266;3.93
4;3;3;0;1;1;1;0.6266;3.94
3;5;3;0;1;1;0;0.6266;4.01
4;4;3;0;1;1;1;0.6266;4.18
4;4;3;0;0;1;1;0.6266;4.2
4;5;3;0;0;1;1;0.6266;4.44
4;5;3;0;1;1;0;0.6266;6.3
2;0;1;1;1;0;0;0.6254;7.18
2;0;1;1;1;0;1;0.6254;7.77
0;3;1;1;1;1;0;0.6249;2.84
0;4;1;1;1;1;0;0.6249;3.52
0;4;1;1;1;1;1;0.6249;3.63
5;4;1;1;1;1;0;0.6249;4.21
0;3;1;1;1;1;1;0.6249;4.25
5;3;1;1;1;1;0;0.6249;4.28
5;4;1;1;1;1;1;0.6249;4.39
5;3;1;1;1;1;1;0.6249;4.45
3;2;3;0;1;0;0;0.6235;1.7
4;0;3;0;0;0;0;0.6235;1.76
4;3;3;0;1;0;0;0.6235;1.87
3;2;3;0;0;0;1;0.6235;2.03
4;0;3;0;0;0;1;0.6235;2.03
3;2;3;0;0;0;0;0.6235;2.08
4;3;3;0;1;0;1;0.6235;2.13
4;4;3;0;1;0;0;0.6235;2.32
3;5;3;0;0;0;0;0.6235;2.39
4;0;3;0;1;0;0;0.6235;2.55
4;1;3;0;0;0;0;0.6235;2.64
4;3;3;0;0;0;1;0.6235;2.75
3;5;3;0;1;0;0;0.6235;3.17
4;1;3;0;0;0;1;0.6235;3.34
4;2;3;0;0;0;0;0.6235;3.4
4;3;3;0;0;0;0;0.6235;3.41
4;1;3;0;1;0;0;0.6235;3.42
4;5;3;0;0;0;0;0.6235;3.42
4;4;3;0;0;0;0;0.6235;3.43
3;2;3;0;1;0;1;0.6235;3.5
4;4;3;0;1;0;1;0.6235;3.63
3;5;3;0;0;0;1;0.6235;3.64
3;5;3;0;1;0;1;0.6235;3.7
4;2;3;0;0;0;1;0.6235;3.77
4;0;3;0;1;0;1;0.6235;3.78
4;1;3;0;1;0;1;0.6235;3.83
4;5;3;0;0;0;1;0.6235;3.84
4;2;3;0;1;0;0;0.6235;3.97
4;5;3;0;1;0;0;0.6235;3.99
4;4;3;0;0;0;1;0.6235;4.01
4;2;3;0;1;0;1;0.6235;4.84
4;5;3;0;1;0;1;0.6235;8.17
1;0;1;1;0;1;0;0.6209;0.93
1;1;1;1;0;1;0;0.6209;0.96
1;0;1;1;0;0;0;0.6209;1.02
1;3;1;1;0;1;0;0.6209;1.08
1;0;1;1;0;1;1;0.6209;1.24
1;0;1;1;0;0;1;0.6209;1.54
1;1;1;1;0;1;1;0.6209;1.55
1;3;1;1;0;1;1;0.6209;1.7
1;1;1;1;0;0;0;0.6209;1.72
1;4;1;1;0;0;0;0.6209;1.72
1;5;1;1;0;0;0;0.6209;1.76
1;1;1;1;0;0;1;0.6209;1.77
1;4;1;1;0;1;0;0.6209;1.8
1;5;1;1;0;1;0;0.6209;1.82
1;2;1;1;0;1;0;0.6209;1.85
1;4;1;1;0;0;1;0.6209;1.93
1;5;1;1;0;0;1;0.6209;1.93
1;2;1;1;0;0;1;0.6209;1.98
1;2;1;1;0;1;1;0.6209;1.98
1;4;1;1;0;1;1;0.6209;1.98
1;3;1;1;0;0;1;0.6209;2.02
1;2;1;1;0;0;0;0.6209;2.05
1;5;1;1;0;1;1;0.6209;2.2
1;3;1;1;0;0;0;0.6209;3.29
0;3;4;2;1;1;0;0.6198;3.16
0;4;4;2;1;1;1;0.6198;3.61
0;4;5;2;0;1;0;0.6198;4.05
0;4;4;2;1;0;1;0.6198;4.48
0;4;0;2;1;1;0;0.6198;4.84
0;4;0;2;1;1;1;0.6198;4.87
0;3;0;2;1;0;0;0.6198;5.19
0;4;0;2;1;0;1;0.6198;5.28
0;3;4;2;1;0;1;0.6198;5.41
0;4;0;2;1;0;0;0.6198;5.46
0;3;0;2;1;1;0;0.6198;5.47
0;3;0;2;1;1;1;0.6198;5.71
0;3;4;2;1;1;1;0.6198;5.72
0;4;4;2;1;0;0;0.6198;5.76
0;3;0;2;1;0;1;0.6198;5.79
0;4;4;2;1;1;0;0.6198;5.87
0;3;4;2;1;0;0;0.6198;5.89
0;4;5;2;0;0;1;0.6198;6.3
0;4;5;2;0;0;0;0.6198;7.01
0;3;5;2;0;1;0;0.6198;7.51
0;3;5;2;0;0;0;0.6198;7.6
0;3;5;2;0;0;1;0.6198;7.71
0;4;5;2;0;1;1;0.6198;7.88
0;3;5;2;0;1;1;0.6198;7.91
0;1;3;0;0;1;0;0.6172;1.75
0;1;3;0;0;0;0;0.6172;1.76
0;1;3;0;1;1;1;0.6172;1.83
0;1;3;0;1;0;1;0.6172;1.92
0;1;3;0;0;1;1;0.6172;1.94
0;1;3;0;0;0;1;0.6172;1.99
6;1;3;0;1;0;1;0.6172;2.05
0;1;3;0;1;1;0;0.6172;2.17
6;1;3;0;1;1;1;0.6172;2.52
6;1;3;0;1;1;0;0.6172;2.53
0;1;3;0;1;0;0;0.6172;2.58
6;1;3;0;0;1;0;0.6172;3.94
6;1;3;0;1;0;0;0.6172;4.15
6;1;3;0;0;0;0;0.6172;4.53
6;1;3;0;0;0;1;0.6172;4.8
6;1;3;0;0;1;1;0.6172;4.97
3;2;1;0;0;0;0;0.6129;1.87
3;5;1;0;0;0;1;0.6129;3.03
3;5;1;0;0;0;0;0.6129;3.11
3;5;1;0;0;1;0;0.6129;3.51
3;2;1;0;0;1;0;0.6129;3.59
3;2;1;0;0;0;1;0.6129;3.63
3;5;1;0;0;1;1;0.6129;3.68
3;2;1;0;0;1;1;0.6129;3.73
3;5;1;0;1;1;0;0.6129;3.79
3;2;1;0;1;1;0;0.6129;6.1
3;2;1;0;1;0;0;0.6129;6.12
3;5;1;0;1;0;0;0.6129;6.19
3;5;1;0;1;0;1;0.6129;6.41
3;2;1;0;1;0;1;0.6129;6.65
3;2;1;0;1;1;1;0.6129;6.8
3;5;1;0;1;1;1;0.6129;6.84
0;5;1;1;1;1;0;0.6107;2.14
5;2;1;1;1;1;0;0.6107;2.19
5;5;1;1;1;1;1;0.6107;2.37
6;2;1;1;1;1;0;0.6107;2.41
0;5;1;1;1;1;1;0.6107;2.45
6;2;1;1;1;1;1;0.6107;2.72
5;5;1;1;1;1;0;0.6107;3.74
0;2;1;1;1;1;1;0.6107;4.17
5;2;1;1;1;1;1;0.6107;4.39
6;5;1;1;1;1;0;0.6107;4.52
6;5;1;1;1;1;1;0.6107;4.62
0;2;1;1;1;1;0;0.6107;4.86
1;1;3;0;1;1;0;0.6099;1.76
1;1;3;0;0;1;0;0.6099;1.78
1;4;3;0;0;1;0;0.6099;1.83
1;1;3;0;0;1;1;0.6099;1.85
1;0;3;0;0;1;0;0.6099;1.9
1;0;3;0;0;1;1;0.6099;1.9
1;1;3;0;1;1;1;0.6099;1.98
1;5;3;0;0;1;1;0.6099;2.34
1;3;3;0;1;1;0;0.6099;2.73
1;4;3;0;0;1;1;0.6099;2.84
1;4;3;0;1;1;0;0.6099;2.98
1;5;3;0;1;1;0;0.6099;3.13
1;2;3;0;0;1;0;0.6099;3.15
1;0;3;0;1;1;0;0.6099;3.17
1;3;3;0;0;1;0;0.6099;3.24
1;2;3;0;1;1;0;0.6099;3.39
1;3;3;0;0;1;1;0.6099;3.39
1;2;3;0;1;1;1;0.6099;3.43
1;0;3;0;1;1;1;0.6099;3.44
1;5;3;0;1;1;1;0.6099;3.45
1;2;3;0;0;1;1;0.6099;3.46
1;3;3;0;1;1;1;0.6099;3.47
1;4;3;0;1;1;1;0.6099;3.47
1;5;3;0;0;1;0;0.6099;3.48
2;0;3;0;0;1;0;0.6099;4.44
2;0;3;0;1;1;0;0.6099;6.86
2;0;3;0;0;1;1;0.6099;7.11
2;0;3;0;1;1;1;0.6099;7.12
6;4;1;1;1;1;0;0.6073;3.24
6;3;1;1;1;1;1;0.6073;4.83
6;3;1;1;1;1;0;0.6073;4.93
6;4;1;1;1;1;1;0.6073;5.06
2;0;3;0;0;0;0;0.607;3.62
2;0;3;0;0;0;1;0.607;4.06
2;0;3;0;1;0;0;0.607;6.78
2;0;3;0;1;0;1;0.607;7.18
1;5;2;2;0;0;1;0.6025;1.76
1;3;2;2;0;1;1;0.6025;1.78
1;3;2;2;1;0;1;0.6025;1.94
1;0;2;2;0;0;1;0.6025;2.04
1;5;2;2;1;1;1;0.6025;2.04
1;2;2;2;0;0;1;0.6025;2.2
1;5;2;2;1;0;1;0.6025;2.21
1;5;2;2;0;1;1;0.6025;2.22
1;1;2;2;1;0;1;0.6025;2.26
1;0;2;2;0;1;1;0.6025;2.5
1;3;2;2;1;1;1;0.6025;2.61
1;1;2;2;1;1;1;0.6025;2.65
1;0;2;2;1;1;1;0.6025;2.67
1;4;2;2;1;0;1;0.6025;2.89
1;4;2;2;1;1;1;0.6025;3.13
1;1;2;2;0;0;1;0.6025;3.27
1;3;2;2;0;0;1;0.6025;3.29
1;2;2;2;1;1;1;0.6025;3.3
1;1;2;2;0;1;1;0.6025;3.31
1;4;2;2;0;1;1;0.6025;3.31
1;2;2;2;1;0;1;0.6025;3.33
1;4;2;2;0;0;1;0.6025;3.33
1;0;2;2;1;0;1;0.6025;3.87
1;2;2;2;0;1;1;0.6025;4.07
6;2;1;1;1;0;0;0.5986;2.11
5;2;1;1;1;0;0;0.5986;2.15
0;5;1;1;1;0;1;0.5986;2.17
5;2;1;1;1;0;1;0.5986;2.35
6;5;1;1;1;0;0;0.5986;2.36
6;2;1;1;1;0;1;0.5986;2.81
6;5;1;1;1;0;1;0.5986;2.88
0;5;1;1;1;0;0;0.5986;2.89
0;2;1;1;1;0;0;0.5986;3.78
0;2;1;1;1;0;1;0.5986;3.98
5;5;1;1;1;0;0;0.5986;4.04
5;5;1;1;1;0;1;0.5986;4.24
1;3;4;2;1;0;0;0.5981;3.6
1;5;0;2;1;0;0;0.5981;3.62
1;5;4;2;1;0;1;0.5981;3.64
1;3;4;2;1;0;1;0.5981;3.68
1;3;0;2;1;0;0;0.5981;3.75
1;2;4;2;1;0;1;0.5981;4.02
1;4;4;2;1;0;1;0.5981;4.1
1;2;0;2;1;0;1;0.5981;4.13
1;1;4;2;1;0;1;0.5981;4.15
1;1;5;2;0;0;0;0.5981;4.32
1;4;4;2;1;0;0;0.5981;4.47
1;5;5;2;0;0;1;0.5981;4.66
1;0;5;2;0;0;1;0.5981;4.67
1;4;0;2;1;0;0;0.5981;4.78
1;0;4;2;1;0;1;0.5981;4.78
1;5;0;2;1;0;1;0.5981;5.05
1;5;4;2;1;0;0;0.5981;5.16
1;1;5;2;0;0;1;0.5981;5.3
1;0;0;2;1;0;1;0.5981;5.33
1;0;5;2;0;0;0;0.5981;5.33
1;1;0;2;1;0;0;0.5981;5.35
1;0;0;2;1;0;0;0.5981;5.41
1;4;0;2;1;0;1;0.5981;5.58
1;2;0;2;1;0;0;0.5981;5.75
1;3;0;2;1;0;1;0.5981;5.91
1;1;0;2;1;0;1;0.5981;5.93
1;0;4;2;1;0;0;0.5981;6.02
1;1;4;2;1;0;0;0.5981;6.08
1;2;4;2;1;0;0;0.5981;6.55
1;5;5;2;0;0;0;0.5981;6.74
1;3;5;2;0;0;0;0.5981;6.76
1;4;5;2;0;0;0;0.5981;7.25
1;2;5;2;0;0;0;0.5981;7.62
1;2;5;2;0;0;1;0.5981;7.78
1;3;5;2;0;0;1;0.5981;7.83
1;4;5;2;0;0;1;0.5981;7.91
2;0;3;1;1;0;0;0.5937;5.2
2;0;3;1;0;0;0;0.5937;5.3
2;0;3;1;1;0;1;0.5937;6.0
2;0;3;1;0;0;1;0.5937;6.02
0;0;1;1;0;1;0;0.5894;1.03
5;1;1;1;0;0;0;0.5894;1.15
0;0;1;1;0;0;0;0.5894;1.26
0;0;1;1;0;0;1;0.5894;1.28
5;1;1;1;0;1;1;0.5894;1.44
5;1;1;1;0;1;0;0.5894;1.6
5;1;1;1;0;0;1;0.5894;1.93
5;0;1;1;0;0;0;0.5894;1.97
6;0;1;1;0;0;0;0.5894;2.11
6;0;1;1;0;1;0;0.5894;2.16
5;0;1;1;0;1;0;0.5894;2.21
5;0;1;1;0;0;1;0.5894;2.44
0;0;1;1;0;1;1;0.5894;2.47
6;0;1;1;0;0;1;0.5894;2.57
5;0;1;1;0;1;1;0.5894;2.65
6;0;1;1;0;1;1;0.5894;2.83
3;2;1;1;0;1;1;0.5856;1.21
3;5;1;1;0;0;0;0.5856;1.9
3;2;1;1;0;0;0;0.5856;1.95
3;5;1;1;0;1;0;0.5856;1.96
3;2;1;1;0;1;0;0.5856;2.0
3;2;1;1;0;0;1;0.5856;2.06
3;5;1;1;0;1;1;0.5856;2.25
3;5;1;1;0;0;1;0.5856;2.5
3;2;1;1;1;0;0;0.5856;2.84
3;2;1;1;1;1;0;0.5856;2.96
3;2;1;1;1;0;1;0.5856;3.08
0;0;1;2;1;1;1;0.5856;3.35
5;1;1;2;1;0;1;0.5856;3.46
0;1;1;2;1;1;0;0.5856;3.6
5;1;1;2;1;0;0;0.5856;3.83
0;0;1;2;1;1;0;0.5856;4.17
0;0;1;2;1;0;0;0.5856;4.2
3;2;1;1;1;1;1;0.5856;4.52
3;5;1;1;1;0;0;0.5856;4.63
5;1;1;2;1;1;1;0.5856;4.71
3;5;1;1;1;1;0;0.5856;4.79
3;5;1;1;1;0;1;0.5856;4.94
0;1;1;2;1;0;0;0.5856;5.16
5;1;1;2;1;1;0;0.5856;5.22
3;5;1;1;1;1;1;0.5856;5.28
5;0;1;2;1;0;0;0.5856;5.29
0;1;1;2;1;0;1;0.5856;5.39
0;1;1;2;1;1;1;0.5856;5.55
0;0;1;2;1;0;1;0.5856;5.58
5;0;1;2;1;0;1;0.5856;5.67
5;0;1;2;1;1;0;0.5856;6.46
5;0;1;2;1;1;1;0.5856;6.62
3;3;1;2;0;1;0;0.5834;1.83
6;0;1;2;0;0;0;0.5834;1.88
0;5;1;2;0;0;0;0.5834;1.89
6;2;1;2;0;1;0;0.5834;1.94
0;0;1;2;0;1;0;0.5834;1.99
3;3;1;2;0;0;1;0.5834;2.03
6;0;1;2;0;0;1;0.5834;2.16
6;2;1;2;0;0;1;0.5834;2.23
3;3;1;2;0;0;0;0.5834;2.28
0;0;1;2;0;0;1;0.5834;2.37
6;2;1;2;0;0;0;0.5834;2.46
6;2;1;2;0;1;1;0.5834;2.54
0;0;1;2;0;1;1;0.5834;2.72
0;5;1;2;0;0;1;0.5834;2.73
3;3;1;2;0;1;1;0.5834;3.0
3;4;1;2;0;0;0;0.5834;3.35
3;4;1;2;0;1;0;0.5834;3.36
0;2;1;2;0;0;0;0.5834;3.39
6;0;1;2;0;1;0;0.5834;3.56
0;5;1;2;0;1;1;0.5834;3.59
5;3;1;2;0;0;0;0.5834;3.59
5;4;1;2;0;0;0;0.5834;3.6
6;5;1;2;0;0;0;0.5834;3.61
5;3;1;2;0;1;0;0.5834;3.63
5;4;1;2;0;1;0;0.5834;3.64
6;5;1;2;0;1;0;0.5834;3.69
0;0;1;2;0;0;0;0.5834;3.75
0;2;1;2;0;1;0;0.5834;3.77
0;2;1;2;0;0;1;0.5834;3.79
3;4;1;2;0;0;1;0.5834;3.94
5;4;1;2;0;0;1;0.5834;4.08
0;5;1;2;0;1;0;0.5834;4.09
3;4;1;2;0;1;1;0.5834;4.13
5;3;1;2;0;0;1;0.5834;4.13
5;4;1;2;0;1;1;0.5834;4.23
6;5;1;2;0;1;1;0.5834;4.27
6;0;1;2;0;1;1;0.5834;4.28
6;5;1;2;0;0;1;0.5834;4.35
5;3;1;2;0;1;1;0.5834;4.45
0;2;1;2;0;1;1;0.5834;4.64
0;4;2;1;0;1;0;0.577;0.9
0;4;2;1;1;1;0;0.577;0.9
5;4;2;1;0;1;0;0.577;1.01
6;3;2;1;0;1;0;0.577;1.02
0;4;2;1;0;1;1;0.577;1.09
5;4;2;1;1;1;1;0.577;1.21
0;4;2;1;1;1;1;0.577;1.26
5;4;2;1;1;1;0;0.577;1.5
6;3;2;1;0;1;1;0.577;1.5
0;3;2;1;0;1;0;0.577;1.64
0;3;2;1;1;1;0;0.577;1.66
6;3;2;1;1;1;1;0.577;1.68
5;3;2;1;0;1;0;0.577;1.92
5;3;2;1;1;1;0;0.577;1.92
0;3;2;1;0;1;1;0.577;2.0
0;3;2;1;1;1;1;0.577;2.01
6;3;2;1;1;1;0;0.577;2.07
5;4;2;1;0;1;1;0.577;2.2
5;3;2;1;0;1;1;0.577;2.26
5;3;2;1;1;1;1;0.577;2.3
6;4;2;1;0;1;0;0.577;2.45
6;4;2;1;0;1;1;0.577;2.57
6;4;2;1;1;1;0;0.577;3.1
6;4;2;1;1;1;1;0.577;3.39
0;1;2;1;0;0;0;0.5748;0.97
0;1;2;1;1;0;0;0.5748;1.58
0;1;2;1;0;1;0;0.5748;1.65
0;1;2;1;1;1;0;0.5748;1.7
0;1;2;1;0;0;1;0.5748;1.81
0;1;2;1;1;1;1;0.5748;1.81
0;1;2;1;0;1;1;0.5748;1.82
0;1;2;1;1;0;1;0.5748;1.85
6;1;2;1;0;0;0;0.5748;1.94
6;1;2;1;1;0;1;0.5748;2.27
6;1;2;1;1;0;0;0.5748;2.31
6;1;2;1;1;1;0;0.5748;2.44
6;1;2;1;0;0;1;0.5748;2.61
6;1;2;1;1;1;1;0.5748;2.61
6;1;2;1;0;1;0;0.5748;2.64
6;1;2;1;0;1;1;0.5748;2.82
0;5;1;1;0;0;0;0.5597;1.03
6;3;1;1;0;0;0;0.5597;1.13
6;4;1;1;0;0;0;0.5597;1.14
5;2;1;1;0;0;0;0.5597;1.16
5;5;1;1;0;1;0;0.5597;1.16
5;2;1;1;0;1;0;0.5597;1.17
6;2;1;1;0;1;0;0.5597;1.17
6;4;1;1;0;1;0;0.5597;1.18
5;5;1;1;0;0;0;0.5597;1.24
5;5;1;1;0;0;1;0.5597;1.25
5;2;1;1;0;0;1;0.5597;1.26
6;4;1;1;0;0;1;0.5597;1.29
6;3;1;1;0;0;1;0.5597;1.32
5;5;1;1;0;1;1;0.5597;1.33
6;3;1;1;0;1;1;0.5597;1.36
6;5;1;1;0;1;1;0.5597;1.36
3;0;1;1;0;0;0;0.5597;1.41
5;2;1;1;0;1;1;0.5597;1.43
6;2;1;1;0;1;1;0.5597;1.54
0;3;1;1;0;1;1;0.5597;1.6
6;5;1;1;0;1;0;0.5597;1.66
6;5;1;1;0;0;1;0.5597;1.81
0;4;1;1;0;0;0;0.5597;1.88
3;1;1;1;0;0;0;0.5597;1.9
6;3;1;1;0;1;0;0.5597;1.9
0;2;1;1;0;0;0;0.5597;1.91
0;5;1;1;0;1;0;0.5597;1.91
3;0;1;1;0;1;0;0.5597;1.95
0;4;1;1;0;1;0;0.5597;1.98
3;0;1;1;0;0;1;0.5597;2.03
3;1;1;1;0;1;0;0.5597;2.04
0;4;1;1;0;0;1;0.5597;2.06
0;3;1;1;0;1;0;0.5597;2.07
0;5;1;1;0;0;1;0.5597;2.08
6;5;1;1;0;0;0;0.5597;2.18
3;1;1;1;0;0;1;0.5597;2.19
0;3;1;1;0;0;0;0.5597;2.22
0;3;1;1;0;0;1;0.5597;2.22
6;2;1;1;0;0;0;0.5597;2.22
5;1;1;1;1;1;0;0.5597;2.24
3;0;1;1;0;1;1;0.5597;2.28
0;4;1;1;0;1;1;0.5597;2.34
3;1;1;1;0;1;1;0.5597;2.36
6;0;1;1;1;0;0;0.5597;2.49
0;1;1;1;1;1;1;0.5597;2.53
5;1;1;1;1;0;0;0.5597;2.55
6;4;1;1;0;1;1;0.5597;2.55
6;0;1;1;1;0;1;0.5597;2.56
0;5;1;1;0;1;1;0.5597;2.6
6;1;1;1;1;0;1;0.5597;2.61
0;2;1;1;0;1;1;0.5597;2.72
0;1;1;1;1;0;0;0.5597;2.73
6;1;1;1;1;1;0;0.5597;2.73
0;1;1;1;1;1;0;0.5597;2.75
5;1;1;1;1;0;1;0.5597;2.82
6;2;1;1;0;0;1;0.5597;2.88
3;0;1;1;1;1;1;0.5597;3.07
6;1;1;1;1;0;0;0.5597;3.26
5;1;1;1;1;1;1;0.5597;3.32
0;2;1;1;0;1;0;0.5597;3.38
0;2;1;1;0;0;1;0.5597;3.39
3;1;1;1;1;1;0;0.5597;3.72
0;0;1;1;1;0;0;0.5597;3.74
3;1;1;1;1;1;1;0.5597;3.74
3;1;1;1;1;0;1;0.5597;3.81
0;0;1;1;1;1;0;0.5597;3.97
5;0;1;1;1;0;0;0.5597;3.98
0;0;1;1;1;0;1;0.5597;4.07
0;1;1;1;1;0;1;0.5597;4.07
6;0;1;1;1;1;1;0.5597;4.11
5;0;1;1;1;0;1;0.5597;4.2
5;0;1;1;1;1;0;0.5597;4.21
0;0;1;1;1;1;1;0.5597;4.26
3;0;1;1;1;1;0;0.5597;4.31
6;1;1;1;1;1;1;0.5597;4.4
3;0;1;1;1;0;0;0.5597;4.42
3;1;1;1;1;0;0;0.5597;4.46
5;0;1;1;1;1;1;0.5597;4.52
3;0;1;1;1;0;1;0.5597;4.72
6;0;1;1;1;1;0;0.5597;4.99
5;0;2;2;0;1;0;0.5582;1.69
6;0;2;2;0;1;0;0.5582;1.71
6;0;2;2;1;1;0;0.5582;1.78
5;1;2;2;0;1;0;0.5582;1.82
5;0;2;2;0;1;1;0.5582;1.99
6;0;2;2;1;1;1;0.5582;2.03
5;1;2;2;0;1;1;0.5582;2.31
6;0;2;2;0;1;1;0.5582;2.47
0;0;2;2;1;1;0;0.5582;2.87
0;0;2;2;0;1;0;0.5582;3.12
5;0;2;2;1;1;0;0.5582;3.53
0;0;2;2;1;1;1;0.5582;3.55
5;1;2;2;1;1;0;0.5582;3.58
5;0;2;2;1;1;1;0.5582;3.59
5;1;2;2;1;1;1;0.5582;3.81
0;0;2;2;0;1;1;0.5582;3.91
0;1;1;1;0;0;0;0.555;0.99
0;1;1;1;0;1;0;0.555;1.03
0;1;1;1;0;0;1;0.555;1.21
0;1;1;1;0;1;1;0.555;1.74
6;1;1;1;0;1;1;0.555;2.14
6;1;1;1;0;1;0;0.555;2.21
6;1;1;1;0;0;0;0.555;2.44
6;1;1;1;0;0;1;0.555;2.51
0;4;2;1;1;0;0;0.5487;0.85
0;4;2;1;0;0;0;0.5487;0.88
0;4;2;1;1;0;1;0.5487;1.09
6;3;2;1;0;0;0;0.5487;1.09
0;4;2;1;0;0;1;0.5487;1.16
0;3;2;1;0;0;0;0.5487;1.6
0;3;2;1;1;0;0;0.5487;1.67
6;3;2;1;0;0;1;0.5487;1.69
6;3;2;1;1;0;0;0.5487;1.95
0;3;2;1;0;0;1;0.5487;2.06
0;3;2;1;1;0;1;0.5487;2.09
6;3;2;1;1;0;1;0.5487;2.49
6;4;2;1;0;0;0;0.5487;2.74
6;4;2;1;1;0;0;0.5487;2.8
6;4;2;1;1;0;1;0.5487;2.82
6;4;2;1;0;0;1;0.5487;3.54
5;3;1;1;1;0;0;0.5464;4.01
5;4;1;1;1;0;0;0.5464;4.1
5;3;1;1;1;0;1;0.5464;4.32
5;4;1;1;1;0;1;0.5464;4.33
4;4;1;2;0;1;0;0.5455;2.35
4;0;1;2;0;0;1;0.5455;2.52
4;5;1;2;0;1;1;0.5455;2.61
4;4;1;2;0;0;1;0.5455;2.92
4;4;1;2;0;1;1;0.5455;3.02
4;1;1;2;0;1;0;0.5455;3.25
3;4;1;2;1;0;1;0.5455;3.35
4;3;1;2;0;0;0;0.5455;3.48
4;3;1;2;0;1;0;0.5455;3.54
4;5;1;2;0;0;0;0.5455;3.55
4;5;1;2;0;1;0;0.5455;3.56
4;1;1;2;0;1;1;0.5455;3.58
4;0;1;2;0;0;0;0.5455;3.73
3;4;1;2;1;1;0;0.5455;3.83
3;3;1;2;1;1;1;0.5455;3.85
4;4;1;2;0;0;0;0.5455;3.87
4;5;1;2;0;0;1;0.5455;3.96
4;3;1;2;0;0;1;0.5455;3.97
4;3;1;2;0;1;1;0.5455;4.05
3;3;1;2;1;0;1;0.5455;4.06
3;3;1;2;1;0;0;0.5455;4.07
4;1;1;2;0;0;0;0.5455;4.09
4;0;1;2;0;1;0;0.5455;4.24
4;2;1;2;0;1;0;0.5455;4.24
4;0;1;2;0;1;1;0.5455;4.45
4;2;1;2;0;0;0;0.5455;4.56
4;1;1;2;0;0;1;0.5455;4.8
3;3;1;2;1;1;0;0.5455;4.84
4;2;1;2;0;1;1;0.5455;5.21
4;2;1;2;0;0;1;0.5455;5.23
3;4;1;2;1;0;0;0.5455;5.49
3;4;1;2;1;1;1;0.5455;6.21
6;3;1;1;1;0;0;0.5437;2.42
6;3;1;1;1;0;1;0.5437;2.53
6;4;1;1;1;0;0;0.5437;4.7
6;4;1;1;1;0;1;0.5437;4.77
2;0;3;2;1;0;1;0.5432;4.14
2;0;3;2;0;0;1;0.5432;6.72
2;0;3;2;1;0;0;0.5414;5.65
2;0;3;2;0;0;0;0.5414;5.67
3;2;2;0;1;0;0;0.5388;3.17
3;5;2;0;0;0;0;0.5388;3.17
3;5;2;0;1;0;0;0.5388;3.17
3;2;2;0;0;0;0;0.5388;3.19
3;5;2;0;0;1;0;0.5388;3.23
3;5;2;0;1;1;0;0.5388;3.29
3;2;2;0;0;1;0;0.5388;3.3
3;2;2;0;1;1;0;0.5388;3.3
3;2;2;0;1;0;1;0.5388;3.36
3;0;1;0;1;1;1;0.5388;3.37
3;5;2;0;1;0;1;0.5388;3.39
3;5;2;0;0;0;1;0.5388;3.4
3;5;2;0;0;1;1;0.5388;3.41
3;2;2;0;1;1;1;0.5388;3.43
3;5;2;0;1;1;1;0.5388;3.44
3;2;2;0;0;1;1;0.5388;3.47
3;2;2;0;0;0;1;0.5388;3.5
3;0;1;0;1;1;0;0.5388;3.67
3;0;1;0;1;0;1;0.5388;3.74
3;0;1;0;1;0;0;0.5388;4.12
3;1;1;0;1;0;0;0.5388;6.03
3;1;1;0;1;0;1;0.5388;6.21
3;1;1;0;1;1;0;0.5388;6.33
2;0;2;0;0;1;0;0.5388;6.86
2;0;2;0;1;1;0;0.5388;6.9
2;0;2;0;0;1;1;0.5388;6.97
3;1;1;0;1;1;1;0.5388;7.01
2;0;2;0;1;1;1;0.5388;7.13
1;2;2;1;0;0;0;0.5379;0.78
1;2;2;1;0;1;0;0.5379;0.83
1;2;2;1;0;0;1;0.5379;0.88
1;5;2;1;1;1;1;0.5379;0.88
1;5;2;1;1;0;0;0.5379;0.89
1;2;2;1;0;1;1;0.5379;0.91
1;5;2;1;0;0;1;0.5379;0.93
1;5;2;1;0;1;1;0.5379;0.93
1;2;2;1;1;1;1;0.5379;0.94
6;0;2;1;0;1;0;0.5379;0.98
1;2;2;1;1;1;0;0.5379;0.99
1;5;2;1;1;1;0;0.5379;1.0
5;1;2;1;1;1;0;0.5379;1.01
6;0;2;1;0;0;0;0.5379;1.02
6;0;2;1;0;0;1;0.5379;1.15
5;1;2;1;1;1;1;0.5379;1.19
6;0;2;1;1;1;1;0.5379;1.19
5;1;2;1;1;0;1;0.5379;1.21
1;5;2;1;1;0;1;0.5379;1.24
1;5;2;1;0;1;0;0.5379;1.26
1;2;2;1;1;0;0;0.5379;1.39
6;0;2;1;0;1;1;0.5379;1.39
6;0;2;1;1;1;0;0.5379;1.42
1;3;2;1;1;0;0;0.5379;1.44
5;1;2;1;1;0;0;0.5379;1.45
1;1;2;1;1;0;0;0.5379;1.46
1;3;2;1;0;0;0;0.5379;1.46
1;4;2;1;1;0;0;0.5379;1.46
1;5;2;1;0;0;0;0.5379;1.47
1;1;2;1;0;0;0;0.5379;1.49
6;0;2;1;1;0;1;0.5379;1.49
1;0;2;1;1;0;0;0.5379;1.51
1;1;2;1;1;1;0;0.5379;1.51
1;3;2;1;0;1;0;0.5379;1.51
1;4;2;1;1;1;0;0.5379;1.51
6;0;2;1;1;0;0;0.5379;1.51
1;0;2;1;0;1;0;0.5379;1.52
1;1;2;1;0;1;0;0.5379;1.52
1;4;2;1;0;0;0;0.5379;1.52
1;0;2;1;1;1;0;0.5379;1.54
1;3;2;1;1;1;0;0.5379;1.57
1;4;2;1;0;1;0;0.5379;1.61
5;0;2;1;0;0;0;0.5379;1.63
0;0;2;1;0;1;0;0.5379;1.64
1;4;2;1;1;0;1;0.5379;1.64
0;0;2;1;1;1;0;0.5379;1.65
1;3;2;1;0;0;1;0.5379;1.65
1;3;2;1;1;0;1;0.5379;1.65
1;1;2;1;0;0;1;0.5379;1.66
1;1;2;1;1;0;1;0.5379;1.66
1;0;2;1;0;0;1;0.5379;1.67
1;0;2;1;0;0;0;0.5379;1.68
1;3;2;1;0;1;1;0.5379;1.69
1;3;2;1;1;1;1;0.5379;1.69
1;4;2;1;0;1;1;0.5379;1.71
1;0;2;1;0;1;1;0.5379;1.72
1;1;2;1;0;1;1;0.5379;1.72
1;4;2;1;0;0;1;0.5379;1.72
1;0;2;1;1;1;1;0.5379;1.73
1;1;2;1;1;1;1;0.5379;1.8
5;0;2;1;1;0;0;0.5379;1.83
1;4;2;1;1;1;1;0.5379;1.87
5;1;2;1;0;0;0;0.5379;1.87
5;0;2;1;1;1;0;0.5379;1.89
0;0;2;1;1;0;0;0.5379;1.9
5;0;2;1;0;1;0;0.5379;1.9
0;0;2;1;0;0;0;0.5379;1.92
0;0;2;1;1;0;1;0.5379;1.96
0;0;2;1;0;1;1;0.5379;2.0
0;0;2;1;1;1;1;0.5379;2.0
1;0;2;1;1;0;1;0.5379;2.14
5;0;2;1;0;0;1;0.5379;2.17
5;0;2;1;1;0;1;0.5379;2.18
5;0;2;1;0;1;1;0.5379;2.23
5;0;2;1;1;1;1;0.5379;2.24
5;1;2;1;0;0;1;0.5379;2.52
5;1;2;1;0;1;0;0.5379;2.71
0;0;2;1;0;0;1;0.5379;2.72
5;1;2;1;0;1;1;0.5379;2.84
1;2;2;1;1;0;1;0.5379;2.89
0;5;1;2;1;0;0;0.5353;2.83
0;5;1;2;1;1;0;0.5353;2.97
6;2;1;2;1;0;0;0.5353;2.97
6;2;1;2;1;1;0;0.5353;2.98
0;5;1;2;1;0;1;0.5353;3.08
6;2;1;2;1;1;1;0.5353;3.43
6;2;1;2;1;0;1;0.5353;3.62
6;5;1;2;1;0;1;0.5353;3.65
6;5;1;2;1;1;0;0.5353;4.05
6;5;1;2;1;0;0;0.5353;4.78
6;5;1;2;1;1;1;0.5353;4.9
5;2;1;2;1;0;0;0.5353;5.11
0;2;1;2;1;1;0;0.5353;5.44
5;5;1;2;1;1;0;0.5353;5.52
5;2;1;2;1;1;0;0.5353;5.53
5;5;1;2;1;0;0;0.5353;5.7
0;2;1;2;1;1;1;0.5353;5.72
5;2;1;2;1;0;1;0.5353;5.75
0;5;1;2;1;1;1;0.5353;5.77
5;5;1;2;1;0;1;0.5353;5.93
5;2;1;2;1;1;1;0.5353;5.94
0;2;1;2;1;0;0;0.5353;5.98
5;5;1;2;1;1;1;0.5353;6.06
0;2;1;2;1;0;1;0.5353;6.12
0;3;1;1;1;0;0;0.5327;2.78
0;3;1;1;1;0;1;0.5327;2.85
0;4;1;1;1;0;0;0.5327;4.15
0;4;1;1;1;0;1;0.5327;4.42
6;3;1;0;1;0;1;0.5287;5.45
0;3;1;0;1;0;1;0.5287;5.79
6;4;1;0;1;0;1;0.5287;5.84
0;4;1;0;1;0;1;0.5287;5.87
5;4;2;1;0;0;1;0.5285;1.22
5;4;2;1;0;0;0;0.5285;1.44
5;3;2;1;1;0;0;0.5285;1.86
5;3;2;1;0;0;0;0.5285;1.88
5;4;2;1;1;0;0;0.5285;2.0
5;3;2;1;1;0;1;0.5285;2.3
5;3;2;1;0;0;1;0.5285;2.33
5;4;2;1;1;0;1;0.5285;2.34
1;5;2;2;1;0;0;0.5247;1.4
1;0;2;2;0;1;0;0.5247;1.43
1;5;2;2;0;0;0;0.5247;1.46
1;2;2;2;0;0;0;0.5247;1.47
1;1;2;2;1;1;0;0.5247;1.51
1;0;2;2;1;1;0;0.5247;1.52
1;5;2;2;0;1;0;0.5247;1.8
1;5;2;2;1;1;0;0.5247;1.84
1;3;2;2;1;0;0;0.5247;1.86
1;1;2;2;1;0;0;0.5247;2.07
1;0;2;2;1;0;0;0.5247;2.2
1;3;2;2;0;0;0;0.5247;2.67
1;4;2;2;1;0;0;0.5247;2.67
1;1;2;2;0;0;0;0.5247;2.7
1;2;2;2;1;1;0;0.5247;2.7
1;4;2;2;0;1;0;0.5247;2.71
1;1;2;2;0;1;0;0.5247;2.74
1;2;2;2;0;1;0;0.5247;2.75
1;3;2;2;0;1;0;0.5247;2.75
1;3;2;2;1;1;0;0.5247;2.82
1;2;2;2;1;0;0;0.5247;2.84
1;4;2;2;1;1;0;0.5247;2.89
1;4;2;2;0;0;0;0.5247;3.07
1;0;2;2;0;0;0;0.5247;3.25
4;0;2;1;1;0;0;0.5246;0.94
4;1;2;1;1;0;0;0.5246;0.95
4;0;2;1;0;0;0;0.5246;0.98
4;2;2;1;0;0;0;0.5246;0.98
4;1;2;1;0;0;0;0.5246;1.03
4;0;2;1;0;0;1;0.5246;1.09
4;0;2;1;1;0;1;0.5246;1.09
4;5;2;1;1;0;1;0.5246;1.1
4;3;2;1;1;0;1;0.5246;1.11
4;3;2;1;1;0;0;0.5246;1.16
4;5;2;1;1;0;0;0.5246;1.33
4;4;2;1;0;0;0;0.5246;1.37
4;2;2;1;0;0;1;0.5246;1.39
4;4;2;1;0;0;1;0.5246;1.5
4;1;2;1;1;0;1;0.5246;1.54
4;5;2;1;0;0;1;0.5246;1.74
4;3;2;1;0;0;0;0.5246;1.75
4;4;2;1;1;0;0;0.5246;1.78
4;5;2;1;0;0;0;0.5246;1.78
4;2;2;1;1;0;0;0.5246;1.79
4;3;2;1;0;0;1;0.5246;2.07
4;4;2;1;1;0;1;0.5246;2.08
4;2;2;1;1;0;1;0.5246;2.1
4;1;2;1;0;0;1;0.5246;2.54
2;4;4;2;1;0;1;0.523;7.19
2;4;5;2;0;1;1;0.523;7.39
2;3;4;2;1;1;1;0.523;10.48
2;3;4;2;1;0;1;0.523;10.51
2;4;4;2;1;1;1;0.523;10.53
2;3;5;2;0;0;1;0.523;11.4
2;3;5;2;0;1;1;0.523;11.68
2;4;5;2;0;0;1;0.523;11.69
4;5;1;2;1;0;0;0.523;3.34
4;5;1;2;1;1;1;0.523;4.69
4;4;1;2;1;1;1;0.523;4.74
4;3;1;2;1;0;0;0.523;5.4
4;4;1;2;1;0;1;0.523;5.75
4;3;1;2;1;0;1;0.523;6.02
4;0;1;2;1;0;0;0.523;6.08
4;4;1;2;1;1;0;0.523;6.27
4;0;1;2;1;1;0;0.523;6.28
4;1;1;2;1;0;0;0.523;6.34
4;3;1;2;1;1;0;0.523;6.36
4;1;1;2;1;1;0;0.523;6.44
4;4;1;2;1;0;0;0.523;6.45
4;5;1;2;1;1;0;0.523;6.54
4;0;1;2;1;0;1;0.523;6.62
4;1;1;2;1;0;1;0.523;6.65
4;1;1;2;1;1;1;0.523;6.79
4;3;1;2;1;1;1;0.523;6.86
4;0;1;2;1;1;1;0.523;6.87
4;2;1;2;1;0;0;0.523;7.05
4;5;1;2;1;0;1;0.523;7.12
4;2;1;2;1;1;0;0.523;7.52
4;2;1;2;1;1;1;0.523;7.84
4;2;1;2;1;0;1;0.523;7.87
2;0;4;2;0;1;0;0.5184;5.67
2;0;4;2;0;0;0;0.5184;8.28
2;0;4;2;0;0;1;0.5184;9.28
2;0;4;2;0;1;1;0.5184;11.18
1;2;2;0;0;1;0;0.5183;1.62
1;4;2;0;0;1;0;0.5183;1.66
1;0;2;0;0;1;0;0.5183;1.67
0;4;2;0;1;0;0;0.5183;1.72
0;4;2;0;0;0;0;0.5183;1.74
0;2;2;0;0;1;0;0.5183;1.75
3;0;1;0;0;0;0;0.5183;1.75
0;4;2;0;1;1;0;0.5183;1.76
0;5;2;0;1;0;0;0.5183;1.76
0;4;2;0;1;0;1;0.5183;1.79
0;4;2;0;0;0;1;0.5183;1.8
5;5;2;0;0;1;0;0.5183;1.82
6;2;2;0;1;0;0;0.5183;1.82
6;2;2;0;1;1;0;0.5183;1.82
6;3;2;0;0;1;0;0.5183;1.83
0;5;2;0;0;1;1;0.5183;1.84
5;5;2;0;1;1;0;0.5183;1.85
1;1;1;0;0;1;0;0.5183;1.86
6;3;2;0;1;0;0;0.5183;1.86
0;4;2;0;0;1;1;0.5183;1.89
6;5;1;0;0;0;0;0.5183;1.89
0;5;1;0;0;1;0;0.5183;1.91
3;0;1;0;0;0;1;0.5183;1.91
6;3;2;0;1;1;0;0.5183;1.92
1;2;1;0;0;1;1;0.5183;1.93
6;2;2;0;1;0;1;0.5183;1.95
5;5;2;0;1;0;1;0.5183;1.96
5;5;2;0;0;0;0;0.5183;1.97
0;5;1;0;0;1;1;0.5183;1.99
6;2;2;0;0;1;1;0.5183;1.99
6;3;2;0;1;0;1;0.5183;2.0
5;5;2;0;0;1;1;0.5183;2.01
6;2;1;0;0;1;0;0.5183;2.02
6;3;2;0;0;0;0;0.5183;2.03
1;5;2;0;0;1;0;0.5183;2.05
6;3;2;0;0;0;1;0.5183;2.05
0;2;2;0;0;0;0;0.5183;2.08
1;5;1;0;0;1;1;0.5183;2.08
6;2;2;0;0;1;0;0.5183;2.08
6;4;1;0;0;0;1;0.5183;2.11
6;4;2;0;0;1;1;0.5183;2.11
1;5;1;0;0;1;0;0.5183;2.13
1;0;2;0;0;1;1;0.5183;2.13
5;5;2;0;0;0;1;0.5183;2.13
5;5;1;0;0;0;1;0.5183;2.14
5;5;2;0;1;0;0;0.5183;2.14
6;5;1;0;0;0;1;0.5183;2.17
6;5;2;0;0;1;0;0.5183;2.19
6;5;2;0;0;1;1;0.5183;2.19
6;2;2;0;0;0;0;0.5183;2.22
6;4;1;0;0;1;0;0.5183;2.23
6;4;2;0;0;1;0;0.5183;2.23
6;3;1;0;0;1;0;0.5183;2.26
5;2;2;0;0;1;1;0.5183;2.3
0;4;2;0;0;1;0;0.5183;2.31
6;2;1;0;0;0;1;0.5183;2.4
3;0;1;0;0;1;0;0.5183;2.41
0;4;2;0;1;1;1;0.5183;2.42
5;2;2;0;0;0;1;0.5183;2.46
5;5;1;0;0;0;0;0.5183;2.48
5;2;2;0;1;0;0;0.5183;2.48
5;5;2;0;1;1;1;0.5183;2.49
6;4;1;0;0;0;0;0.5183;2.55
0;3;2;0;0;0;1;0.5183;2.56
6;3;1;0;0;0;0;0.5183;2.56
5;2;2;0;1;0;1;0.5183;2.59
6;2;2;0;0;0;1;0.5183;2.59
6;5;2;0;1;0;0;0.5183;2.6
6;2;1;0;0;1;1;0.5183;2.61
6;3;1;0;0;0;1;0.5183;2.62
1;5;2;0;0;1;1;0.5183;2.65
0;2;2;0;0;0;1;0.5183;2.68
0;5;2;0;1;0;1;0.5183;2.69
5;2;2;0;0;1;0;0.5183;2.69
6;2;2;0;1;1;1;0.5183;2.71
6;3;2;0;1;1;1;0.5183;2.71
6;3;2;0;0;1;1;0.5183;2.72
0;5;2;0;0;0;1;0.5183;2.74
5;5;1;0;0;1;0;0.5183;2.75
6;4;2;0;1;0;0;0.5183;2.77
1;2;2;0;0;1;1;0.5183;2.81
0;5;1;0;0;0;1;0.5183;2.84
0;5;2;0;0;0;0;0.5183;2.86
1;2;1;0;0;1;0;0.5183;2.88
3;0;1;0;0;1;1;0.5183;2.88
1;0;2;0;1;1;1;0.5183;2.89
5;2;1;0;0;1;1;0.5183;2.89
6;5;2;0;0;0;0;0.5183;2.9
1;1;1;0;0;1;1;0.5183;2.91
6;5;1;0;0;1;0;0.5183;2.95
6;3;1;0;0;1;1;0.5183;2.96
5;2;1;0;0;1;0;0.5183;2.97
6;2;1;0;0;0;0;0.5183;2.97
1;0;1;0;0;1;1;0.5183;2.99
6;4;1;0;0;1;1;0.5183;3.03
0;3;2;0;0;0;0;0.5183;3.05
5;2;2;0;0;0;0;0.5183;3.07
1;1;2;0;1;1;0;0.5183;3.09
1;3;2;0;1;1;0;0.5183;3.09
1;3;1;0;0;1;0;0.5183;3.1
1;1;2;0;0;1;0;0.5183;3.1
1;2;2;0;1;1;0;0.5183;3.1
1;3;2;0;0;1;0;0.5183;3.11
1;0;2;0;1;1;0;0.5183;3.12
1;4;2;0;1;1;0;0.5183;3.12
0;5;1;0;0;0;0;0.5183;3.14
0;2;2;0;1;0;0;0.5183;3.15
0;3;2;0;1;0;0;0.5183;3.15
3;0;2;0;1;0;0;0.5183;3.16
3;1;2;0;0;0;0;0.5183;3.17
3;1;2;0;1;0;0;0.5183;3.17
1;5;2;0;1;1;0;0.5183;3.19
3;0;2;0;1;1;0;0.5183;3.2
0;5;2;0;1;1;0;0.5183;3.22
0;2;2;0;1;1;0;0.5183;3.23
0;3;2;0;1;1;0;0.5183;3.23
0;5;2;0;0;1;0;0.5183;3.25
0;5;2;0;1;1;1;0.5183;3.25
3;0;2;0;0;1;0;0.5183;3.25
3;0;2;0;0;0;0;0.5183;3.26
1;3;2;0;0;1;1;0.5183;3.27
1;3;2;0;1;1;1;0.5183;3.27
1;4;1;0;0;1;0;0.5183;3.28
1;2;2;0;1;1;1;0.5183;3.28
3;1;2;0;0;1;0;0.5183;3.28
1;1;2;0;1;1;1;0.5183;3.29
3;1;2;0;1;1;0;0.5183;3.3
1;4;2;0;1;1;1;0.5183;3.31
1;1;2;0;0;1;1;0.5183;3.32
0;2;2;0;1;0;1;0.5183;3.33
0;3;2;0;0;1;0;0.5183;3.33
0;3;2;0;1;0;1;0.5183;3.34
1;5;2;0;1;1;1;0.5183;3.34
3;0;2;0;0;0;1;0.5183;3.36
3;1;2;0;0;0;1;0.5183;3.37
1;0;1;0;0;1;0;0.5183;3.38
0;2;2;0;1;1;1;0.5183;3.39
0;3;2;0;1;1;1;0.5183;3.4
3;1;2;0;1;0;1;0.5183;3.4
0;3;2;0;0;1;1;0.5183;3.41
3;0;2;0;0;1;1;0.5183;3.42
0;4;1;0;0;0;0;0.5183;3.43
3;0;2;0;1;0;1;0.5183;3.45
0;3;1;0;0;0;0;0.5183;3.46
0;2;1;0;0;0;0;0.5183;3.47
3;1;2;0;0;1;1;0.5183;3.48
0;3;1;0;0;1;0;0.5183;3.49
0;4;1;0;0;1;0;0.5183;3.49
3;0;2;0;1;1;1;0.5183;3.49
3;1;2;0;1;1;1;0.5183;3.49
0;2;2;0;0;1;1;0.5183;3.5
5;2;2;0;1;1;0;0.5183;3.5
3;1;1;0;0;1;0;0.5183;3.52
6;5;1;0;0;1;1;0.5183;3.52
0;2;1;0;0;1;0;0.5183;3.55
1;3;1;0;0;1;1;0.5183;3.59
1;4;1;0;0;1;1;0.5183;3.61
0;3;1;0;0;0;1;0.5183;3.65
3;1;1;0;0;0;1;0.5183;3.65
0;4;1;0;0;0;1;0.5183;3.66
0;3;1;0;0;1;1;0.5183;3.69
3;1;1;0;0;1;1;0.5183;3.71
0;4;1;0;0;1;1;0.5183;3.72
5;2;2;0;1;1;1;0.5183;3.73
6;4;2;0;0;0;1;0.5183;3.74
3;1;1;0;0;0;0;0.5183;3.78
1;4;2;0;0;1;1;0.5183;3.88
6;4;2;0;1;1;1;0.5183;3.9
0;2;1;0;0;0;1;0.5183;3.92
5;5;1;0;0;1;1;0.5183;3.93
6;4;2;0;1;0;1;0.5183;3.99
5;2;1;0;0;0;1;0.5183;4.01
0;2;1;0;0;1;1;0.5183;4.04
6;5;2;0;1;0;1;0.5183;4.15
6;5;2;0;1;1;0;0.5183;4.19
6;4;2;0;1;1;0;0.5183;4.2
6;5;2;0;0;0;1;0.5183;4.25
6;4;2;0;0;0;0;0.5183;4.29
6;5;2;0;1;1;1;0.5183;4.54
5;2;1;0;0;0;0;0.5183;4.9
0;1;1;0;0;0;0;0.5167;1.85
0;1;1;0;0;1;1;0.5167;1.98
0;1;1;0;0;1;0;0.5167;1.99
6;1;1;0;0;1;0;0.5167;2.02
6;1;1;0;0;0;1;0.5167;2.22
0;1;1;0;0;0;1;0.5167;2.44
6;1;1;0;0;0;0;0.5167;2.91
6;1;1;0;0;1;1;0.5167;3.13
4;1;2;0;0;0;0;0.5063;1.79
4;4;2;0;1;0;0;0.5063;1.84
4;0;2;0;0;0;0;0.5063;1.88
4;0;2;0;0;0;1;0.5063;1.91
4;5;2;0;1;0;0;0.5063;2.13
4;4;2;0;1;0;1;0.5063;2.17
4;2;2;0;1;0;1;0.5063;2.33
4;2;2;0;1;0;0;0.5063;2.34
4;1;2;0;0;0;1;0.5063;2.63
4;2;2;0;0;0;1;0.5063;2.97
4;5;2;0;0;0;1;0.5063;3.1
4;1;2;0;1;0;1;0.5063;3.26
4;0;2;0;1;0;0;0.5063;3.28
4;3;2;0;1;0;0;0.5063;3.32
4;5;2;0;0;0;0;0.5063;3.34
4;4;2;0;0;0;0;0.5063;3.42
4;2;2;0;0;0;0;0.5063;3.47
4;3;2;0;0;0;0;0.5063;3.47
4;3;2;0;1;0;1;0.5063;3.52
4;4;2;0;0;0;1;0.5063;3.52
4;5;2;0;1;0;1;0.5063;3.54
4;3;2;0;0;0;1;0.5063;3.57
4;1;2;0;1;0;0;0.5063;3.78
4;0;2;0;1;0;1;0.5063;4.58
5;0;2;2;0;0;1;0.5044;1.9
5;1;2;2;0;0;0;0.5044;2.05
5;1;2;2;1;0;0;0.5044;2.11
5;1;2;2;0;0;1;0.5044;2.29
5;0;2;2;1;0;0;0.5044;2.46
5;1;2;2;1;0;1;0.5044;2.67
5;0;2;2;0;0;0;0.5044;3.13
5;0;2;2;1;0;1;0.5044;3.62
2;3;4;1;0;1;1;0.5028;5.8
2;3;4;1;0;0;1;0.5028;7.1
2;4;4;1;0;1;1;0.5028;7.3
2;4;4;1;0;0;1;0.5028;7.89
1;4;3;2;1;0;1;0.5026;1.45
1;0;3;2;0;0;1;0.5026;1.5
1;5;3;2;1;0;1;0.5026;1.5
1;1;3;2;1;0;1;0.5026;1.51
1;3;3;2;1;0;1;0.5026;1.54
1;3;3;2;0;0;1;0.5026;1.76
1;0;3;2;1;0;1;0.5026;1.84
1;1;3;2;0;0;1;0.5026;1.86
1;2;3;2;0;0;1;0.5026;2.77
1;2;3;2;1;0;1;0.5026;2.8
1;4;3;2;0;0;1;0.5026;3.14
1;5;3;2;0;0;1;0.5026;3.61
1;3;3;2;1;0;0;0.5013;1.02
1;4;3;2;1;0;0;0.5013;1.02
1;1;3;2;1;0;0;0.5013;1.03
1;5;3;2;1;0;0;0.5013;1.03
1;0;3;2;1;0;0;0.5013;1.05
1;0;3;2;0;0;0;0.5013;1.11
1;1;3;2;0;0;0;0.5013;1.11
1;3;3;2;0;0;0;0.5013;1.78
1;2;3;2;0;0;0;0.5013;1.95
1;4;3;2;0;0;0;0.5013;1.98
1;2;3;2;1;0;0;0.5013;2.12
1;5;3;2;0;0;0;0.5013;2.41
3;1;2;1;0;1;0;0.4996;1.64
3;1;2;1;1;1;0;0.4996;1.75
3;1;2;1;0;1;1;0.4996;2.01
3;1;2;1;1;1;1;0.4996;2.08
2;4;5;2;1;1;1;0.4977;6.24
2;4;5;2;1;1;0;0.4977;7.43
2;4;5;2;1;0;0;0.4977;9.33
2;3;5;2;1;1;1;0.4977;9.59
2;4;5;1;1;0;0;0.4977;9.88
2;3;5;1;1;0;0;0.4977;9.93
2;4;5;1;1;1;0;0.4977;10.01
2;4;5;2;1;0;1;0.4977;10.08
2;3;5;1;1;0;1;0.4977;10.1
2;3;5;2;1;0;1;0.4977;10.11
2;3;5;2;1;1;0;0.4977;10.11
2;4;5;1;1;0;1;0.4977;10.11
2;4;5;1;1;1;1;0.4977;10.19
2;3;5;1;1;1;1;0.4977;10.35
2;3;5;2;1;0;0;0.4977;10.38
2;3;5;1;1;1;0;0.4977;10.81
6;1;1;0;1;0;0;0.4952;3.2
6;1;1;0;1;0;1;0.4952;3.77
6;0;1;0;1;0;0;0.4952;5.86
6;0;1;0;1;0;1;0.4952;6.14
2;1;4;1;0;0;1;0.495;4.71
2;1;4;1;0;0;0;0.495;5.95
2;1;4;1;0;1;0;0.495;7.22
2;1;4;1;0;1;1;0.495;7.53
3;5;2;1;0;0;0;0.4929;1.61
3;2;2;1;1;0;0;0.4929;1.62
3;5;2;1;1;0;0;0.4929;1.62
3;2;2;1;0;0;0;0.4929;1.63
3;5;2;1;0;0;1;0.4929;2.34
3;2;2;1;0;0;1;0.4929;2.35
3;2;2;1;1;0;1;0.4929;2.35
3;5;2;1;1;0;1;0.4929;2.39
1;0;3;1;1;0;0;0.492;0.99
1;3;3;1;1;0;0;0.492;1.08
1;2;3;1;1;0;0;0.492;1.15
1;3;3;1;0;0;0;0.492;1.19
1;0;3;1;1;0;1;0.492;1.4
1;2;3;1;0;0;0;0.492;1.52
1;5;3;1;0;0;0;0.492;1.52
1;3;3;1;1;0;1;0.492;1.53
1;5;3;1;1;0;0;0.492;1.53
1;1;3;1;1;0;0;0.492;1.56
1;4;3;1;1;0;0;0.492;1.56
1;0;3;1;0;0;0;0.492;1.61
1;4;3;1;0;0;0;0.492;1.62
1;1;3;1;0;0;0;0.492;1.63
1;2;3;1;1;0;1;0.492;2.31
1;2;3;1;0;0;1;0.492;2.41
1;4;3;1;0;0;1;0.492;2.41
1;4;3;1;1;0;1;0.492;2.41
1;5;3;1;0;0;1;0.492;2.41
1;3;3;1;0;0;1;0.492;2.43
1;5;3;1;1;0;1;0.492;2.43
1;1;3;1;1;0;1;0.492;2.44
1;1;3;1;0;0;1;0.492;2.5
1;0;3;1;0;0;1;0.492;2.53
0;1;2;2;1;1;1;0.4897;1.77
6;1;2;2;1;1;1;0.4897;1.98
0;1;2;2;0;1;0;0.4897;2.16
0;1;2;2;1;1;0;0.4897;2.17
0;1;2;2;0;0;0;0.4897;2.28
0;1;2;2;0;0;1;0.4897;3.02
0;1;2;2;1;0;1;0.4897;3.02
0;1;2;2;1;0;0;0.4897;3.13
6;1;2;2;1;1;0;0.4897;3.34
0;1;2;2;0;1;1;0.4897;3.52
6;1;2;2;1;0;0;0.4897;3.59
6;1;2;2;0;1;0;0.4897;3.84
6;1;2;2;0;0;1;0.4897;4.15
6;1;2;2;0;1;1;0.4897;4.16
6;1;2;2;0;0;0;0.4897;4.26
6;1;2;2;1;0;1;0.4897;4.51
1;1;1;2;0;0;0;0.4894;1.66
1;2;1;2;0;1;0;0.4894;1.83
1;1;1;2;0;0;1;0.4894;2.01
1;2;1;2;0;1;1;0.4894;2.04
1;1;1;2;0;1;0;0.4894;2.21
1;4;1;2;0;1;1;0.4894;2.31
1;3;1;2;0;0;0;0.4894;2.71
1;1;1;2;0;1;1;0.4894;3.09
1;0;1;2;0;0;0;0.4894;3.15
1;0;1;2;0;1;0;0.4894;3.19
1;4;1;2;0;0;0;0.4894;3.2
1;5;1;2;0;1;0;0.4894;3.21
1;2;1;2;0;0;0;0.4894;3.23
1;4;1;2;0;1;0;0.4894;3.3
1;5;1;2;0;0;0;0.4894;3.55
1;0;1;2;0;0;1;0.4894;3.79
1;5;1;2;0;1;1;0.4894;3.8
1;3;1;2;0;1;0;0.4894;3.82
1;0;1;2;0;1;1;0.4894;3.91
1;3;1;2;0;1;1;0.4894;3.91
1;4;1;2;0;0;1;0.4894;3.92
1;5;1;2;0;0;1;0.4894;3.93
1;3;1;2;0;0;1;0.4894;4.09
1;2;1;2;0;0;1;0.4894;4.21
0;1;2;0;1;1;1;0.481;1.9
0;1;2;0;0;1;1;0.481;2.25
0;1;2;0;0;0;0;0.481;3.37
0;1;2;0;1;0;0;0.481;3.64
0;1;2;0;1;0;1;0.481;3.87
6;1;2;0;0;0;0;0.481;3.88
0;1;2;0;0;0;1;0.481;4.03
6;1;2;0;1;0;0;0.481;4.14
6;1;2;0;1;1;1;0.481;4.14
0;1;2;0;1;1;0;0.481;4.34
6;1;2;0;0;1;0;0.481;4.34
6;1;2;0;1;1;0;0.481;4.58
0;1;2;0;0;1;0;0.481;4.85
6;1;2;0;1;0;1;0.481;5.28
6;1;2;0;0;0;1;0.481;5.83
6;1;2;0;0;1;1;0.481;6.07
2;4;4;2;1;0;0;0.4786;7.99
2;4;5;2;0;0;0;0.4786;8.76
2;3;4;2;1;1;0;0.4786;9.55
2;3;4;2;1;0;0;0.4786;9.64
2;4;5;2;0;1;0;0.4786;9.67
2;4;4;2;1;1;0;0.4786;9.75
2;3;5;2;0;0;0;0.4786;10.5
2;3;5;2;0;1;0;0.4786;10.66
3;3;2;2;1;1;1;0.4778;2.11
3;3;2;2;0;1;1;0.4778;3.5
3;4;2;2;1;1;1;0.4778;3.85
3;4;2;2;0;1;1;0.4778;3.9
4;5;1;0;0;0;0;0.4768;1.94
4;0;1;0;0;1;0;0.4768;1.96
4;0;1;0;0;0;1;0.4768;2.1
4;0;1;0;0;0;0;0.4768;2.46
4;0;1;0;0;1;1;0.4768;2.6
3;4;1;0;1;0;0;0.4768;3.32
3;3;1;0;1;1;1;0.4768;3.53
4;0;1;0;1;0;0;0.4768;3.56
4;2;1;0;0;0;0;0.4768;3.63
4;3;1;0;0;0;0;0.4768;3.63
4;1;1;0;0;0;0;0.4768;3.64
4;1;1;0;0;1;0;0.4768;3.67
4;2;1;0;0;1;0;0.4768;3.74
4;5;1;0;0;1;0;0.4768;3.74
4;4;1;0;0;0;0;0.4768;3.76
4;4;1;0;0;1;0;0.4768;3.84
6;3;1;0;1;1;1;0.4768;3.87
4;2;1;0;1;1;0;0.4768;3.93
4;4;1;0;0;0;1;0.4768;3.96
6;3;1;0;1;1;0;0.4768;3.97
4;5;1;0;0;0;1;0.4768;3.98
4;2;1;0;0;0;1;0.4768;3.99
4;3;1;0;0;1;1;0.4768;4.02
4;1;1;0;0;1;1;0.4768;4.03
4;2;1;0;0;1;1;0.4768;4.1
4;3;1;0;0;1;0;0.4768;4.11
4;5;1;0;0;1;1;0.4768;4.12
4;1;1;0;0;0;1;0.4768;4.27
4;3;1;0;0;0;1;0.4768;4.42
4;2;1;0;1;1;1;0.4768;4.75
3;3;1;0;1;1;0;0.4768;4.98
6;4;1;0;1;1;1;0.4768;5.04
4;4;1;0;1;1;0;0.4768;5.08
4;4;1;0;0;1;1;0.4768;5.18
4;4;1;0;1;0;1;0.4768;5.34
4;0;1;0;1;0;1;0.4768;5.4
3;3;1;0;1;0;0;0.4768;6.09
3;4;1;0;1;0;1;0.4768;6.22
3;4;1;0;1;1;0;0.4768;6.29
4;3;1;0;1;0;0;0.4768;6.32
3;3;1;0;1;0;1;0.4768;6.38
6;4;1;0;1;1;0;0.4768;6.45
4;2;1;0;1;0;0;0.4768;6.51
4;0;1;0;1;1;0;0.4768;6.53
4;5;1;0;1;1;0;0.4768;6.55
4;5;1;0;1;0;1;0.4768;6.68
4;0;1;0;1;1;1;0.4768;6.76
4;1;1;0;1;0;1;0.4768;6.79
3;4;1;0;1;1;1;0.4768;6.8
4;5;1;0;1;0;0;0.4768;6.85
4;4;1;0;1;1;1;0.4768;6.86
4;1;1;0;1;0;0;0.4768;6.94
4;5;1;0;1;1;1;0.4768;7.08
4;2;1;0;1;0;1;0.4768;7.15
4;1;1;0;1;1;1;0.4768;7.19
4;3;1;0;1;1;0;0.4768;7.27
4;3;1;0;1;0;1;0.4768;7.65
4;4;1;0;1;0;0;0.4768;7.99
4;3;1;0;1;1;1;0.4768;8.16
4;1;1;0;1;1;0;0.4768;8.5
3;2;2;1;0;1;0;0.4761;1.67
3;5;2;1;0;1;0;0.4761;1.68
3;5;2;1;1;1;0;0.4761;1.68
3;2;2;1;1;1;0;0.4761;1.75
3;5;2;1;0;1;1;0.4761;1.96
3;2;2;1;1;1;1;0.4761;1.97
3;5;2;1;1;1;1;0.4761;1.98
3;2;2;1;0;1;1;0.4761;1.99
0;3;1;0;1;0;0;0.4679;4.68
6;4;1;0;1;0;0;0.4679;4.97
0;4;1;0;1;0;0;0.4679;5.2
6;3;1;0;1;0;0;0.4679;5.88
4;2;2;0;0;1;0;0.4672;1.78
4;4;2;0;1;1;0;0.4672;1.78
4;0;2;0;0;1;0;0.4672;1.79
4;2;2;0;1;1;0;0.4672;1.8
4;5;2;0;0;1;0;0.4672;1.85
4;1;2;0;1;1;0;0.4672;1.86
4;2;2;0;0;1;1;0.4672;1.91
4;2;2;0;1;1;1;0.4672;1.94
4;1;2;0;1;1;1;0.4672;1.96
4;5;2;0;0;1;1;0.4672;1.96
4;0;2;0;1;1;0;0.4672;2.12
4;4;2;0;1;1;1;0.4672;2.16
4;0;2;0;1;1;1;0.4672;2.22
4;0;2;0;0;1;1;0.4672;2.33
4;4;2;0;0;1;1;0.4672;2.67
4;4;2;0;0;1;0;0.4672;3.35
4;5;2;0;1;1;0;0.4672;3.38
4;3;2;0;1;1;0;0.4672;3.39
4;3;2;0;0;1;0;0.4672;3.43
4;3;2;0;1;1;1;0.4672;3.59
4;3;2;0;0;1;1;0.4672;3.62
4;5;2;0;1;1;1;0.4672;3.65
4;1;2;0;0;1;0;0.4672;3.97
4;1;2;0;0;1;1;0.4672;4.65
1;0;1;0;1;0;0;0.4609;3.1
6;5;1;0;1;1;0;0.4609;3.19
1;0;1;0;1;1;0;0.4609;3.27
6;2;1;0;1;1;0;0.4609;3.47
1;2;1;0;1;1;0;0.4609;3.49
1;5;1;0;1;0;0;0.4609;3.64
1;1;1;0;1;0;0;0.4609;3.67
1;5;1;0;1;1;0;0.4609;3.71
1;0;1;0;1;0;1;0.4609;3.81
1;5;1;0;1;0;1;0.4609;3.85
1;0;1;0;1;1;1;0.4609;3.86
1;1;1;0;1;0;1;0.4609;3.92
1;1;1;0;1;1;0;0.4609;4.18
6;2;1;0;1;1;1;0.4609;4.36
1;2;1;0;1;1;1;0.4609;4.4
1;5;1;0;1;1;1;0.4609;4.43
6;5;1;0;1;1;1;0.4609;4.71
5;3;1;0;1;1;0;0.4609;5.09
5;4;1;0;1;1;0;0.4609;5.68
1;1;1;0;1;1;1;0.4609;5.69
1;3;1;0;1;0;0;0.4609;5.9
1;4;1;0;1;0;0;0.4609;5.94
1;2;1;0;1;0;1;0.4609;6.02
1;2;1;0;1;0;0;0.4609;6.22
1;4;1;0;1;1;0;0.4609;6.22
1;3;1;0;1;1;0;0.4609;6.27
1;4;1;0;1;0;1;0.4609;6.3
5;3;1;0;1;1;1;0.4609;6.46
1;4;1;0;1;1;1;0.4609;6.54
1;3;1;0;1;0;1;0.4609;6.57
5;4;1;0;1;1;1;0.4609;7.41
1;3;1;0;1;1;1;0.4609;8.95
2;3;4;2;0;0;1;0.4592;5.91
2;4;4;2;0;0;1;0.4592;5.93
2;3;4;2;0;1;1;0.4592;5.95
2;1;4;2;0;1;0;0.4592;6.91
2;3;4;2;0;1;0;0.4592;7.45
2;3;4;2;0;0;0;0.4592;8.45
2;1;4;2;0;1;1;0.4592;9.62
2;4;4;2;0;0;0;0.4592;9.73
2;1;4;2;0;0;0;0.4592;10.66
2;4;4;2;0;1;0;0.4592;10.72
2;4;4;2;0;1;1;0.4592;10.98
2;1;4;2;0;0;1;0.4592;11.0
1;2;2;0;0;0;0;0.4586;1.58
1;4;2;0;0;0;0;0.4586;1.58
1;2;2;0;0;0;1;0.4586;1.73
1;4;2;0;0;0;1;0.4586;1.73
1;0;2;0;0;0;1;0.4586;1.8
1;0;2;0;0;0;0;0.4586;2.27
1;1;2;0;0;0;0;0.4586;2.62
1;5;2;0;0;0;0;0.4586;2.72
1;4;2;0;1;0;0;0.4586;2.99
1;3;2;0;0;0;0;0.4586;3.0
1;1;2;0;1;0;0;0.4586;3.02
1;5;2;0;1;0;0;0.4586;3.03
1;3;2;0;1;0;0;0.4586;3.05
1;0;2;0;1;0;0;0.4586;3.09
1;2;2;0;1;0;0;0.4586;3.19
1;1;2;0;1;0;1;0.4586;3.3
1;3;2;0;0;0;1;0.4586;3.3
1;2;2;0;1;0;1;0.4586;3.33
1;3;2;0;1;0;1;0.4586;3.35
1;5;2;0;1;0;1;0.4586;3.35
1;5;2;0;0;0;1;0.4586;3.36
1;4;2;0;1;0;1;0.4586;3.38
1;1;2;0;0;0;1;0.4586;3.41
1;0;2;0;1;0;1;0.4586;3.72
2;5;4;2;0;1;0;0.4543;5.76
2;2;4;2;0;0;1;0.4543;6.16
2;2;4;2;0;0;0;0.4543;6.23
2;5;4;2;0;1;1;0.4543;6.29
2;5;4;2;0;0;0;0.4543;6.8
2;5;4;2;0;0;1;0.4543;7.06
2;2;4;2;0;1;0;0.4543;7.87
2;2;4;2;0;1;1;0.4543;11.21
3;3;2;0;0;1;0;0.4543;1.7
3;3;2;0;1;1;0;0.4543;1.7
3;4;2;0;0;0;0;0.4543;1.7
3;3;2;0;0;0;0;0.4543;1.73
0;0;1;0;0;0;0;0.4543;1.8
0;0;2;0;1;1;0;0.4543;1.85
5;4;2;0;1;1;0;0.4543;1.85
3;4;2;0;1;1;0;0.4543;1.9
5;4;2;0;1;0;0;0.4543;1.91
6;0;2;0;1;1;0;0.4543;2.04
5;1;2;0;1;1;0;0.4543;2.05
5;4;2;0;1;0;1;0.4543;2.1
3;3;2;0;1;1;1;0.4543;2.18
3;3;2;0;0;0;1;0.4543;2.23
0;0;2;0;1;1;1;0.4543;2.24
5;1;2;0;1;0;1;0.4543;2.27
5;1;2;0;1;0;0;0.4543;2.28
6;0;2;0;1;1;1;0.4543;2.36
3;3;2;0;1;0;1;0.4543;2.42
0;0;1;0;0;0;1;0.4543;2.48
6;0;2;0;1;0;1;0.4543;2.6
5;3;2;0;0;0;1;0.4543;2.63
5;4;2;0;1;1;1;0.4543;2.72
3;3;1;0;0;0;0;0.4543;2.82
3;4;2;0;0;0;1;0.4543;2.88
3;4;2;0;1;0;1;0.4543;2.89
3;4;1;0;0;0;0;0.4543;3.03
5;3;1;0;0;1;0;0.4543;3.03
5;0;2;0;1;1;1;0.4543;3.06
3;3;2;0;0;1;1;0.4543;3.08
3;4;2;0;1;0;0;0.4543;3.14
0;0;2;0;0;0;0;0.4543;3.17
0;0;2;0;1;0;0;0.4543;3.17
5;3;1;0;0;1;1;0.4543;3.18
5;0;2;0;1;0;0;0.4543;3.2
0;0;2;0;0;1;0;0.4543;3.22
3;4;2;0;0;1;0;0.4543;3.23
3;3;2;0;1;0;0;0.4543;3.28
5;4;2;0;0;1;1;0.4543;3.29
5;0;2;0;0;0;0;0.4543;3.43
5;0;2;0;1;1;0;0.4543;3.43
5;3;2;0;1;0;0;0.4543;3.43
6;0;2;0;1;0;0;0.4543;3.43
5;0;2;0;0;1;0;0.4543;3.44
5;4;2;0;0;0;0;0.4543;3.45
5;3;1;0;0;0;1;0.4543;3.46
5;1;2;0;0;0;0;0.4543;3.48
0;0;2;0;1;0;1;0.4543;3.49
6;0;2;0;0;1;0;0.4543;3.49
3;4;2;0;1;1;1;0.4543;3.5
5;4;2;0;0;1;0;0.4543;3.5
5;3;2;0;1;1;0;0.4543;3.51
0;0;1;0;0;1;0;0.4543;3.54
3;3;1;0;0;1;0;0.4543;3.56
3;4;2;0;0;1;1;0.4543;3.56
5;1;2;0;0;1;0;0.4543;3.6
0;0;2;0;0;1;1;0.4543;3.61
5;0;2;0;0;1;1;0.4543;3.64
5;4;1;0;0;0;0;0.4543;3.66
3;4;1;0;0;1;0;0.4543;3.69
5;3;2;0;0;1;0;0.4543;3.72
5;4;1;0;0;1;0;0.4543;3.74
6;0;1;0;0;0;0;0.4543;3.74
6;0;1;0;0;1;0;0.4543;3.74
0;0;2;0;0;0;1;0.4543;3.75
5;0;1;0;0;1;0;0.4543;3.76
5;1;1;0;0;1;0;0.4543;3.78
5;1;2;0;1;1;1;0.4543;3.8
6;0;2;0;0;1;1;0.4543;3.84
0;0;1;0;0;1;1;0.4543;3.85
5;0;1;0;0;0;0;0.4543;3.85
5;3;2;0;1;1;1;0.4543;3.86
3;3;1;0;0;1;1;0.4543;3.88
5;0;2;0;1;0;1;0.4543;3.88
5;3;2;0;0;1;1;0.4543;3.89
5;1;1;0;0;0;0;0.4543;3.9
3;3;1;0;0;0;1;0.4543;3.91
3;4;1;0;0;0;1;0.4543;3.92
5;3;1;0;0;0;0;0.4543;3.95
5;0;2;0;0;0;1;0.4543;3.96
3;4;1;0;0;1;1;0.4543;3.97
5;1;2;0;0;0;1;0.4543;3.97
5;1;2;0;0;1;1;0.4543;3.97
5;4;2;0;0;0;1;0.4543;3.98
5;3;2;0;1;0;1;0.4543;4.01
5;4;1;0;0;1;1;0.4543;4.08
5;4;1;0;0;0;1;0.4543;4.1
6;0;1;0;0;0;1;0.4543;4.15
6;0;2;0;0;0;0;0.4543;4.2
5;1;1;0;0;0;1;0.4543;4.24
5;1;1;0;0;1;1;0.4543;4.34
6;0;1;0;0;1;1;0.4543;4.44
5;0;1;0;0;1;1;0.4543;4.45
6;0;2;0;0;0;1;0.4543;4.45
5;0;1;0;0;0;1;0.4543;4.67
5;3;2;0;0;0;0;0.4543;5.35
2;5;4;2;1;0;1;0.451;6.9
2;0;5;2;0;0;1;0.451;6.95
2;0;4;2;1;1;1;0.451;7.37
2;0;4;2;1;0;1;0.451;7.38
2;2;4;2;1;1;1;0.451;8.28
2;5;5;2;0;1;1;0.451;8.65
2;1;4;2;1;0;1;0.451;9.15
2;0;5;2;0;1;1;0.451;9.27
2;2;4;2;1;0;1;0.451;9.29
2;5;4;2;1;1;1;0.451;9.37
2;1;4;2;1;1;1;0.451;10.24
2;1;5;2;0;0;1;0.451;11.06
2;2;5;2;0;0;1;0.451;11.21
2;1;5;2;0;1;1;0.451;11.25
2;2;5;2;0;1;1;0.451;11.26
2;5;5;2;0;0;1;0.451;11.43
6;0;2;2;1;0;0;0.4425;1.66
0;0;2;2;1;0;1;0.4425;1.95
6;0;2;2;0;0;0;0.4425;2.08
6;0;2;2;0;0;1;0.4425;2.26
0;0;2;2;0;0;0;0.4425;2.93
0;0;2;2;0;0;1;0.4425;3.28
6;0;2;2;1;0;1;0.4425;3.49
0;0;2;2;1;0;0;0.4425;4.78
3;3;2;1;0;0;0;0.4391;0.89
3;3;2;1;0;0;1;0.4391;1.17
3;1;2;1;1;0;0;0.4391;1.59
3;1;2;1;0;0;0;0.4391;1.6
3;0;2;1;1;0;0;0.4391;1.61
3;0;2;1;0;0;0;0.4391;1.62
3;0;2;1;0;1;0;0.4391;1.64
3;4;2;1;1;0;0;0.4391;1.64
3;0;2;1;1;1;0;0.4391;1.65
3;4;2;1;0;0;0;0.4391;1.66
3;4;2;1;0;1;0;0.4391;1.69
3;4;2;1;1;1;0;0.4391;1.69
3;3;2;1;0;1;0;0.4391;1.7
3;3;2;1;1;0;0;0.4391;1.74
3;3;2;1;1;1;0;0.4391;1.75
3;0;2;1;0;0;1;0.4391;1.9
3;4;2;1;1;0;1;0.4391;1.9
3;0;2;1;1;0;1;0.4391;1.92
3;3;2;1;1;0;1;0.4391;1.92
3;0;2;1;1;1;1;0.4391;1.95
3;1;2;1;1;0;1;0.4391;1.95
3;4;2;1;0;0;1;0.4391;1.96
3;0;2;1;0;1;1;0.4391;1.97
3;1;2;1;0;0;1;0.4391;1.98
3;4;2;1;1;1;1;0.4391;1.98
3;4;2;1;0;1;1;0.4391;2.0
3;3;2;1;0;1;1;0.4391;2.02
3;3;2;1;1;1;1;0.4391;2.14
4;4;2;1;0;1;0;0.4388;0.99
4;5;2;1;0;1;0;0.4388;0.99
4;3;2;1;1;1;0;0.4388;1.04
4;5;2;1;1;1;0;0.4388;1.08
4;3;2;1;1;1;1;0.4388;1.15
4;5;2;1;0;1;1;0.4388;1.19
4;0;2;1;0;1;0;0.4388;1.23
4;0;2;1;0;1;1;0.4388;1.27
4;0;2;1;1;1;0;0.4388;1.3
4;5;2;1;1;1;1;0.4388;1.43
4;4;2;1;0;1;1;0.4388;1.53
4;0;2;1;1;1;1;0.4388;1.78
4;2;2;1;1;1;0;0.4388;1.84
4;4;2;1;1;1;0;0.4388;1.86
4;2;2;1;0;1;0;0.4388;1.88
4;3;2;1;0;1;0;0.4388;1.89
4;1;2;1;1;1;1;0.4388;1.94
4;2;2;1;0;1;1;0.4388;2.14
4;1;2;1;0;1;0;0.4388;2.16
4;4;2;1;1;1;1;0.4388;2.17
4;2;2;1;1;1;1;0.4388;2.2
4;3;2;1;0;1;1;0.4388;2.22
4;1;2;1;1;1;0;0.4388;2.47
4;1;2;1;0;1;1;0.4388;2.7
3;3;2;2;0;0;1;0.4385;2.3
3;3;2;2;1;0;1;0.4385;3.21
3;4;2;2;0;0;1;0.4385;3.61
3;4;2;2;1;0;1;0.4385;3.63
1;0;3;0;0;0;0;0.4378;1.6
1;4;3;0;0;0;0;0.4378;1.64
1;5;3;0;0;0;0;0.4378;1.65
1;4;3;0;1;0;0;0.4378;1.69
1;0;3;0;1;0;0;0.4378;1.71
1;2;3;0;0;0;0;0.4378;1.72
1;1;3;0;0;0;1;0.4378;1.8
1;4;3;0;0;0;1;0.4378;1.81
1;4;3;0;1;0;1;0.4378;1.89
1;0;3;0;0;0;1;0.4378;1.91
1;1;3;0;1;0;1;0.4378;1.93
1;1;3;0;1;0;0;0.4378;1.96
1;5;3;0;1;0;0;0.4378;1.96
1;5;3;0;0;0;1;0.4378;2.06
1;5;3;0;1;0;1;0.4378;2.1
1;2;3;0;1;0;0;0.4378;2.2
1;1;3;0;0;0;0;0.4378;2.69
1;0;3;0;1;0;1;0.4378;2.98
1;3;3;0;0;0;0;0.4378;3.02
1;3;3;0;1;0;0;0.4378;3.16
1;2;3;0;0;0;1;0.4378;3.37
1;2;3;0;1;0;1;0.4378;3.37
1;3;3;0;1;0;1;0.4378;3.54
1;3;3;0;0;0;1;0.4378;3.75
4;1;2;2;0;0;1;0.4359;1.91
4;4;2;2;0;0;1;0.4359;2.1
4;3;2;2;1;0;1;0.4359;2.25
4;3;2;2;0;1;1;0.4359;2.31
4;4;2;2;1;0;1;0.4359;2.32
4;5;2;2;0;0;1;0.4359;2.36
4;1;2;2;0;1;1;0.4359;2.46
4;5;2;2;1;1;1;0.4359;2.65
4;4;2;2;1;1;1;0.4359;2.79
4;4;2;2;0;1;1;0.4359;2.91
4;5;2;2;0;1;1;0.4359;3.02
4;0;2;2;0;0;1;0.4359;3.11
4;0;2;2;1;1;1;0.4359;3.31
4;0;2;2;0;1;1;0.4359;3.35
4;0;2;2;1;0;1;0.4359;3.43
4;2;2;2;0;0;1;0.4359;3.58
4;2;2;2;1;0;1;0.4359;3.58
4;2;2;2;0;1;1;0.4359;3.61
4;2;2;2;1;1;1;0.4359;3.62
4;3;2;2;1;1;1;0.4359;3.65
4;3;2;2;0;0;1;0.4359;3.72
4;5;2;2;1;0;1;0.4359;3.77
4;1;2;2;1;1;1;0.4359;4.4
4;1;2;2;1;0;1;0.4359;4.49
2;5;4;1;0;0;0;0.4337;3.74
2;2;4;1;1;0;1;0.4337;4.09
2;5;4;1;0;1;1;0.4337;4.27
2;5;4;1;0;1;0;0.4337;4.32
2;5;4;1;0;0;1;0.4337;4.47
2;5;4;1;1;1;0;0.4337;4.6
2;0;4;1;1;1;1;0.4337;4.61
2;0;4;1;1;1;0;0.4337;4.94
2;2;4;1;1;1;0;0.4337;5.08
2;5;5;1;0;1;0;0.4337;5.11
2;5;4;1;1;1;1;0.4337;5.18
2;1;5;1;0;1;1;0.4337;5.45
2;0;5;1;1;0;0;0.4337;5.46
2;5;4;1;1;0;0;0.4337;5.52
2;2;4;1;0;0;0;0.4337;5.69
2;0;4;1;1;0;1;0.4337;5.86
2;0;4;1;1;0;0;0.4337;6.01
2;2;4;1;1;1;1;0.4337;6.02
2;0;5;2;1;0;1;0.4337;6.14
2;2;4;1;0;0;1;0.4337;6.15
2;0;5;1;0;0;1;0.4337;6.35
2;0;5;2;1;0;0;0.4337;6.46
2;1;5;1;0;1;0;0.4337;6.54
2;5;5;1;0;1;1;0.4337;6.54
2;0;4;1;0;1;1;0.4337;6.61
2;2;4;1;1;0;0;0.4337;6.64
2;0;4;1;0;1;0;0.4337;6.89
2;0;5;1;0;0;0;0.4337;6.9
2;2;5;1;1;0;1;0.4337;6.96
2;5;5;1;0;0;1;0.4337;6.97
2;0;4;1;0;0;0;0.4337;7.02
2;5;5;1;1;1;0;0.4337;7.03
2;0;4;1;0;0;1;0.4337;7.18
2;2;4;1;0;1;0;0.4337;7.18
2;0;5;1;0;1;0;0.4337;7.3
2;5;5;2;1;0;1;0.4337;7.42
2;0;5;1;0;1;1;0.4337;7.5
2;2;4;1;0;1;1;0.4337;7.52
2;5;4;1;1;0;1;0.4337;7.55
2;1;5;1;1;0;0;0.4337;7.55
2;1;4;1;1;0;0;0.4337;7.56
2;1;4;1;1;0;1;0.4337;7.75
2;1;4;1;1;1;0;0.4337;7.84
2;1;4;1;1;1;1;0.4337;7.9
2;5;5;1;0;0;0;0.4337;8.05
2;1;5;1;0;0;0;0.4337;8.5
2;0;5;1;1;0;1;0.4337;8.52
2;2;5;1;0;0;0;0.4337;8.79
2;2;5;1;0;1;0;0.4337;8.82
2;5;5;1;1;1;1;0.4337;8.86
2;1;5;1;0;0;1;0.4337;8.97
2;2;5;1;0;0;1;0.4337;8.98
2;2;5;1;0;1;1;0.4337;9.06
2;5;5;2;1;1;1;0.4337;9.63
2;0;5;2;1;1;0;0.4337;9.69
2;5;5;2;1;1;0;0.4337;9.73
2;1;5;2;1;0;0;0.4337;9.8
2;1;5;2;1;1;0;0.4337;9.98
2;0;5;1;1;1;0;0.4337;9.99
2;1;5;2;1;0;1;0.4337;10.04
2;2;5;1;1;0;0;0.4337;10.05
2;1;5;1;1;1;0;0.4337;10.09
2;2;5;2;1;0;0;0.4337;10.11
2;1;5;1;1;1;1;0.4337;10.12
2;1;5;1;1;0;1;0.4337;10.15
2;5;5;2;1;0;0;0.4337;10.15
2;5;5;1;1;0;1;0.4337;10.17
2;1;5;2;1;1;1;0.4337;10.19
2;0;5;1;1;1;1;0.4337;10.25
2;0;5;2;1;1;1;0.4337;10.25
2;2;5;1;1;1;0;0.4337;10.27
2;2;5;2;1;0;1;0.4337;10.32
2;2;5;2;1;1;0;0.4337;10.4
2;2;5;1;1;1;1;0.4337;10.55
2;5;5;1;1;0;0;0.4337;10.55
2;2;5;2;1;1;1;0.4337;10.57
6;5;2;2;1;0;1;0.4323;2.05
0;4;2;2;0;1;1;0.4323;2.09
6;5;2;2;1;1;1;0.4323;2.23
0;4;2;2;0;0;1;0.4323;2.26
0;4;2;2;1;0;1;0.4323;2.39
0;2;2;2;0;1;1;0.4323;2.4
5;5;2;2;0;1;1;0.4323;2.56
5;5;2;2;1;1;1;0.4323;2.6
6;2;2;2;1;0;1;0.4323;2.65
6;5;2;2;0;1;1;0.4323;2.73
0;3;2;2;0;0;1;0.4323;2.76
6;5;2;2;0;0;1;0.4323;2.76
6;3;2;2;0;0;1;0.4323;2.97
5;5;2;2;0;0;1;0.4323;3.18
0;3;2;2;1;1;1;0.4323;3.34
0;2;2;2;1;1;1;0.4323;3.58
0;4;2;2;1;1;1;0.4323;3.68
0;5;2;2;0;1;1;0.4323;3.7
0;5;2;2;1;1;1;0.4323;3.71
6;4;2;2;1;1;1;0.4323;3.71
0;5;2;2;1;0;1;0.4323;3.74
5;5;2;2;1;0;1;0.4323;3.75
0;5;2;2;0;0;1;0.4323;3.85
6;4;2;2;1;0;1;0.4323;3.89
0;2;2;2;1;0;1;0.4323;3.95
6;2;2;2;0;0;1;0.4323;4.07
6;4;2;2;0;1;1;0.4323;4.08
0;3;2;2;1;0;1;0.4323;4.12
0;3;2;2;0;1;1;0.4323;4.28
6;2;2;2;0;1;1;0.4323;4.3
6;3;2;2;0;1;1;0.4323;4.45
0;2;2;2;0;0;1;0.4323;4.57
6;4;2;2;0;0;1;0.4323;4.69
6;3;2;2;1;0;1;0.4323;4.72
5;2;2;2;0;0;1;0.4323;5.12
6;2;2;2;1;1;1;0.4323;5.14
6;3;2;2;1;1;1;0.4323;5.23
5;2;2;2;0;1;1;0.4323;6.19
5;2;2;2;1;0;1;0.4323;6.28
5;2;2;2;1;1;1;0.4323;6.95
2;3;4;1;0;1;0;0.4286;4.13
2;3;4;1;0;0;0;0.4286;4.4
2;4;4;1;0;0;0;0.4286;7.23
2;4;4;1;0;1;0;0.4286;7.28
3;0;2;2;0;0;1;0.4234;3.78
3;0;2;2;1;0;1;0.4234;3.81
3;1;2;2;1;0;1;0.4234;3.83
3;1;2;2;0;0;1;0.4234;3.88
3;1;2;2;0;1;1;0.4234;3.89
3;0;2;2;1;1;1;0.4234;3.9
3;1;2;2;1;1;1;0.4234;3.91
3;0;2;2;0;1;1;0.4234;3.93
3;3;2;2;1;1;0;0.4229;1.56
3;3;2;2;0;1;0;0.4229;2.52
3;4;2;2;1;1;0;0.4229;2.97
3;4;2;2;0;1;0;0.4229;3.1
2;4;4;1;1;0;0;0.4195;5.01
2;4;4;1;1;1;0;0.4195;5.71
2;4;4;1;1;0;1;0.4195;5.8
2;3;4;1;1;1;0;0.4195;6.01
2;3;4;1;1;0;0;0.4195;7.96
2;3;4;1;1;1;1;0.4195;7.99
2;4;5;1;0;0;0;0.4195;8.84
2;3;4;1;1;0;1;0.4195;9.1
2;4;5;1;0;1;0;0.4195;9.11
2;3;5;1;0;1;0;0.4195;9.17
2;3;5;1;0;0;0;0.4195;9.33
2;3;5;1;0;0;1;0.4195;9.36
2;4;5;1;0;1;1;0.4195;9.5
2;4;4;1;1;1;1;0.4195;9.58
2;3;5;1;0;1;1;0.4195;10.4
2;4;5;1;0;0;1;0.4195;10.45
1;0;1;0;0;0;0;0.4179;1.74
1;4;1;0;0;0;0;0.4179;1.75
1;4;1;0;0;0;1;0.4179;1.85
1;5;1;0;0;0;1;0.4179;2.38
1;1;1;0;0;0;1;0.4179;2.55
1;3;1;0;0;0;1;0.4179;3.04
1;1;1;0;0;0;0;0.4179;3.32
1;3;1;0;0;0;0;0.4179;3.35
1;5;1;0;0;0;0;0.4179;3.51
1;0;1;0;0;0;1;0.4179;3.53
1;2;1;0;0;0;0;0.4179;3.6
1;2;1;0;0;0;1;0.4179;3.86
2;0;2;0;1;0;0;0.4179;6.69
2;0;2;0;0;0;0;0.4179;6.77
2;0;2;0;1;0;1;0.4179;6.95
2;0;2;0;0;0;1;0.4179;7.0
0;5;2;1;0;0;1;0.4081;1.21
0;5;2;1;1;0;1;0.4081;1.22
0;5;2;1;0;1;1;0.4081;1.32
6;2;2;1;0;1;1;0.4081;1.38
0;2;2;1;0;0;1;0.4081;1.52
6;2;2;1;1;0;1;0.4081;1.84
6;5;2;1;1;1;1;0.4081;2.11
0;2;2;1;1;0;1;0.4081;2.24
0;2;2;1;0;1;1;0.4081;2.33
0;5;2;1;1;1;1;0.4081;2.37
0;2;2;1;1;1;1;0.4081;2.41
6;5;2;1;1;0;1;0.4081;2.71
6;5;2;1;0;0;1;0.4081;2.72
6;5;2;1;0;1;1;0.4081;2.82
6;2;2;1;0;0;1;0.4081;2.99
6;2;2;1;1;1;1;0.4081;3.43
2;0;2;1;0;0;0;0.4041;5.12
2;0;2;1;1;0;0;0.4041;5.15
2;0;2;1;1;1;0;0.4041;5.22
2;0;2;1;0;1;0;0.4041;5.24
2;0;2;1;1;0;1;0.4041;5.52
2;0;2;1;0;0;1;0.4041;5.57
2;0;2;1;1;1;1;0.4041;5.65
2;0;2;1;0;1;1;0.4041;5.71
3;2;2;2;1;1;0;0.3941;1.52
3;2;2;2;1;0;1;0.3941;1.72
3;2;2;2;0;1;1;0.3941;1.79
3;2;2;2;0;1;0;0.3941;1.85
3;5;2;2;1;1;1;0.3941;1.9
3;2;2;2;1;0;0;0.3941;2.49
3;2;2;2;1;1;1;0.3941;2.62
3;2;2;2;0;0;0;0.3941;2.79
3;5;2;2;1;0;0;0.3941;2.83
3;5;2;2;1;1;0;0.3941;2.83
3;5;2;2;0;0;0;0.3941;3.13
3;5;2;2;1;0;1;0.3941;3.21
3;2;2;2;0;0;1;0.3941;3.22
3;5;2;2;0;1;1;0.3941;3.31
3;5;2;2;0;1;0;0.3941;3.32
3;5;2;2;0;0;1;0.3941;3.4
5;5;2;1;0;1;0;0.3909;1.06
5;5;2;1;1;0;0;0.3909;1.17
5;5;2;1;0;0;1;0.3909;1.18
5;5;2;1;0;1;1;0.3909;1.24
5;5;2;1;0;0;0;0.3909;1.56
5;5;2;1;1;1;0;0.3909;1.93
5;5;2;1;1;0;1;0.3909;2.15
5;2;2;1;0;0;1;0.3909;2.19
5;2;2;1;0;0;0;0.3909;2.26
5;5;2;1;1;1;1;0.3909;2.37
5;2;2;1;1;1;0;0.3909;2.74
5;2;2;1;1;0;0;0.3909;3.64
5;2;2;1;0;1;1;0.3909;3.67
5;2;2;1;1;0;1;0.3909;4.05
5;2;2;1;1;1;1;0.3909;4.44
5;2;2;1;0;1;0;0.3909;5.11
5;4;2;2;1;1;0;0.3891;1.67
5;4;2;2;0;1;1;0.3891;2.1
5;3;2;2;0;1;0;0.3891;2.13
5;4;2;2;0;1;0;0.3891;2.21
5;4;2;2;1;1;1;0.3891;2.67
5;3;2;2;0;1;1;0.3891;2.68
5;3;2;2;1;1;0;0.3891;3.36
5;3;2;2;1;1;1;0.3891;4.08
4;1;2;2;1;0;0;0.3883;1.59
4;5;2;2;0;0;0;0.3883;1.59
4;4;2;2;1;1;0;0.3883;1.62
4;4;2;2;0;1;0;0.3883;1.66
4;5;2;2;0;1;0;0.3883;1.71
4;1;2;2;0;1;0;0.3883;1.72
4;4;2;2;0;0;0;0.3883;1.72
4;3;2;2;1;0;0;0.3883;1.76
4;3;2;2;0;0;0;0.3883;1.85
4;1;2;2;0;0;0;0.3883;2.02
4;3;2;2;1;1;0;0.3883;2.17
4;4;2;2;1;0;0;0.3883;2.21
4;0;2;2;0;1;0;0.3883;2.35
4;0;2;2;0;0;0;0.3883;2.5
4;0;2;2;1;0;0;0.3883;2.62
4;5;2;2;1;1;0;0.3883;2.86
4;5;2;2;1;0;0;0.3883;2.99
4;2;2;2;1;0;0;0.3883;3.01
4;2;2;2;1;1;0;0.3883;3.06
4;2;2;2;0;1;0;0.3883;3.07
4;3;2;2;0;1;0;0.3883;3.07
4;2;2;2;0;0;0;0.3883;3.1
4;0;2;2;1;1;0;0.3883;3.19
4;1;2;2;1;1;0;0.3883;3.67
2;1;4;2;1;0;0;0.3836;4.81
2;2;4;2;1;0;0;0.3836;5.06
2;5;4;2;1;1;0;0.3836;5.9
2;5;4;2;1;0;0;0.3836;6.25
2;0;5;2;0;1;0;0.3836;6.66
2;0;4;2;1;1;0;0.3836;6.8
2;1;4;2;1;1;0;0.3836;6.91
2;5;5;2;0;0;0;0.3836;8.09
2;0;4;2;1;0;0;0.3836;8.55
2;2;4;2;1;1;0;0.3836;9.29
2;1;5;2;0;1;0;0.3836;10.06
2;1;5;2;0;0;0;0.3836;10.34
2;2;5;2;0;0;0;0.3836;10.37
2;2;5;2;0;1;0;0.3836;10.42
2;0;5;2;0;0;0;0.3836;10.44
2;5;5;2;0;1;0;0.3836;10.98
3;3;2;2;1;0;0;0.381;2.15
3;3;2;2;0;0;0;0.381;2.93
3;4;2;2;0;0;0;0.381;3.0
3;4;2;2;1;0;0;0.381;3.01
0;4;2;2;1;0;0;0.3763;1.55
5;5;2;2;1;0;0;0.3763;1.65
6;5;2;2;1;0;0;0.3763;1.71
6;3;2;2;0;0;0;0.3763;1.73
6;2;2;2;1;1;0;0.3763;1.74
0;4;2;2;0;1;0;0.3763;1.87
0;4;2;2;0;0;0;0.3763;1.99
0;2;2;2;1;0;0;0.3763;2.33
6;5;2;2;1;1;0;0.3763;2.35
0;4;2;2;1;1;0;0.3763;2.42
0;3;2;2;0;1;0;0.3763;2.59
0;2;2;2;0;1;0;0.3763;2.7
0;3;2;2;0;0;0;0.3763;2.72
5;5;2;2;0;1;0;0.3763;2.77
0;2;2;2;0;0;0;0.3763;2.89
6;5;2;2;0;0;0;0.3763;2.93
0;5;2;2;1;1;0;0.3763;2.94
0;3;2;2;1;1;0;0.3763;2.95
0;5;2;2;0;1;0;0.3763;2.95
0;5;2;2;1;0;0;0.3763;3.15
0;5;2;2;0;0;0;0.3763;3.17
6;4;2;2;1;0;0;0.3763;3.18
6;5;2;2;0;1;0;0.3763;3.19
5;2;2;2;0;1;0;0.3763;3.2
0;3;2;2;1;0;0;0.3763;3.24
0;2;2;2;1;1;0;0.3763;3.26
5;5;2;2;0;0;0;0.3763;3.32
6;2;2;2;0;1;0;0.3763;3.35
5;5;2;2;1;1;0;0.3763;3.37
6;3;2;2;0;1;0;0.3763;3.49
6;4;2;2;0;1;0;0.3763;3.8
6;4;2;2;1;1;0;0.3763;3.92
6;2;2;2;1;0;0;0.3763;3.99
5;2;2;2;1;1;0;0.3763;4.06
6;2;2;2;0;0;0;0.3763;4.1
6;3;2;2;1;0;0;0.3763;4.39
5;2;2;2;1;0;0;0.3763;5.02
6;3;2;2;1;1;0;0.3763;5.27
5;2;2;2;0;0;0;0.3763;5.37
6;4;2;2;0;0;0;0.3763;5.54
0;1;1;0;1;1;0;0.3742;3.29
5;1;1;0;1;1;1;0.3742;3.65
0;1;1;0;1;0;1;0.3742;4.0
0;1;1;0;1;1;1;0.3742;4.38
5;0;1;0;1;0;0;0.3742;4.47
0;1;1;0;1;0;0;0.3742;4.74
5;1;1;0;1;0;0;0.3742;5.07
0;0;1;0;1;0;0;0.3742;5.42
5;0;1;0;1;1;1;0.3742;5.42
0;0;1;0;1;1;0;0.3742;5.52
0;0;1;0;1;0;1;0.3742;5.63
5;1;1;0;1;1;0;0.3742;5.71
5;0;1;0;1;1;0;0.3742;5.87
0;0;1;0;1;1;1;0.3742;6.2
5;0;1;0;1;0;1;0.3742;6.33
5;1;1;0;1;0;1;0.3742;6.42
2;0;2;2;1;1;0;0.3717;3.65
2;0;2;2;1;0;1;0.3717;4.37
2;0;2;2;0;1;0;0.3717;5.23
2;0;2;2;0;1;1;0.3717;5.54
2;0;2;2;1;0;0;0.3717;5.85
2;0;2;2;1;1;1;0.3717;5.89
2;0;2;2;0;0;0;0.3717;6.45
2;0;2;2;0;0;1;0.3717;7.51
0;5;2;1;1;0;0;0.3674;0.88
0;5;2;1;0;1;0;0.3674;0.94
6;2;2;1;0;0;0;0.3674;0.97
6;2;2;1;1;0;0;0.3674;1.04
0;5;2;1;1;1;0;0.3674;1.07
0;5;2;1;0;0;0;0.3674;1.52
0;2;2;1;0;0;0;0.3674;1.57
0;2;2;1;1;0;0;0.3674;1.57
0;2;2;1;0;1;0;0.3674;1.7
0;2;2;1;1;1;0;0.3674;1.72
6;5;2;1;1;1;0;0.3674;1.82
6;5;2;1;1;0;0;0.3674;1.99
6;2;2;1;0;1;0;0.3674;2.01
6;5;2;1;0;1;0;0.3674;2.08
6;5;2;1;0;0;0;0.3674;2.21
6;2;2;1;1;1;0;0.3674;2.56
6;1;1;2;0;0;0;0.3642;1.89
0;1;1;2;0;0;1;0.3642;2.05
0;1;1;2;0;1;0;0.3642;2.1
6;1;1;2;0;0;1;0.3642;2.24
0;1;1;2;0;0;0;0.3642;2.88
6;1;1;2;0;1;0;0.3642;3.68
0;1;1;2;0;1;1;0.3642;3.74
6;1;1;2;0;1;1;0.3642;3.9
5;4;1;2;1;1;1;0.3642;4.03
5;4;1;2;1;0;0;0.3642;5.37
5;3;1;2;1;0;0;0.3642;5.42
5;4;1;2;1;1;0;0.3642;5.55
5;3;1;2;1;1;0;0.3642;5.57
5;4;1;2;1;0;1;0.3642;5.62
5;3;1;2;1;0;1;0.3642;5.67
5;3;1;2;1;1;1;0.3642;5.83
5;4;2;2;1;0;0;0.3605;1.65
5;3;2;2;1;0;0;0.3605;1.66
5;3;2;2;0;0;0;0.3605;1.73
5;4;2;2;0;0;1;0.3605;2.05
5;4;2;2;1;0;1;0.3605;2.3
5;3;2;2;0;0;1;0.3605;2.43
5;4;2;2;0;0;0;0.3605;2.74
5;3;2;2;1;0;1;0.3605;3.7
3;0;2;2;0;0;0;0.3602;2.85
3;1;2;2;0;0;0;0.3602;2.9
3;1;2;2;1;0;0;0.3602;2.91
3;1;2;2;1;1;0;0.3602;2.95
3;1;2;2;0;1;0;0.3602;2.97
3;0;2;2;1;0;0;0.3602;2.98
3;0;2;2;1;1;0;0.3602;3.0
3;0;2;2;0;1;0;0.3602;3.05
6;5;1;0;1;0;0;0.354;2.95
6;5;1;0;1;0;1;0.354;3.4
6;2;1;0;1;0;0;0.354;3.48
5;3;1;0;1;0;0;0.354;4.33
5;3;1;0;1;0;1;0.354;4.93
6;2;1;0;1;0;1;0.354;5.47
5;4;1;0;1;0;0;0.354;5.54
5;4;1;0;1;0;1;0.354;5.91
1;3;1;2;1;1;0;0.3502;3.15
1;1;1;2;1;0;0;0.3502;3.24
1;1;1;2;1;1;0;0.3502;3.32
1;1;1;2;1;0;1;0.3502;3.52
1;1;1;2;1;1;1;0.3502;3.55
1;2;1;2;1;0;0;0.3502;3.81
1;3;1;2;1;1;1;0.3502;4.03
1;5;1;2;1;1;0;0.3502;4.1
1;5;1;2;1;1;1;0.3502;4.27
1;3;1;2;1;0;1;0.3502;4.35
1;4;1;2;1;0;0;0.3502;5.23
1;4;1;2;1;1;0;0.3502;5.49
1;3;1;2;1;0;0;0.3502;5.7
1;5;1;2;1;0;0;0.3502;5.8
1;2;1;2;1;1;0;0.3502;5.84
1;2;1;2;1;0;1;0.3502;5.85
1;0;1;2;1;1;0;0.3502;5.87
1;4;1;2;1;0;1;0.3502;6.0
1;0;1;2;1;0;0;0.3502;6.18
1;0;1;2;1;1;1;0.3502;6.31
1;5;1;2;1;0;1;0.3502;6.62
1;2;1;2;1;1;1;0.3502;6.67
1;4;1;2;1;1;1;0.3502;6.71
1;0;1;2;1;0;1;0.3502;6.75
5;1;1;2;0;0;0;0.3348;1.89
5;1;1;2;0;0;1;0.3348;2.2
5;1;1;2;0;1;0;0.3348;3.09
5;0;1;2;0;0;0;0.3348;3.65
5;0;1;2;0;1;0;0.3348;3.73
5;0;1;2;0;0;1;0.3348;4.15
5;0;1;2;0;1;1;0.3348;4.25
5;1;1;2;0;1;1;0.3348;4.44
3;3;1;1;0;0;0;0.3247;0.98
3;3;1;1;0;1;0;0.3247;1.03
4;0;1;1;0;1;0;0.3247;1.12
4;5;1;1;0;1;0;0.3247;1.12
5;3;1;1;0;1;0;0.3247;1.15
4;2;1;1;0;1;0;0.3247;1.16
4;3;1;1;0;0;0;0.3247;1.49
3;3;1;1;0;1;1;0.3247;1.55
4;2;1;1;0;1;1;0.3247;1.64
3;3;1;1;0;0;1;0.3247;1.78
4;3;1;1;0;0;1;0.3247;1.83
5;4;1;1;0;1;0;0.3247;1.83
3;4;1;1;0;0;0;0.3247;1.89
4;0;1;1;0;1;1;0.3247;1.96
4;4;1;1;0;0;0;0.3247;2.05
4;3;1;1;0;1;0;0.3247;2.14
4;5;1;1;0;0;0;0.3247;2.14
4;5;1;1;0;1;1;0.3247;2.14
4;1;1;1;0;0;0;0.3247;2.16
5;4;1;1;0;0;0;0.3247;2.16
4;0;1;1;0;0;0;0.3247;2.17
4;1;1;1;0;1;0;0.3247;2.2
3;4;1;1;0;1;0;0.3247;2.22
5;4;1;1;0;0;1;0.3247;2.24
3;3;1;1;1;0;0;0.3247;2.29
5;3;1;1;0;0;0;0.3247;2.29
4;2;1;1;0;0;1;0.3247;2.3
1;5;1;1;1;1;0;0.3247;2.37
1;1;1;1;1;0;0;0.3247;2.38
1;3;1;1;1;1;0;0.3247;2.38
4;4;1;1;0;1;0;0.3247;2.38
4;2;1;1;0;0;0;0.3247;2.4
3;4;1;1;0;0;1;0.3247;2.44
4;4;1;1;1;0;0;0.3247;2.47
4;0;1;1;1;0;0;0.3247;2.48
4;4;1;1;0;1;1;0.3247;2.48
4;0;1;1;1;1;0;0.3247;2.56
4;0;1;1;0;0;1;0.3247;2.57
5;3;1;1;0;1;1;0.3247;2.64
1;5;1;1;1;1;1;0.3247;2.7
1;0;1;1;1;0;0;0.3247;2.72
4;4;1;1;0;0;1;0.3247;2.73
1;5;1;1;1;0;0;0.3247;2.75
4;5;1;1;0;0;1;0.3247;2.77
3;4;1;1;0;1;1;0.3247;2.79
1;3;1;1;1;1;1;0.3247;2.82
4;1;1;1;0;0;1;0.3247;2.87
4;1;1;1;0;1;1;0.3247;2.95
1;0;1;1;1;1;0;0.3247;2.96
5;3;1;1;0;0;1;0.3247;2.97
1;0;1;1;1;1;1;0.3247;2.98
4;0;1;1;1;0;1;0.3247;3.01
1;0;1;1;1;0;1;0.3247;3.04
4;2;1;1;1;0;0;0.3247;3.04
4;2;1;1;1;0;1;0.3247;3.07
1;3;1;1;1;0;1;0.3247;3.1
1;1;1;1;1;0;1;0.3247;3.25
5;4;1;1;0;1;1;0.3247;3.26
4;2;1;1;1;1;0;0.3247;3.28
1;3;1;1;1;0;0;0.3247;3.49
1;5;1;1;1;0;1;0.3247;3.49
1;1;1;1;1;1;1;0.3247;3.56
4;5;1;1;1;0;0;0.3247;3.88
1;4;1;1;1;0;0;0.3247;4.06
1;2;1;1;1;0;0;0.3247;4.3
3;4;1;1;1;0;0;0.3247;4.39
4;3;1;1;0;1;1;0.3247;4.42
1;4;1;1;1;1;0;0.3247;4.47
4;3;1;1;1;0;1;0.3247;4.47
1;2;1;1;1;1;0;0.3247;4.51
1;1;1;1;1;1;0;0.3247;4.54
1;4;1;1;1;0;1;0.3247;4.57
3;4;1;1;1;1;0;0.3247;4.6
3;3;1;1;1;1;0;0.3247;4.61
4;5;1;1;1;1;0;0.3247;4.74
4;1;1;1;1;0;0;0.3247;4.86
4;3;1;1;1;1;0;0.3247;4.91
4;3;1;1;1;0;0;0.3247;4.96
4;1;1;1;1;1;0;0.3247;4.97
1;2;1;1;1;1;1;0.3247;5.08
1;4;1;1;1;1;1;0.3247;5.1
1;2;1;1;1;0;1;0.3247;5.2
3;3;1;1;1;0;1;0.3247;5.23
4;0;1;1;1;1;1;0.3247;5.25
3;4;1;1;1;0;1;0.3247;5.38
4;4;1;1;1;1;1;0.3247;5.43
4;5;1;1;1;0;1;0.3247;5.48
3;3;1;1;1;1;1;0.3247;5.64
3;4;1;1;1;1;1;0.3247;5.66
4;3;1;1;1;1;1;0.3247;5.71
4;5;1;1;1;1;1;0.3247;5.74
4;2;1;1;1;1;1;0.3247;5.77
4;1;1;1;1;0;1;0.3247;5.87
4;1;1;1;1;1;1;0.3247;5.98
4;4;1;1;1;0;1;0.3247;6.15
4;4;1;1;1;1;0;0.3247;6.59
6;1;1;2;1;0;0;0.2997;5.55
6;1;1;2;1;1;0;0.2997;5.99
6;1;1;2;1;1;1;0.2997;6.48
6;1;1;2;1;0;1;0.2997;7.73
2;3;5;0;1;0;1;0.2986;8.72
2;3;5;0;1;1;0;0.2986;9.94
2;3;5;0;1;1;1;0.2986;10.2
2;4;5;0;1;0;0;0.2986;13.6
2;4;5;0;1;1;0;0.2986;13.9
2;3;5;0;1;0;0;0.2986;14.18
2;4;5;0;1;0;1;0.2986;14.26
2;4;5;0;1;1;1;0.2986;14.47
6;0;1;2;1;1;1;0.2973;5.69
6;0;1;2;1;0;0;0.2973;6.17
6;0;1;2;1;1;0;0.2973;6.24
6;0;1;2;1;0;1;0.2973;6.8
5;2;1;0;1;0;1;0.2971;3.18
0;5;1;0;1;0;1;0.2971;3.2
0;5;1;0;1;1;0;0.2971;3.34
0;5;1;0;1;0;0;0.2971;3.65
0;5;1;0;1;1;1;0.2971;3.66
5;2;1;0;1;1;1;0.2971;3.81
5;2;1;0;1;0;0;0.2971;3.99
5;2;1;0;1;1;0;0.2971;5.36
0;2;1;0;1;1;0;0.2971;5.39
0;2;1;0;1;0;0;0.2971;5.63
5;5;1;0;1;0;0;0.2971;5.74
5;5;1;0;1;1;0;0.2971;5.91
5;5;1;0;1;0;1;0.2971;6.05
0;2;1;0;1;0;1;0.2971;6.09
0;2;1;0;1;1;1;0.2971;6.18
5;5;1;0;1;1;1;0.2971;6.2
2;1;4;0;1;1;0;0.2922;5.11
2;5;4;0;1;1;0;0.2922;5.62
2;1;4;0;1;0;1;0.2922;5.8
2;5;5;0;0;0;0;0.2922;5.9
2;5;5;0;0;1;1;0.2922;6.0
2;1;4;0;1;0;0;0.2922;6.07
2;2;4;0;1;1;0;0.2922;6.07
2;3;4;0;1;1;1;0.2922;6.17
2;5;5;0;0;1;0;0.2922;6.5
2;5;4;0;1;0;0;0.2922;6.65
2;3;4;0;1;0;0;0.2922;7.16
2;2;4;0;1;0;1;0.2922;7.61
2;0;4;0;1;0;1;0.2922;7.93
2;5;5;0;0;0;1;0.2922;8.09
2;5;4;0;1;0;1;0.2922;8.25
2;2;4;0;1;1;1;0.2922;8.49
2;2;4;0;1;0;0;0.2922;8.53
2;1;5;0;0;0;1;0.2922;8.6
2;3;5;0;0;1;1;0.2922;8.64
2;4;5;0;0;0;0;0.2922;8.64
2;3;4;0;1;1;0;0.2922;8.69
2;5;4;0;1;1;1;0.2922;8.94
2;0;4;0;1;0;0;0.2922;9.45
2;4;4;0;1;0;0;0.2922;9.47
2;3;4;0;1;0;1;0.2922;9.48
2;4;4;0;1;0;1;0.2922;9.52
2;4;4;0;1;1;0;0.2922;9.59
2;1;5;0;0;0;0;0.2922;9.62
2;0;4;0;1;1;0;0.2922;9.68
2;4;4;0;1;1;1;0.2922;9.88
2;0;4;0;1;1;1;0.2922;10.1
2;3;5;0;0;1;0;0.2922;10.25
2;1;4;0;1;1;1;0.2922;10.31
2;3;5;0;0;0;0;0.2922;10.59
2;0;5;0;0;0;0;0.2922;10.63
2;2;5;0;0;1;0;0.2922;10.71
2;2;5;0;0;0;1;0.2922;10.79
2;4;5;0;0;1;0;0.2922;10.79
2;0;5;0;0;1;0;0.2922;10.85
2;0;5;0;0;0;1;0.2922;10.86
2;1;5;0;0;1;0;0.2922;10.86
2;2;5;0;0;1;1;0.2922;10.91
2;4;5;0;0;1;1;0.2922;10.96
2;1;5;0;0;1;1;0.2922;11.07
2;2;5;0;0;0;0;0.2922;11.09
2;4;5;0;0;0;1;0.2922;11.2
2;3;5;0;0;0;1;0.2922;11.34
2;0;5;0;0;1;1;0.2922;12.15
3;2;1;2;0;1;0;0.2915;1.73
3;2;1;2;0;0;0;0.2915;1.83
3;1;1;2;0;0;0;0.2915;1.85
3;1;1;2;0;1;0;0.2915;1.85
6;3;1;2;0;1;0;0.2915;1.88
5;5;1;2;0;0;0;0.2915;1.97
5;2;1;2;0;1;0;0.2915;2.19
3;2;1;2;0;0;1;0.2915;2.32
3;1;1;2;0;1;1;0.2915;2.35
3;1;1;2;0;0;1;0.2915;2.43
5;2;1;2;0;0;1;0.2915;2.48
5;2;1;2;0;1;1;0.2915;2.69
3;0;1;2;0;0;0;0.2915;2.72
6;3;1;2;0;1;1;0.2915;3.15
3;5;1;2;0;0;0;0.2915;3.18
5;5;1;2;0;0;1;0.2915;3.2
5;2;1;2;0;0;0;0.2915;3.21
3;1;1;2;1;0;0;0.2915;3.25
3;1;1;2;1;1;0;0.2915;3.3
0;3;1;2;0;0;0;0.2915;3.31
0;4;1;2;0;0;0;0.2915;3.33
0;3;1;2;0;1;0;0.2915;3.34
3;5;1;2;0;1;0;0.2915;3.34
0;4;1;2;0;1;0;0.2915;3.4
3;0;1;2;0;1;0;0.2915;3.41
6;4;1;2;0;0;0;0.2915;3.57
6;4;1;2;0;1;0;0.2915;3.62
3;0;1;2;0;0;1;0.2915;3.69
5;5;1;2;0;1;0;0.2915;3.7
6;3;1;2;0;0;0;0.2915;3.7
3;2;1;2;1;0;1;0.2915;3.75
0;4;1;2;0;1;1;0.2915;3.82
3;2;1;2;1;0;0;0.2915;4.01
3;1;1;2;1;0;1;0.2915;4.24
6;3;1;2;0;0;1;0.2915;4.26
3;1;1;2;1;1;1;0.2915;4.31
3;5;1;2;0;0;1;0.2915;4.33
3;5;1;2;0;1;1;0.2915;4.36
0;4;1;2;0;0;1;0.2915;4.46
0;3;1;2;0;1;1;0.2915;4.49
3;2;1;2;0;1;1;0.2915;4.49
3;0;1;2;0;1;1;0.2915;4.5
0;3;1;2;0;0;1;0.2915;4.57
6;4;1;2;0;0;1;0.2915;4.72
5;5;1;2;0;1;1;0.2915;4.85
6;4;1;2;0;1;1;0.2915;5.23
3;0;1;2;1;0;0;0.2915;5.86
3;5;1;2;1;0;0;0.2915;5.96
3;2;1;2;1;1;0;0.2915;5.98
3;5;1;2;1;1;0;0.2915;6.16
3;0;1;2;1;1;0;0.2915;6.39
3;2;1;2;1;1;1;0.2915;6.82
3;0;1;2;1;0;1;0.2915;6.93
3;5;1;2;1;0;1;0.2915;6.96
3;5;1;2;1;1;1;0.2915;7.06
3;0;1;2;1;1;1;0.2915;7.15
2;0;4;0;0;0;0;0.2604;6.34
2;1;4;0;0;1;1;0.2604;6.62
2;3;4;0;0;1;1;0.2604;6.63
2;1;4;0;0;1;0;0.2604;7.36
2;0;4;0;0;1;0;0.2604;7.79
2;1;4;0;0;0;1;0.2604;7.86
2;3;4;0;0;0;0;0.2604;8.39
2;0;4;0;0;0;1;0.2604;9.06
2;0;5;0;1;0;1;0.2604;9.93
2;3;4;0;0;0;1;0.2604;9.94
2;0;4;0;0;1;1;0.2604;10.09
2;1;4;0;0;0;0;0.2604;10.09
2;4;4;0;0;0;0;0.2604;10.77
2;4;4;0;0;1;0;0.2604;11.07
2;4;4;0;0;0;1;0.2604;11.23
2;3;4;0;0;1;0;0.2604;11.26
2;4;4;0;0;1;1;0.2604;11.36
2;0;5;0;1;1;0;0.2604;11.94
2;0;5;0;1;1;1;0.2604;12.22
2;0;5;0;1;0;0;0.2604;12.45
2;1;5;0;1;0;1;0.2604;13.67
2;1;5;0;1;0;0;0.2604;14.14
2;1;5;0;1;1;0;0.2604;14.33
2;1;5;0;1;1;1;0.2604;14.83
2;5;5;0;1;1;0;0.2339;7.79
2;5;5;0;1;0;0;0.2339;9.9
2;5;5;0;1;1;1;0.2339;10.31
2;5;5;0;1;0;1;0.2339;10.48
2;2;5;0;1;0;0;0.2339;13.28
2;2;5;0;1;1;0;0.2339;13.56
2;2;5;0;1;0;1;0.2339;13.73
2;2;5;0;1;1;1;0.2339;13.79
2;5;4;0;0;1;1;0.2334;6.62
2;5;4;0;0;1;0;0.2334;9.92
2;2;4;0;0;0;0;0.2334;10.74
2;5;4;0;0;0;0;0.2334;10.83
2;2;4;0;0;1;0;0.2334;11.05
2;2;4;0;0;0;1;0.2334;11.36
2;5;4;0;0;0;1;0.2334;11.5
2;2;4;0;0;1;1;0.2334;11.62
